500	150	1	1	100000
0	80	713	6	1228	1761	213	-1	1	-1
1	306	559	-6	981	2468	179	0	-1
2	40	429	9	2222	3266	157	-1	3	-1
3	49	446	-9	3248	3893	206	2	-1
4	701	340	8	578	1183	152	-1	5	-1
5	968	422	-8	761	2045	221	4	-1
6	71	718	15	3328	4748	134	-1	7	-1
7	300	572	-15	4169	4971	137	6	-1
8	443	550	16	2118	3119	220	-1	9	-1
9	386	514	-16	1489	2565	144	8	-1
10	968	422	6	2798	3904	182	-1	11	-1
11	945	373	-6	3333	4264	123	10	-1
12	932	397	9	1173	2150	219	-1	13	-1
13	719	359	-9	2861	4223	114	12	-1
14	629	781	14	960	1761	207	-1	15	-1
15	666	761	-14	3677	4365	160	14	-1
16	943	396	16	1840	2935	225	-1	17	-1
17	701	348	-16	2542	3423	202	16	-1
18	708	360	17	1608	3076	230	-1	19	-1
19	984	353	-17	3216	3727	248	18	-1
20	52	448	18	668	1763	247	-1	21	-1
21	280	449	-18	3997	4827	219	20	-1
22	306	559	11	1065	2043	124	-1	23	-1
23	81	713	-11	1605	2173	215	22	-1
24	32	428	12	1412	2897	120	-1	25	-1
25	51	450	-12	1704	3138	133	24	-1
26	330	468	11	3086	4369	203	-1	27	-1
27	443	537	-11	3065	4458	107	26	-1
28	923	371	13	2166	3007	157	-1	29	-1
29	937	392	-13	1878	3113	213	28	-1
30	700	350	18	1426	2632	192	-1	31	-1
31	688	353	-18	3669	4890	103	30	-1
32	941	387	15	957	1691	117	-1	33	-1
33	703	348	-15	1487	2706	206	32	-1
34	705	315	16	127	1075	137	-1	35	-1
35	948	361	-16	3083	4222	205	34	-1
36	388	491	8	2125	3215	240	-1	37	-1
37	319	544	-8	1775	3162	240	36	-1
38	638	783	6	1698	2223	116	-1	39	-1
39	641	772	-6	3146	4162	163	38	-1
40	966	374	17	137	1212	110	-1	41	-1
41	942	387	-17	1846	2748	185	40	-1
42	166	735	15	632	2098	204	-1	43	-1
43	306	560	-15	1443	2349	148	42	-1
44	699	355	12	1051	2416	161	-1	45	-1
45	678	395	-12	2363	3074	139	44	-1
46	925	382	9	1696	3085	123	-1	47	-1
47	967	419	-9	3545	4350	152	46	-1
48	969	418	17	408	1350	177	-1	49	-1
49	942	387	-17	1021	1548	173	48	-1
50	47	446	11	2366	3446	149	-1	51	-1
51	322	506	-11	3536	4356	120	50	-1
52	82	713	8	1759	3214	186	-1	53	-1
53	306	560	-8	1462	2577	184	52	-1
54	878	862	9	140	1342	143	-1	55	-1
55	865	837	-9	551	1994	210	54	-1
56	945	756	19	2652	4152	143	-1	57	-1
57	883	864	-19	2931	4273	147	56	-1
58	95	683	10	2238	3516	222	-1	59	-1
59	48	445	-10	2702	3391	249	58	-1
60	450	547	7	282	1272	104	-1	61	-1
61	363	437	-7	3419	3953	247	60	-1
62	648	812	17	3056	4492	187	-1	63	-1
63	635	747	-17	3537	4273	135	62	-1
64	320	461	17	990	2308	200	-1	65	-1
65	320	464	-17	864	1892	192	64	-1
66	934	391	6	2186	3432	164	-1	67	-1
67	780	350	-6	3520	4849	223	66	-1
68	39	444	15	270	1700	101	-1	69	-1
69	41	441	-15	2201	3005	197	68	-1
70	301	540	10	657	1314	134	-1	71	-1
71	272	581	-10	2672	4163	207	70	-1
72	536	486	15	573	2013	140	-1	73	-1
73	316	415	-15	1407	2318	113	72	-1
74	707	343	7	2811	4081	121	-1	75	-1
75	692	368	-7	3565	4607	135	74	-1
76	140	717	11	417	1598	146	-1	77	-1
77	39	465	-11	3288	4613	105	76	-1
78	35	395	19	1691	2221	242	-1	79	-1
79	44	402	-19	1694	2613	123	78	-1
80	879	863	11	2090	2985	201	-1	81	-1
81	868	861	-11	2942	4030	228	80	-1
82	341	475	6	487	1906	149	-1	83	-1
83	60	452	-6	1436	2788	142	82	-1
84	274	514	5	1398	2653	149	-1	85	-1
85	333	466	-5	3329	4772	132	84	-1
86	850	945	14	1752	3021	171	-1	87	-1
87	880	863	-14	3391	4197	193	86	-1
88	687	350	17	2859	4022	153	-1	89	-1
89	934	372	-17	2317	3517	200	88	-1
90	879	862	14	731	1264	160	-1	91	-1
91	631	856	-14	167	1444	205	90	-1
92	443	545	14	1413	2579	151	-1	93	-1
93	373	460	-14	3950	4666	107	92	-1
94	318	455	15	1374	2681	128	-1	95	-1
95	402	534	-15	1426	2346	210	94	-1
96	701	348	11	299	1221	205	-1	97	-1
97	972	428	-11	1619	2784	166	96	-1
98	948	397	5	71	1170	177	-1	99	-1
99	668	360	-5	483	1332	165	98	-1
100	315	502	6	485	1738	129	-1	101	-1
101	49	445	-6	410	1578	143	100	-1
102	942	387	14	1591	2822	191	-1	103	-1
103	942	387	-14	2789	3996	179	102	-1
104	300	553	17	780	2012	112	-1	105	-1
105	93	725	-17	4150	4683	103	104	-1
106	879	864	19	262	869	178	-1	107	-1
107	902	850	-19	1381	2523	131	106	-1
108	694	357	19	915	1759	183	-1	109	-1
109	687	375	-19	3921	4758	159	108	-1
110	942	385	13	2071	3143	162	-1	111	-1
111	958	361	-13	1774	3072	156	110	-1
112	346	488	10	3068	3883	233	-1	113	-1
113	443	545	-10	2428	3926	216	112	-1
114	442	549	19	982	1654	222	-1	115	-1
115	306	558	-19	1056	1819	183	114	-1
116	81	713	13	1932	3175	135	-1	117	-1
117	90	445	-13	3328	4562	162	116	-1
118	468	537	7	731	2011	128	-1	119	-1
119	634	752	-7	1897	2971	131	118	-1
120	76	715	8	222	1373	136	-1	121	-1
121	80	721	-8	3426	3992	203	120	-1
122	306	559	12	1709	2888	235	-1	123	-1
123	50	444	-12	3009	3857	158	122	-1
124	632	784	8	352	1086	105	-1	125	-1
125	664	836	-8	3228	4321	152	124	-1
126	49	445	6	374	1857	190	-1	127	-1
127	305	467	-6	552	1952	168	126	-1
128	40	437	6	2500	3756	123	-1	129	-1
129	93	688	-6	3276	4125	184	128	-1
130	642	819	7	2597	3945	217	-1	131	-1
131	650	800	-7	4340	4978	150	130	-1
132	441	523	11	1616	2241	122	-1	133	-1
133	466	518	-11	2653	3773	129	132	-1
134	444	543	5	212	1340	159	-1	135	-1
135	314	542	-5	2526	3573	227	134	-1
136	879	855	20	2619	3991	192	-1	137	-1
137	617	780	-20	2799	3323	229	136	-1
138	443	543	13	1527	2894	227	-1	139	-1
139	477	550	-13	3232	3760	185	138	-1
140	345	463	6	3689	4826	175	-1	141	-1
141	355	477	-6	3118	4114	214	140	-1
142	82	711	14	1675	2270	131	-1	143	-1
143	141	753	-14	2597	4018	164	142	-1
144	43	428	7	1623	2233	128	-1	145	-1
145	49	445	-7	993	2270	223	144	-1
146	652	790	17	315	1305	230	-1	147	-1
147	863	890	-17	2512	3913	140	146	-1
148	74	707	10	1501	2614	104	-1	149	-1
149	308	554	-10	2097	2616	238	148	-1
150	86	517	7	20	534	116	-1	151	-1
151	81	713	-7	2301	3779	187	150	-1
152	444	544	19	1758	2733	245	-1	153	-1
153	491	528	-19	3880	4637	237	152	-1
154	44	450	10	123	1536	211	-1	155	-1
155	84	694	-10	2040	3261	178	154	-1
156	306	559	7	3155	3815	149	-1	157	-1
157	443	545	-7	2745	4021	211	156	-1
158	304	560	16	2233	3449	229	-1	159	-1
159	342	464	-16	2248	2833	227	158	-1
160	352	443	16	3543	4352	116	-1	161	-1
161	344	555	-16	3092	4370	211	160	-1
162	968	422	10	895	1553	217	-1	163	-1
163	966	432	-10	3223	4366	146	162	-1
164	680	367	18	1365	2015	121	-1	165	-1
165	943	391	-18	1067	2032	238	164	-1
166	701	349	11	2754	4057	112	-1	167	-1
167	941	387	-11	3694	4289	184	166	-1
168	956	407	17	988	2239	247	-1	169	-1
169	936	393	-17	2436	2978	160	168	-1
170	373	515	16	2660	3198	105	-1	171	-1
171	346	490	-16	1915	3247	194	170	-1
172	696	743	9	2478	3553	210	-1	173	-1
173	634	782	-9	2904	3451	122	172	-1
174	73	702	11	945	2147	161	-1	175	-1
175	43	449	-11	2210	3603	164	174	-1
176	443	543	19	652	1316	220	-1	177	-1
177	255	493	-19	3465	4957	186	176	-1
178	971	420	8	2943	3886	127	-1	179	-1
179	950	398	-8	3894	4884	239	178	-1
180	74	425	14	2713	3837	173	-1	181	-1
181	332	466	-14	2670	3484	216	180	-1
182	59	419	11	1322	2347	121	-1	183	-1
183	315	479	-11	2769	3838	108	182	-1
184	700	346	8	242	1254	188	-1	185	-1
185	966	422	-8	3078	4176	205	184	-1
186	942	386	12	704	2104	170	-1	187	-1
187	942	450	-12	1807	2860	153	186	-1
188	576	870	15	483	1146	161	-1	189	-1
189	643	810	-15	2418	3393	124	188	-1
190	333	463	9	1692	3105	116	-1	191	-1
191	319	565	-9	3908	4880	221	190	-1
192	702	346	6	1744	2992	109	-1	193	-1
193	701	348	-6	2783	3820	180	192	-1
194	700	402	18	1143	2543	171	-1	195	-1
195	703	349	-18	3606	4998	241	194	-1
196	122	724	9	124	1277	213	-1	197	-1
197	50	727	-9	2692	4012	215	196	-1
198	938	388	17	2058	2911	125	-1	199	-1
199	701	348	-17	4049	4752	230	198	-1
200	942	387	6	704	1349	141	-1	201	-1
201	701	348	-6	4189	4916	103	200	-1
202	332	466	5	1266	2756	115	-1	203	-1
203	362	583	-5	2506	3769	160	202	-1
204	445	544	13	517	1136	234	-1	205	-1
205	305	555	-13	3678	4229	170	204	-1
206	299	554	20	1744	2419	111	-1	207	-1
207	306	559	-20	2047	3323	106	206	-1
208	638	783	8	407	1398	115	-1	209	-1
209	618	787	-8	4110	4683	114	208	-1
210	941	385	17	1218	2072	136	-1	211	-1
211	925	403	-17	2039	2952	171	210	-1
212	883	849	16	2782	3457	242	-1	213	-1
213	689	812	-16	2335	3735	213	212	-1
214	445	543	17	77	734	103	-1	215	-1
215	279	468	-17	729	2033	208	214	-1
216	73	715	19	1345	2005	236	-1	217	-1
217	14	479	-19	4025	4979	207	216	-1
218	55	443	6	1590	2964	185	-1	219	-1
219	79	711	-6	3060	3725	245	218	-1
220	706	353	15	577	1823	228	-1	221	-1
221	701	348	-15	3323	4463	146	220	-1
222	84	716	17	1856	2940	181	-1	223	-1
223	48	444	-17	3630	4260	217	222	-1
224	443	543	7	449	1851	194	-1	225	-1
225	460	554	-7	1037	2172	227	224	-1
226	697	337	14	758	2235	112	-1	227	-1
227	942	388	-14	2543	3422	249	226	-1
228	313	549	14	1748	2935	106	-1	229	-1
229	354	481	-14	1352	2695	153	228	-1
230	639	784	8	110	1596	195	-1	231	-1
231	895	871	-8	3383	4713	195	230	-1
232	333	466	18	478	1353	206	-1	233	-1
233	444	544	-18	435	1317	180	232	-1
234	973	423	18	468	993	102	-1	235	-1
235	702	352	-18	628	1974	190	234	-1
236	434	534	14	1249	2487	106	-1	237	-1
237	443	544	-14	1357	2148	140	236	-1
238	644	780	16	3959	4708	213	-1	239	-1
239	801	793	-16	3368	4711	231	238	-1
240	305	616	14	3399	4403	134	-1	241	-1
241	383	601	-14	3387	4867	229	240	-1
242	876	869	14	3784	4438	118	-1	243	-1
243	607	788	-14	3792	4955	156	242	-1
244	58	441	13	1271	2747	131	-1	245	-1
245	304	559	-13	2830	3430	238	244	-1
246	79	711	14	2254	3569	245	-1	247	-1
247	81	713	-14	2857	3888	139	246	-1
248	83	710	10	1214	2515	129	-1	249	-1
249	43	471	-10	3937	4852	235	248	-1
250	80	716	16	2194	3425	220	-1	251	-1
251	321	589	-16	2779	4168	233	250	-1
252	474	571	18	3646	4214	146	-1	253	-1
253	307	552	-18	2898	4107	116	252	-1
254	685	312	17	1861	2861	121	-1	255	-1
255	691	348	-17	2858	4190	182	254	-1
256	299	551	11	1048	1642	187	-1	257	-1
257	307	560	-11	605	1822	173	256	-1
258	896	882	9	1637	2944	175	-1	259	-1
259	882	864	-9	3047	3554	125	258	-1
260	700	351	13	205	1285	233	-1	261	-1
261	699	349	-13	2710	3668	108	260	-1
262	695	360	9	2318	3110	247	-1	263	-1
263	947	382	-9	2747	3836	140	262	-1
264	88	708	14	1977	3209	118	-1	265	-1
265	46	444	-14	3326	4417	182	264	-1
266	79	709	17	1675	2616	142	-1	267	-1
267	275	574	-17	2518	3066	135	266	-1
268	75	744	12	287	813	121	-1	269	-1
269	129	665	-12	2241	3601	134	268	-1
270	948	383	20	473	1096	164	-1	271	-1
271	973	439	-20	3000	4189	210	270	-1
272	933	398	11	438	1558	210	-1	273	-1
273	964	421	-11	3432	4548	108	272	-1
274	48	444	12	3324	3948	213	-1	275	-1
275	321	516	-12	3330	4749	242	274	-1
276	345	468	15	212	1693	193	-1	277	-1
277	77	446	-15	711	1604	189	276	-1
278	701	348	11	1918	2681	183	-1	279	-1
279	900	360	-11	3299	4625	203	278	-1
280	900	454	6	106	1477	150	-1	281	-1
281	928	380	-6	3249	4243	165	280	-1
282	330	462	7	2558	3700	126	-1	283	-1
283	343	465	-7	3604	4721	162	282	-1
284	315	613	13	369	1077	115	-1	285	-1
285	337	472	-13	1338	2816	104	284	-1
286	328	458	10	2802	4273	164	-1	287	-1
287	330	466	-10	3207	4490	142	286	-1
288	334	467	12	493	1086	108	-1	289	-1
289	450	544	-12	998	1837	245	288	-1
290	49	444	14	1914	2942	202	-1	291	-1
291	89	457	-14	3444	4026	168	290	-1
292	686	358	16	888	2301	223	-1	293	-1
293	936	371	-16	2443	3499	211	292	-1
294	695	344	16	607	1884	138	-1	295	-1
295	682	345	-16	1422	2576	187	294	-1
296	334	466	12	325	842	146	-1	297	-1
297	370	476	-12	1729	2893	236	296	-1
298	935	911	11	252	1670	112	-1	299	-1
299	889	870	-11	2842	3730	187	298	-1
300	94	716	17	1832	3180	223	-1	301	-1
301	168	731	-17	3440	4302	104	300	-1
302	669	362	12	1199	2602	107	-1	303	-1
303	695	363	-12	3046	3811	105	302	-1
304	320	585	13	1488	2354	151	-1	305	-1
305	111	563	-13	1437	2258	106	304	-1
306	282	509	20	170	1230	195	-1	307	-1
307	80	464	-20	2535	3799	245	306	-1
308	313	557	8	102	807	173	-1	309	-1
309	336	460	-8	2763	3636	211	308	-1
310	700	368	20	2688	3690	219	-1	311	-1
311	703	346	-20	3776	4854	162	310	-1
312	43	438	5	542	1204	203	-1	313	-1
313	75	657	-5	2350	3541	113	312	-1
314	698	345	13	3555	4708	101	-1	315	-1
315	701	348	-13	2552	3935	235	314	-1
316	50	444	5	2133	3268	128	-1	317	-1
317	307	558	-5	2494	3593	232	316	-1
318	81	713	11	696	1639	212	-1	319	-1
319	82	710	-11	4217	4903	232	318	-1
320	71	412	11	2703	3647	117	-1	321	-1
321	322	460	-11	3435	4741	233	320	-1
322	880	862	12	1685	2525	212	-1	323	-1
323	643	777	-12	2066	2638	234	322	-1
324	638	787	8	644	1686	164	-1	325	-1
325	878	877	-8	2467	3408	190	324	-1
326	448	543	15	1956	3224	243	-1	327	-1
327	416	637	-15	3654	4831	164	326	-1
328	81	713	17	1701	2340	153	-1	329	-1
329	89	677	-17	3351	4571	176	328	-1
330	53	430	6	549	2023	135	-1	331	-1
331	334	432	-6	2228	3202	107	330	-1
332	38	435	6	197	874	153	-1	333	-1
333	49	445	-6	1284	2070	102	332	-1
334	635	804	16	4141	4981	118	-1	335	-1
335	622	793	-16	4384	4946	202	334	-1
336	675	765	8	1939	3060	184	-1	337	-1
337	881	863	-8	3083	4341	239	336	-1
338	648	781	9	2799	3369	228	-1	339	-1
339	905	885	-9	3574	4346	197	338	-1
340	875	769	11	1759	3205	164	-1	341	-1
341	899	897	-11	1613	2781	163	340	-1
342	725	778	12	816	1766	110	-1	343	-1
343	641	783	-12	2732	4132	154	342	-1
344	57	471	7	2344	3017	179	-1	345	-1
345	40	722	-7	3202	3917	226	344	-1
346	942	387	19	714	1433	159	-1	347	-1
347	959	429	-19	1606	2969	140	346	-1
348	643	786	14	2085	3031	182	-1	349	-1
349	817	825	-14	3315	4399	101	348	-1
350	882	861	17	2121	3062	198	-1	351	-1
351	875	847	-17	3182	4030	201	350	-1
352	361	490	12	525	1756	105	-1	353	-1
353	284	430	-12	3691	4935	108	352	-1
354	310	605	14	1105	1671	197	-1	355	-1
355	272	534	-14	635	2073	144	354	-1
356	300	578	9	670	1770	198	-1	357	-1
357	422	552	-9	3397	4475	241	356	-1
358	104	704	10	2457	3071	249	-1	359	-1
359	76	637	-10	3085	4237	226	358	-1
360	408	460	19	1707	2692	144	-1	361	-1
361	436	547	-19	3857	4697	113	360	-1
362	441	547	7	492	1016	151	-1	363	-1
363	305	558	-7	2496	3142	127	362	-1
364	444	544	16	2358	3167	229	-1	365	-1
365	329	506	-16	2768	4197	116	364	-1
366	452	550	7	1982	3223	224	-1	367	-1
367	320	543	-7	1915	2493	106	366	-1
368	638	783	10	788	2094	138	-1	369	-1
369	643	706	-10	1792	2388	227	368	-1
370	638	782	19	2737	3803	198	-1	371	-1
371	866	850	-19	3944	4512	137	370	-1
372	900	373	13	3529	4476	203	-1	373	-1
373	684	420	-13	3245	4373	112	372	-1
374	625	759	10	1026	2462	134	-1	375	-1
375	611	807	-10	3640	4229	188	374	-1
376	619	767	8	1670	3048	145	-1	377	-1
377	613	803	-8	1873	2464	238	376	-1
378	81	715	15	1243	2472	223	-1	379	-1
379	29	437	-15	2393	3769	184	378	-1
380	616	781	6	413	997	220	-1	381	-1
381	498	540	-6	2234	3726	231	380	-1
382	81	714	9	493	1227	228	-1	383	-1
383	51	451	-9	2292	3634	238	382	-1
384	766	246	11	349	1009	166	-1	385	-1
385	910	413	-11	2852	3830	192	384	-1
386	665	755	7	1049	2108	117	-1	387	-1
387	677	642	-7	476	1754	106	386	-1
388	270	513	6	1397	2019	214	-1	389	-1
389	47	442	-6	1716	2837	204	388	-1
390	49	445	16	1778	2723	211	-1	391	-1
391	136	421	-16	1336	2626	134	390	-1
392	337	459	6	3298	4391	101	-1	393	-1
393	306	559	-6	3244	4472	171	392	-1
394	966	370	7	3454	4067	176	-1	395	-1
395	690	365	-7	3139	4524	167	394	-1
396	639	778	12	30	746	210	-1	397	-1
397	876	854	-12	2339	3721	229	396	-1
398	79	714	19	2171	3034	118	-1	399	-1
399	81	713	-19	3552	4436	202	398	-1
400	941	366	16	2490	3044	178	-1	401	-1
401	708	355	-16	3604	4837	128	400	-1
402	669	737	8	490	1014	170	-1	403	-1
403	688	762	-8	2204	3096	241	402	-1
404	119	509	7	1806	2645	199	-1	405	-1
405	90	479	-7	2818	4305	219	404	-1
406	81	711	8	2029	3482	162	-1	407	-1
407	81	713	-8	3354	4622	141	406	-1
408	939	314	9	2145	3309	172	-1	409	-1
409	942	387	-9	1989	2934	144	408	-1
410	641	752	19	1039	2330	238	-1	411	-1
411	657	776	-19	432	1864	127	410	-1
412	82	701	12	121	1234	176	-1	413	-1
413	304	559	-12	1630	2853	240	412	-1
414	643	781	20	2205	2869	192	-1	415	-1
415	580	751	-20	3427	4670	104	414	-1
416	701	348	16	6	1134	108	-1	417	-1
417	718	342	-16	1183	2331	123	416	-1
418	302	564	18	1099	1950	193	-1	419	-1
419	441	544	-18	1249	2311	200	418	-1
420	349	474	15	3623	4949	216	-1	421	-1
421	322	556	-15	3383	4648	117	420	-1
422	881	862	19	764	1664	183	-1	423	-1
423	881	873	-19	566	1715	223	422	-1
424	424	534	11	195	1684	104	-1	425	-1
425	354	446	-11	1466	2627	198	424	-1
426	587	728	7	2421	3591	226	-1	427	-1
427	620	824	-7	2252	3462	176	426	-1
428	85	717	14	1664	2953	224	-1	429	-1
429	311	568	-14	3089	3745	105	428	-1
430	101	705	20	3278	4258	225	-1	431	-1
431	48	440	-20	3843	4428	111	430	-1
432	327	570	5	770	2127	123	-1	433	-1
433	450	550	-5	2280	3703	226	432	-1
434	700	342	13	1288	2729	132	-1	435	-1
435	952	465	-13	1509	2191	185	434	-1
436	84	712	7	1238	2448	109	-1	437	-1
437	86	656	-7	2904	3973	246	436	-1
438	702	364	19	437	1724	189	-1	439	-1
439	918	393	-19	3218	4311	183	438	-1
440	306	559	19	2015	3330	197	-1	441	-1
441	457	540	-19	3161	3806	178	440	-1
442	933	413	11	1433	2164	169	-1	443	-1
443	702	348	-11	2559	3642	175	442	-1
444	300	560	11	157	1420	166	-1	445	-1
445	374	545	-11	2238	3720	211	444	-1
446	941	388	10	3000	3872	149	-1	447	-1
447	935	399	-10	2904	3496	168	446	-1
448	49	688	13	1607	3024	150	-1	449	-1
449	54	446	-13	2748	3579	106	448	-1
450	935	388	11	80	1325	220	-1	451	-1
451	757	363	-11	2835	4300	162	450	-1
452	980	485	13	595	1129	177	-1	453	-1
453	945	388	-13	1242	2154	129	452	-1
454	890	839	17	424	1822	134	-1	455	-1
455	639	781	-17	1624	2558	237	454	-1
456	439	522	13	1957	3435	121	-1	457	-1
457	335	467	-13	2531	3271	102	456	-1
458	5	457	14	1705	2948	124	-1	459	-1
459	27	443	-14	2982	3578	211	458	-1
460	78	689	14	1605	2195	109	-1	461	-1
461	57	477	-14	1516	2807	198	460	-1
462	931	396	12	3687	4337	187	-1	463	-1
463	657	428	-12	3766	4750	139	462	-1
464	617	369	8	2174	3378	237	-1	465	-1
465	701	348	-8	2016	2737	200	464	-1
466	942	387	19	1832	3143	207	-1	467	-1
467	701	357	-19	2977	4260	188	466	-1
468	629	776	6	2808	3336	181	-1	469	-1
469	883	861	-6	3508	4434	134	468	-1
470	62	649	12	924	1796	245	-1	471	-1
471	81	713	-12	2443	3846	225	470	-1
472	700	347	18	2009	3050	103	-1	473	-1
473	968	419	-18	2508	3255	124	472	-1
474	49	459	9	312	1715	209	-1	475	-1
475	70	713	-9	1895	3304	228	474	-1
476	948	380	18	1248	2326	152	-1	477	-1
477	944	386	-18	3566	4449	168	476	-1
478	306	559	16	676	1618	235	-1	479	-1
479	79	711	-16	719	1693	204	478	-1
480	278	488	12	2106	3071	126	-1	481	-1
481	456	502	-12	3773	4776	126	480	-1
482	881	862	7	3362	4521	201	-1	483	-1
483	640	785	-7	3581	4980	215	482	-1
484	338	454	19	1341	2433	123	-1	485	-1
485	333	466	-19	1583	2330	149	484	-1
486	39	442	15	1080	2002	146	-1	487	-1
487	39	456	-15	2758	3942	223	486	-1
488	961	414	14	1158	1868	200	-1	489	-1
489	690	356	-14	3194	4222	157	488	-1
490	644	711	7	421	1863	111	-1	491	-1
491	455	538	-7	617	1467	108	490	-1
492	32	433	18	2192	3011	145	-1	493	-1
493	279	566	-18	3600	4861	236	492	-1
494	688	335	12	1383	2313	142	-1	495	-1
495	702	336	-12	791	2201	212	494	-1
496	445	545	13	446	1521	209	-1	497	-1
497	342	456	-13	3988	4770	214	496	-1
498	668	650	14	8	1300	230	-1	499	-1
499	592	744	-14	1117	2540	208	498	-1
500	700	345	10	2193	2881	102	-1	501	-1
501	707	346	-10	1628	2920	154	500	-1
502	847	916	15	833	1368	166	-1	503	-1
503	628	821	-15	1341	2611	101	502	-1
504	642	782	9	550	1943	215	-1	505	-1
505	636	778	-9	946	2345	147	504	-1
506	79	713	7	343	1457	217	-1	507	-1
507	52	443	-7	2471	3401	133	506	-1
508	49	444	18	131	1387	227	-1	509	-1
509	309	448	-18	2407	3570	154	508	-1
510	942	387	13	79	746	106	-1	511	-1
511	974	428	-13	437	1928	236	510	-1
512	105	739	7	3072	3813	229	-1	513	-1
513	81	713	-7	3216	4575	193	512	-1
514	82	713	7	2545	3060	181	-1	515	-1
515	81	713	-7	3292	4050	126	514	-1
516	638	778	17	1072	2083	138	-1	517	-1
517	875	890	-17	646	1705	130	516	-1
518	20	746	8	2277	3211	128	-1	519	-1
519	74	718	-8	2117	2993	141	518	-1
520	700	347	14	181	992	120	-1	521	-1
521	704	345	-14	2310	3201	170	520	-1
522	77	465	8	2637	3523	209	-1	523	-1
523	51	442	-8	3027	3894	239	522	-1
524	306	559	9	727	1893	156	-1	525	-1
525	430	576	-9	1209	2632	116	524	-1
526	875	451	7	257	1578	120	-1	527	-1
527	922	382	-7	1940	3302	173	526	-1
528	74	714	7	2564	3705	158	-1	529	-1
529	125	686	-7	3123	4326	155	528	-1
530	421	543	18	2101	3339	181	-1	531	-1
531	286	605	-18	1933	2907	165	530	-1
532	700	344	14	554	1934	165	-1	533	-1
533	703	348	-14	1478	1996	113	532	-1
534	316	566	16	550	1260	148	-1	535	-1
535	363	481	-16	2115	2817	184	534	-1
536	294	488	8	2618	3417	247	-1	537	-1
537	311	550	-8	3027	4190	151	536	-1
538	935	398	6	1692	3073	201	-1	539	-1
539	936	382	-6	2361	3774	210	538	-1
540	905	848	13	111	1495	116	-1	541	-1
541	880	863	-13	2975	3857	157	540	-1
542	240	498	18	1538	2517	218	-1	543	-1
543	57	459	-18	2514	3457	150	542	-1
544	942	387	6	2873	3686	127	-1	545	-1
545	936	290	-6	3974	4955	246	544	-1
546	319	481	6	1462	2482	204	-1	547	-1
547	400	562	-6	3660	4515	194	546	-1
548	640	783	17	1491	2846	220	-1	549	-1
549	645	783	-17	2371	3147	149	548	-1
550	299	450	20	1115	1860	220	-1	551	-1
551	48	449	-20	2265	2820	233	550	-1
552	694	348	10	3663	4312	135	-1	553	-1
553	942	387	-10	2950	4307	100	552	-1
554	32	452	11	675	1849	100	-1	555	-1
555	82	710	-11	685	2001	132	554	-1
556	965	423	14	1712	2755	159	-1	557	-1
557	968	422	-14	2679	3928	208	556	-1
558	44	464	15	511	1895	173	-1	559	-1
559	303	567	-15	1850	2549	142	558	-1
560	304	451	8	2221	2834	115	-1	561	-1
561	44	449	-8	2605	3823	180	560	-1
562	685	376	12	1649	2544	245	-1	563	-1
563	452	528	-12	2629	3902	177	562	-1
564	46	755	8	456	1887	186	-1	565	-1
565	81	713	-8	1211	1857	236	564	-1
566	970	422	5	314	1791	130	-1	567	-1
567	945	394	-5	1072	1690	155	566	-1
568	49	445	10	345	1087	183	-1	569	-1
569	279	572	-10	603	1917	130	568	-1
570	49	445	5	3320	4569	111	-1	571	-1
571	55	436	-5	3611	4134	211	570	-1
572	616	768	10	2762	3727	178	-1	573	-1
573	632	781	-10	2962	3956	218	572	-1
574	938	402	13	789	1808	224	-1	575	-1
575	977	430	-13	1746	3104	138	574	-1
576	639	785	7	1138	1800	116	-1	577	-1
577	631	788	-7	1977	2957	107	576	-1
578	55	456	15	1592	2151	115	-1	579	-1
579	7	381	-15	2561	4052	113	578	-1
580	444	544	17	1824	2976	196	-1	581	-1
581	476	602	-17	1973	3106	189	580	-1
582	336	447	7	1496	2525	189	-1	583	-1
583	307	558	-7	1606	2340	107	582	-1
584	788	396	18	686	2167	145	-1	585	-1
585	686	314	-18	9	1244	229	584	-1
586	848	872	18	406	1795	191	-1	587	-1
587	625	800	-18	3556	4556	183	586	-1
588	307	558	17	97	1373	141	-1	589	-1
589	471	663	-17	100	1537	114	588	-1
590	924	402	16	1308	2003	208	-1	591	-1
591	939	395	-16	3010	4060	140	590	-1
592	335	461	6	2478	3637	157	-1	593	-1
593	438	543	-6	3742	4730	199	592	-1
594	308	556	10	2607	3527	171	-1	595	-1
595	271	692	-10	2658	4113	121	594	-1
596	942	461	18	1656	3010	192	-1	597	-1
597	954	385	-18	2229	2738	245	596	-1
598	719	331	6	2146	2838	199	-1	599	-1
599	942	386	-6	3500	4832	117	598	-1
600	318	467	7	1387	2806	170	-1	601	-1
601	334	466	-7	4065	4728	141	600	-1
602	215	553	8	12	1485	210	-1	603	-1
603	333	466	-8	727	2060	200	602	-1
604	324	462	11	3	1198	126	-1	605	-1
605	433	550	-11	951	2405	208	604	-1
606	489	530	15	1402	2883	186	-1	607	-1
607	477	623	-15	2957	4289	159	606	-1
608	31	743	18	2465	3485	208	-1	609	-1
609	75	717	-18	3694	4459	121	608	-1
610	420	609	9	266	1457	205	-1	611	-1
611	444	557	-9	2897	4060	128	610	-1
612	621	775	6	887	1609	149	-1	613	-1
613	658	790	-6	1139	1885	163	612	-1
614	454	560	5	3055	3762	143	-1	615	-1
615	323	529	-5	2920	4117	112	614	-1
616	626	791	12	3611	4507	246	-1	617	-1
617	892	813	-12	3124	4508	181	616	-1
618	81	715	20	2631	3493	234	-1	619	-1
619	87	713	-20	3896	4869	204	618	-1
620	443	546	8	998	2172	122	-1	621	-1
621	633	339	-8	2363	3143	188	620	-1
622	649	752	15	176	1621	219	-1	623	-1
623	637	783	-15	496	1459	212	622	-1
624	308	567	15	3361	4120	194	-1	625	-1
625	320	578	-15	2811	4185	202	624	-1
626	81	712	15	2605	3225	169	-1	627	-1
627	303	573	-15	3834	4905	149	626	-1
628	328	474	6	117	1293	104	-1	629	-1
629	340	469	-6	2124	3171	174	628	-1
630	702	348	15	1675	3096	175	-1	631	-1
631	942	387	-15	1376	2630	183	630	-1
632	942	386	10	1240	2236	201	-1	633	-1
633	877	396	-10	3911	4776	236	632	-1
634	49	445	18	1486	2792	215	-1	635	-1
635	63	476	-18	2768	3867	194	634	-1
636	706	347	12	651	1408	101	-1	637	-1
637	698	346	-12	1370	2571	142	636	-1
638	471	473	16	688	1806	196	-1	639	-1
639	720	371	-16	3362	4236	125	638	-1
640	319	453	19	1704	2631	162	-1	641	-1
641	300	558	-19	3606	4638	108	640	-1
642	687	359	10	455	980	127	-1	643	-1
643	701	347	-10	590	2033	215	642	-1
644	295	504	7	250	1314	244	-1	645	-1
645	482	507	-7	401	1806	214	644	-1
646	723	364	13	821	2148	198	-1	647	-1
647	966	393	-13	2492	3682	215	646	-1
648	638	783	16	1409	2260	176	-1	649	-1
649	626	770	-16	873	1939	192	648	-1
650	676	744	8	877	2252	149	-1	651	-1
651	639	783	-8	4148	4996	204	650	-1
652	501	521	6	1630	2309	245	-1	653	-1
653	296	561	-6	3132	3952	117	652	-1
654	640	784	7	1717	2571	219	-1	655	-1
655	882	865	-7	2892	4328	152	654	-1
656	978	396	8	821	1876	117	-1	657	-1
657	948	378	-8	1157	2505	123	656	-1
658	482	536	14	176	1383	149	-1	659	-1
659	345	474	-14	1946	3399	235	658	-1
660	336	460	7	550	1195	163	-1	661	-1
661	349	499	-7	1085	1874	108	660	-1
662	38	532	15	805	1465	142	-1	663	-1
663	307	559	-15	3039	3593	219	662	-1
664	307	559	18	323	1720	141	-1	665	-1
665	85	710	-18	2048	3146	247	664	-1
666	699	352	14	1285	2746	157	-1	667	-1
667	683	347	-14	391	1721	181	666	-1
668	320	495	16	2587	3570	150	-1	669	-1
669	249	589	-16	2010	3099	177	668	-1
670	444	543	17	965	1757	110	-1	671	-1
671	322	572	-17	3880	4515	180	670	-1
672	976	405	7	1199	2553	189	-1	673	-1
673	941	387	-7	2489	3520	158	672	-1
674	704	353	11	1337	2829	182	-1	675	-1
675	753	403	-11	2242	3487	226	674	-1
676	95	710	15	2226	2908	137	-1	677	-1
677	324	652	-15	2344	3816	199	676	-1
678	291	550	15	890	1855	148	-1	679	-1
679	81	713	-15	2249	3249	237	678	-1
680	81	712	5	139	728	151	-1	681	-1
681	296	558	-5	1145	2121	214	680	-1
682	333	466	16	1935	2795	175	-1	683	-1
683	333	466	-16	1901	2682	111	682	-1
684	313	548	16	787	1609	122	-1	685	-1
685	70	435	-16	1940	2960	138	684	-1
686	983	255	8	2911	3826	163	-1	687	-1
687	898	430	-8	3181	4543	237	686	-1
688	977	426	17	148	1623	167	-1	689	-1
689	998	443	-17	3389	4509	195	688	-1
690	441	537	17	1495	2168	170	-1	691	-1
691	347	457	-17	1454	2037	220	690	-1
692	319	546	13	223	1660	104	-1	693	-1
693	452	545	-13	746	1560	121	692	-1
694	316	556	9	555	1420	104	-1	695	-1
695	317	472	-9	3132	4327	133	694	-1
696	373	643	20	1273	2558	160	-1	697	-1
697	314	564	-20	3576	4912	105	696	-1
698	880	863	18	1669	3030	249	-1	699	-1
699	642	779	-18	3506	4685	212	698	-1
700	455	563	17	1698	2764	244	-1	701	-1
701	305	559	-17	2734	3514	180	700	-1
702	49	445	6	1168	2041	130	-1	703	-1
703	80	714	-6	2770	3410	247	702	-1
704	704	335	19	2740	3838	159	-1	705	-1
705	961	385	-19	3337	4357	160	704	-1
706	638	780	17	819	2295	159	-1	707	-1
707	638	783	-17	2705	4078	181	706	-1
708	965	421	9	2982	4133	180	-1	709	-1
709	980	412	-9	3203	4211	164	708	-1
710	931	406	7	1968	3392	222	-1	711	-1
711	967	421	-7	3676	4843	154	710	-1
712	880	464	12	2854	4200	144	-1	713	-1
713	941	387	-12	2860	3406	147	712	-1
714	701	358	6	2323	3672	196	-1	715	-1
715	496	552	-6	2406	3768	124	714	-1
716	940	387	11	2692	4032	220	-1	717	-1
717	759	387	-11	3042	3899	190	716	-1
718	51	441	15	1004	2409	129	-1	719	-1
719	81	713	-15	2561	3805	192	718	-1
720	47	445	10	221	1252	147	-1	721	-1
721	163	471	-10	2897	4283	148	720	-1
722	951	425	19	1999	3289	120	-1	723	-1
723	952	366	-19	3145	4624	249	722	-1
724	330	522	9	2364	3428	242	-1	725	-1
725	447	545	-9	3441	4548	225	724	-1
726	720	359	8	963	2421	204	-1	727	-1
727	692	372	-8	1622	2232	175	726	-1
728	444	544	11	1465	2936	164	-1	729	-1
729	320	555	-11	1011	2109	228	728	-1
730	316	537	12	218	1559	150	-1	731	-1
731	300	573	-12	2377	2952	227	730	-1
732	735	811	7	1021	1711	143	-1	733	-1
733	617	860	-7	1774	2514	144	732	-1
734	961	478	11	497	1545	108	-1	735	-1
735	975	423	-11	3922	4847	194	734	-1
736	702	333	7	201	1506	198	-1	737	-1
737	701	348	-7	2602	3254	145	736	-1
738	100	606	20	529	1634	145	-1	739	-1
739	324	464	-20	4275	4892	122	738	-1
740	435	559	6	1429	2410	224	-1	741	-1
741	277	499	-6	1763	2436	143	740	-1
742	656	775	5	300	1672	139	-1	743	-1
743	638	783	-5	631	2122	227	742	-1
744	52	439	12	1359	1920	154	-1	745	-1
745	47	447	-12	2538	3688	163	744	-1
746	665	734	7	2223	3355	248	-1	747	-1
747	842	847	-7	2164	3630	168	746	-1
748	371	481	19	1416	2529	183	-1	749	-1
749	378	524	-19	1389	1980	148	748	-1
750	86	711	18	2400	3653	216	-1	751	-1
751	61	697	-18	2684	3229	175	750	-1
752	939	935	18	446	1045	214	-1	753	-1
753	878	859	-18	1045	2177	196	752	-1
754	329	461	11	2999	3827	101	-1	755	-1
755	333	466	-11	3788	4450	233	754	-1
756	913	829	8	2413	3759	137	-1	757	-1
757	638	782	-8	1773	3248	212	756	-1
758	536	527	15	2395	3316	101	-1	759	-1
759	442	546	-15	4030	4836	216	758	-1
760	642	730	11	1698	2931	185	-1	761	-1
761	440	533	-11	2489	3815	237	760	-1
762	637	783	14	852	1887	137	-1	763	-1
763	642	771	-14	2545	3471	115	762	-1
764	332	466	8	1783	2623	187	-1	765	-1
765	307	566	-8	1902	3221	226	764	-1
766	953	357	5	2860	3790	141	-1	767	-1
767	724	274	-5	2718	3858	247	766	-1
768	701	348	11	1352	2369	239	-1	769	-1
769	710	350	-11	1019	2172	248	768	-1
770	306	559	15	153	1532	171	-1	771	-1
771	436	556	-15	3181	4087	218	770	-1
772	49	445	10	891	1435	153	-1	773	-1
773	304	501	-10	1254	2189	249	772	-1
774	51	443	9	287	1138	143	-1	775	-1
775	68	721	-9	1211	1852	248	774	-1
776	449	545	9	2724	3324	161	-1	777	-1
777	307	559	-9	4144	4976	154	776	-1
778	748	302	6	3325	4470	237	-1	779	-1
779	929	402	-6	3377	4816	111	778	-1
780	701	348	19	2908	4309	131	-1	781	-1
781	722	369	-19	3235	4190	103	780	-1
782	475	552	16	778	1482	212	-1	783	-1
783	306	559	-16	3010	4251	226	782	-1
784	243	465	6	1866	2494	224	-1	785	-1
785	289	475	-6	1700	2946	206	784	-1
786	940	391	6	1877	3061	219	-1	787	-1
787	942	387	-6	2919	4169	222	786	-1
788	875	875	8	190	1425	185	-1	789	-1
789	649	773	-8	3274	4659	182	788	-1
790	308	559	9	1626	2855	137	-1	791	-1
791	428	535	-9	2081	3165	111	790	-1
792	306	558	11	646	2002	185	-1	793	-1
793	307	557	-11	1671	2307	205	792	-1
794	610	742	7	1311	2252	243	-1	795	-1
795	637	780	-7	2500	3919	106	794	-1
796	131	702	10	3572	4583	111	-1	797	-1
797	73	718	-10	3060	4332	246	796	-1
798	686	371	15	2975	4137	238	-1	799	-1
799	941	387	-15	3677	4875	247	798	-1
800	661	782	13	948	2186	103	-1	801	-1
801	880	864	-13	2482	3036	174	800	-1
802	81	713	5	3581	4474	195	-1	803	-1
803	51	444	-5	3149	4571	187	802	-1
804	403	524	6	1412	2254	212	-1	805	-1
805	492	525	-6	1360	2157	138	804	-1
806	343	585	8	17	916	125	-1	807	-1
807	435	546	-8	2532	3952	234	806	-1
808	84	711	17	557	1154	186	-1	809	-1
809	222	535	-17	1008	1543	154	808	-1
810	81	713	13	2401	3622	132	-1	811	-1
811	83	715	-13	3878	4783	144	810	-1
812	276	594	16	783	1359	190	-1	813	-1
813	333	466	-16	2025	2810	155	812	-1
814	859	857	13	649	1487	161	-1	815	-1
815	677	782	-13	1118	2298	185	814	-1
816	330	558	13	3409	4797	115	-1	817	-1
817	444	544	-13	4366	4876	214	816	-1
818	428	544	19	228	890	176	-1	819	-1
819	533	759	-19	264	1101	210	818	-1
820	81	710	9	1152	2125	138	-1	821	-1
821	78	446	-9	1789	2859	203	820	-1
822	695	333	16	1915	3182	157	-1	823	-1
823	697	349	-16	2388	3403	239	822	-1
824	634	771	19	1008	2011	143	-1	825	-1
825	638	783	-19	364	1692	245	824	-1
826	92	718	19	876	2258	167	-1	827	-1
827	308	561	-19	1371	2760	232	826	-1
828	626	782	8	3533	4700	132	-1	829	-1
829	638	783	-8	3594	4540	213	828	-1
830	1000	411	20	641	1532	224	-1	831	-1
831	922	392	-20	1267	2464	166	830	-1
832	164	709	9	2034	3266	107	-1	833	-1
833	302	555	-9	2857	3597	232	832	-1
834	894	812	7	1165	1872	213	-1	835	-1
835	614	795	-7	3578	4235	236	834	-1
836	123	716	7	1522	2936	198	-1	837	-1
837	55	446	-7	2710	3237	185	836	-1
838	82	651	18	1232	1780	167	-1	839	-1
839	53	784	-18	2810	4013	109	838	-1
840	977	421	12	2985	3844	144	-1	841	-1
841	968	422	-12	4049	4667	231	840	-1
842	310	555	15	2608	3604	118	-1	843	-1
843	302	546	-15	1700	2920	121	842	-1
844	49	445	15	3833	4935	108	-1	845	-1
845	276	585	-15	3762	4389	138	844	-1
846	333	465	15	204	978	117	-1	847	-1
847	138	455	-15	1871	3305	247	846	-1
848	439	538	8	2383	3101	116	-1	849	-1
849	293	561	-8	3051	3750	154	848	-1
850	881	864	18	2149	2946	134	-1	851	-1
851	875	862	-18	2903	4002	155	850	-1
852	48	447	6	391	1358	188	-1	853	-1
853	180	447	-6	1232	2078	117	852	-1
854	119	537	16	2963	3546	134	-1	855	-1
855	85	719	-16	2913	4158	129	854	-1
856	299	542	6	814	1532	141	-1	857	-1
857	337	420	-6	500	1468	200	856	-1
858	797	791	11	1914	2441	219	-1	859	-1
859	585	740	-11	3206	4239	141	858	-1
860	79	713	16	2300	2966	239	-1	861	-1
861	28	454	-16	3186	4682	119	860	-1
862	663	783	12	2440	3691	198	-1	863	-1
863	641	789	-12	3462	4126	101	862	-1
864	47	446	18	1082	2138	166	-1	865	-1
865	53	455	-18	1007	2077	103	864	-1
866	445	548	11	2316	3425	227	-1	867	-1
867	306	559	-11	2604	3975	179	866	-1
868	979	412	14	13	845	236	-1	869	-1
869	974	426	-14	1837	3084	100	868	-1
870	645	792	18	2032	3484	205	-1	871	-1
871	880	863	-18	3479	4323	187	870	-1
872	353	575	9	1380	2372	191	-1	873	-1
873	319	567	-9	3629	4280	231	872	-1
874	312	556	18	3488	4407	230	-1	875	-1
875	446	546	-18	3744	4744	231	874	-1
876	638	783	19	1687	3102	191	-1	877	-1
877	898	838	-19	3472	4706	113	876	-1
878	874	468	6	1180	1976	166	-1	879	-1
879	716	352	-6	1212	2434	139	878	-1
880	872	866	7	2928	4146	195	-1	881	-1
881	833	925	-7	2140	3596	185	880	-1
882	333	466	15	2337	3821	125	-1	883	-1
883	331	441	-15	2218	3106	122	882	-1
884	80	466	6	948	2386	121	-1	885	-1
885	339	543	-6	3556	4061	199	884	-1
886	313	559	15	825	2085	171	-1	887	-1
887	305	550	-15	3456	4813	127	886	-1
888	277	588	16	3884	4704	124	-1	889	-1
889	331	466	-16	3406	4409	237	888	-1
890	303	454	9	649	1357	248	-1	891	-1
891	76	355	-9	3062	4428	224	890	-1
892	378	571	8	2104	3243	125	-1	893	-1
893	446	502	-8	2873	3997	245	892	-1
894	699	338	19	212	1474	131	-1	895	-1
895	945	389	-19	1820	3033	228	894	-1
896	942	387	9	551	1582	190	-1	897	-1
897	936	426	-9	4102	4634	225	896	-1
898	638	786	13	600	1957	234	-1	899	-1
899	638	783	-13	2963	4034	129	898	-1
900	300	376	7	201	1318	200	-1	901	-1
901	332	468	-7	2692	3491	211	900	-1
902	49	446	11	2317	3320	228	-1	903	-1
903	104	446	-11	3217	4470	105	902	-1
904	350	462	9	2700	3826	168	-1	905	-1
905	444	544	-9	2573	3211	105	904	-1
906	333	466	7	955	2230	169	-1	907	-1
907	333	466	-7	2014	3458	172	906	-1
908	81	714	18	2347	3592	124	-1	909	-1
909	43	449	-18	2670	3747	167	908	-1
910	58	728	15	2399	3887	116	-1	911	-1
911	46	477	-15	2107	3583	221	910	-1
912	308	560	8	2220	3056	134	-1	913	-1
913	414	528	-8	2024	2746	235	912	-1
914	701	347	19	1576	2617	190	-1	915	-1
915	909	387	-19	2110	2925	218	914	-1
916	328	534	6	3523	4174	247	-1	917	-1
917	261	580	-6	3066	4492	174	916	-1
918	348	464	14	609	1442	204	-1	919	-1
919	388	419	-14	1257	2215	223	918	-1
920	52	448	8	880	2106	216	-1	921	-1
921	302	447	-8	3874	4791	171	920	-1
922	326	475	12	1076	1586	189	-1	923	-1
923	305	559	-12	4001	4958	155	922	-1
924	267	534	10	1286	1874	108	-1	925	-1
925	444	544	-10	2903	4102	171	924	-1
926	630	798	7	30	1058	200	-1	927	-1
927	878	866	-7	1705	2894	126	926	-1
928	78	724	9	1168	2400	164	-1	929	-1
929	76	717	-9	2658	3830	246	928	-1
930	956	417	7	1780	3058	122	-1	931	-1
931	904	415	-7	922	2236	129	930	-1
932	727	350	9	3347	4736	138	-1	933	-1
933	701	348	-9	3242	3967	226	932	-1
934	443	536	6	1	1155	227	-1	935	-1
935	306	559	-6	1543	2861	185	934	-1
936	940	388	17	3597	4759	138	-1	937	-1
937	705	397	-17	3307	4807	105	936	-1
938	31	746	9	3344	4004	114	-1	939	-1
939	77	576	-9	3540	4350	188	938	-1
940	49	445	11	2111	2687	171	-1	941	-1
941	304	563	-11	2327	3713	133	940	-1
942	692	328	14	2458	3179	218	-1	943	-1
943	943	387	-14	3060	4522	190	942	-1
944	75	689	14	526	1720	237	-1	945	-1
945	45	448	-14	3235	3887	226	944	-1
946	942	387	20	886	2108	208	-1	947	-1
947	915	452	-20	1660	2864	187	946	-1
948	699	352	9	2967	3918	159	-1	949	-1
949	682	315	-9	3664	4596	238	948	-1
950	345	439	11	2641	3898	225	-1	951	-1
951	311	550	-11	2674	3680	104	950	-1
952	884	803	14	1072	2177	101	-1	953	-1
953	832	808	-14	168	1626	121	952	-1
954	399	447	9	109	1486	243	-1	955	-1
955	338	422	-9	3586	4720	213	954	-1
956	303	421	18	893	1891	118	-1	957	-1
957	34	410	-18	270	1578	125	956	-1
958	975	334	5	1387	2818	221	-1	959	-1
959	969	406	-5	1695	3083	149	958	-1
960	891	855	18	747	1358	108	-1	961	-1
961	849	826	-18	145	1608	101	960	-1
962	325	534	6	522	2021	201	-1	963	-1
963	92	683	-6	837	1450	186	962	-1
964	644	775	13	206	1203	121	-1	965	-1
965	679	804	-13	2311	3293	171	964	-1
966	742	400	5	1038	2468	163	-1	967	-1
967	696	338	-5	3300	4508	221	966	-1
968	317	513	6	769	2067	185	-1	969	-1
969	274	612	-6	907	2382	157	968	-1
970	52	441	8	3311	4789	147	-1	971	-1
971	306	559	-8	3278	4125	116	970	-1
972	354	449	10	1782	2486	204	-1	973	-1
973	275	550	-10	2092	2800	235	972	-1
974	297	468	10	395	1441	212	-1	975	-1
975	340	514	-10	631	1158	147	974	-1
976	638	812	11	2380	3008	115	-1	977	-1
977	636	781	-11	2332	3628	213	976	-1
978	50	441	6	944	1526	186	-1	979	-1
979	81	713	-6	2744	4046	221	978	-1
980	710	371	16	2894	4174	201	-1	981	-1
981	691	301	-16	3300	4054	101	980	-1
982	432	539	15	1335	2771	101	-1	983	-1
983	443	540	-15	3535	4186	181	982	-1
984	929	401	6	2014	2998	128	-1	985	-1
985	968	422	-6	1722	2995	146	984	-1
986	911	856	13	839	1782	120	-1	987	-1
987	914	875	-13	1937	3082	247	986	-1
988	299	506	18	2516	3175	218	-1	989	-1
989	49	447	-18	3098	3689	109	988	-1
990	730	454	17	3031	3710	200	-1	991	-1
991	893	509	-17	3584	4599	126	990	-1
992	446	545	6	1015	1661	184	-1	993	-1
993	457	574	-6	2828	3470	223	992	-1
994	293	565	8	714	2205	197	-1	995	-1
995	112	776	-8	219	1595	137	994	-1
996	335	468	17	1227	2629	246	-1	997	-1
997	487	529	-17	3159	4010	245	996	-1
998	444	544	18	9	1400	245	-1	999	-1
999	326	462	-18	502	1655	235	998	-1
0	59	557	59	557	50	0	5000
1	983	134	983	134	50	0	5000
2	798	705	798	705	50	0	5000
3	594	304	594	304	50	0	5000
4	506	780	506	780	50	0	5000
5	59	557	59	557	50	0	5000
6	983	134	983	134	50	0	5000
7	798	705	798	705	50	0	5000
8	594	304	594	304	50	0	5000
9	506	780	506	780	50	0	5000
10	59	557	59	557	50	0	5000
11	983	134	983	134	50	0	5000
12	798	705	798	705	50	0	5000
13	594	304	594	304	50	0	5000
14	506	780	506	780	50	0	5000
15	59	557	59	557	50	0	5000
16	983	134	983	134	50	0	5000
17	798	705	798	705	50	0	5000
18	594	304	594	304	50	0	5000
19	506	780	506	780	50	0	5000
20	59	557	59	557	50	0	5000
21	983	134	983	134	50	0	5000
22	798	705	798	705	50	0	5000
23	594	304	594	304	50	0	5000
24	506	780	506	780	50	0	5000
25	59	557	59	557	50	0	5000
26	983	134	983	134	50	0	5000
27	798	705	798	705	50	0	5000
28	594	304	594	304	50	0	5000
29	506	780	506	780	50	0	5000
30	59	557	59	557	50	0	5000
31	983	134	983	134	50	0	5000
32	798	705	798	705	50	0	5000
33	594	304	594	304	50	0	5000
34	506	780	506	780	50	0	5000
35	59	557	59	557	50	0	5000
36	983	134	983	134	50	0	5000
37	798	705	798	705	50	0	5000
38	594	304	594	304	50	0	5000
39	506	780	506	780	50	0	5000
40	59	557	59	557	50	0	5000
41	983	134	983	134	50	0	5000
42	798	705	798	705	50	0	5000
43	594	304	594	304	50	0	5000
44	506	780	506	780	50	0	5000
45	59	557	59	557	50	0	5000
46	983	134	983	134	50	0	5000
47	798	705	798	705	50	0	5000
48	594	304	594	304	50	0	5000
49	506	780	506	780	50	0	5000
50	59	557	59	557	50	0	5000
51	983	134	983	134	50	0	5000
52	798	705	798	705	50	0	5000
53	594	304	594	304	50	0	5000
54	506	780	506	780	50	0	5000
55	59	557	59	557	50	0	5000
56	983	134	983	134	50	0	5000
57	798	705	798	705	50	0	5000
58	594	304	594	304	50	0	5000
59	506	780	506	780	50	0	5000
60	59	557	59	557	50	0	5000
61	983	134	983	134	50	0	5000
62	798	705	798	705	50	0	5000
63	594	304	594	304	50	0	5000
64	506	780	506	780	50	0	5000
65	59	557	59	557	50	0	5000
66	983	134	983	134	50	0	5000
67	798	705	798	705	50	0	5000
68	594	304	594	304	50	0	5000
69	506	780	506	780	50	0	5000
70	59	557	59	557	50	0	5000
71	983	134	983	134	50	0	5000
72	798	705	798	705	50	0	5000
73	594	304	594	304	50	0	5000
74	506	780	506	780	50	0	5000
75	59	557	59	557	50	0	5000
76	983	134	983	134	50	0	5000
77	798	705	798	705	50	0	5000
78	594	304	594	304	50	0	5000
79	506	780	506	780	50	0	5000
80	59	557	59	557	50	0	5000
81	983	134	983	134	50	0	5000
82	798	705	798	705	50	0	5000
83	594	304	594	304	50	0	5000
84	506	780	506	780	50	0	5000
85	59	557	59	557	50	0	5000
86	983	134	983	134	50	0	5000
87	798	705	798	705	50	0	5000
88	594	304	594	304	50	0	5000
89	506	780	506	780	50	0	5000
90	59	557	59	557	50	0	5000
91	983	134	983	134	50	0	5000
92	798	705	798	705	50	0	5000
93	594	304	594	304	50	0	5000
94	506	780	506	780	50	0	5000
95	59	557	59	557	50	0	5000
96	983	134	983	134	50	0	5000
97	798	705	798	705	50	0	5000
98	594	304	594	304	50	0	5000
99	506	780	506	780	50	0	5000
100	59	557	59	557	50	0	5000
101	983	134	983	134	50	0	5000
102	798	705	798	705	50	0	5000
103	594	304	594	304	50	0	5000
104	506	780	506	780	50	0	5000
105	59	557	59	557	50	0	5000
106	983	134	983	134	50	0	5000
107	798	705	798	705	50	0	5000
108	594	304	594	304	50	0	5000
109	506	780	506	780	50	0	5000
110	59	557	59	557	50	0	5000
111	983	134	983	134	50	0	5000
112	798	705	798	705	50	0	5000
113	594	304	594	304	50	0	5000
114	506	780	506	780	50	0	5000
115	59	557	59	557	50	0	5000
116	983	134	983	134	50	0	5000
117	798	705	798	705	50	0	5000
118	594	304	594	304	50	0	5000
119	506	780	506	780	50	0	5000
120	59	557	59	557	50	0	5000
121	983	134	983	134	50	0	5000
122	798	705	798	705	50	0	5000
123	594	304	594	304	50	0	5000
124	506	780	506	780	50	0	5000
125	59	557	59	557	50	0	5000
126	983	134	983	134	50	0	5000
127	798	705	798	705	50	0	5000
128	594	304	594	304	50	0	5000
129	506	780	506	780	50	0	5000
130	59	557	59	557	50	0	5000
131	983	134	983	134	50	0	5000
132	798	705	798	705	50	0	5000
133	594	304	594	304	50	0	5000
134	506	780	506	780	50	0	5000
135	59	557	59	557	50	0	5000
136	983	134	983	134	50	0	5000
137	798	705	798	705	50	0	5000
138	594	304	594	304	50	0	5000
139	506	780	506	780	50	0	5000
140	59	557	59	557	50	0	5000
141	983	134	983	134	50	0	5000
142	798	705	798	705	50	0	5000
143	594	304	594	304	50	0	5000
144	506	780	506	780	50	0	5000
145	59	557	59	557	50	0	5000
146	983	134	983	134	50	0	5000
147	798	705	798	705	50	0	5000
148	594	304	594	304	50	0	5000
149	506	780	506	780	50	0	5000
