100	30	1	1	100000
0	668	139	9	3374	4669	232	-1	1	-1
1	747	315	-9	3046	4505	139	0	-1
2	82	665	13	329	1103	117	-1	3	15	4	5	6	9	10	11	13	14	20	21	22	23	25	27	28
3	217	764	-13	2569	3698	126	2	-1
4	96	325	12	367	1660	214	-1	5	-1
5	96	326	-12	3438	4845	246	4	-1
6	141	832	8	431	1691	134	-1	7	-1
7	61	663	-8	1572	2120	188	6	-1
8	626	67	6	1123	2304	117	-1	9	-1
9	648	130	-6	1270	2539	223	8	-1
10	94	673	12	925	2216	116	-1	11	-1
11	53	650	-12	3258	4475	173	10	-1
12	141	287	18	155	1165	107	-1	13	9	1	7	8	13	14	15	19	22	23
13	122	328	-18	3881	4573	195	12	-1
14	661	53	18	64	1179	178	-1	15	9	0	8	11	14	15	20	21	25	28
15	716	315	-18	1392	2044	185	14	-1
16	144	816	13	2685	3401	128	-1	17	16	0	1	3	5	6	7	12	13	16	17	21	23	24	25	26	29
17	82	668	-13	2352	3261	169	16	-1
18	76	670	18	317	945	122	-1	19	12	1	7	10	14	15	16	17	18	23	24	26	27
19	140	813	-18	643	1787	113	18	-1
20	105	663	10	114	1101	121	-1	21	11	3	7	9	11	12	13	17	21	22	23	29
21	83	665	-10	3081	3641	197	20	-1
22	686	110	8	1332	2757	229	-1	23	11	3	4	7	8	11	12	13	14	16	21	23
23	716	38	-8	3710	4651	221	22	-1
24	254	798	14	1188	2358	245	-1	25	17	1	4	5	6	7	11	14	17	19	20	21	23	25	26	27	28	29
25	144	816	-14	2457	3140	104	24	-1
26	691	854	8	1021	1969	130	-1	27	14	0	1	2	3	4	5	6	9	10	15	18	19	21	27
27	770	890	-8	3065	4301	232	26	-1
28	142	816	13	862	2036	158	-1	29	11	0	6	13	14	15	16	17	21	24	27	28
29	254	797	-13	1487	2938	137	28	-1
30	59	669	18	3205	4517	147	-1	31	12	1	2	3	9	10	11	14	17	21	27	28	29
31	137	818	-18	3673	4685	186	30	-1
32	110	343	14	1798	2648	133	-1	33	16	0	1	2	3	4	5	7	8	9	10	15	17	18	20	26	29
33	119	363	-14	3394	4370	139	32	-1
34	745	295	9	284	1582	110	-1	35	-1
35	639	87	-9	2119	2716	165	34	-1
36	431	623	18	3708	4618	227	-1	37	10	2	4	6	10	17	19	21	22	25	26
37	385	736	-18	3377	4444	245	36	-1
38	758	36	15	274	894	106	-1	39	9	4	5	10	12	22	24	26	28	29
39	747	314	-15	3040	3820	114	38	-1
40	690	921	16	3040	3800	136	-1	41	-1
41	694	854	-16	2276	3679	134	40	-1
42	129	815	5	1576	2965	234	-1	43	17	0	1	2	3	4	8	9	13	14	16	17	18	21	23	24	25	29
43	246	797	-5	3655	4800	214	42	-1
44	682	110	6	526	1694	131	-1	45	9	0	1	4	5	10	18	22	25	26
45	651	58	-6	518	1946	217	44	-1
46	255	802	7	1160	2540	114	-1	47	17	4	5	7	8	9	11	13	14	15	16	17	19	22	24	26	28	29
47	81	668	-7	2621	3379	226	46	-1
48	142	816	10	3738	4367	188	-1	49	15	1	3	4	5	7	9	12	13	15	16	17	18	22	23	24
49	213	765	-10	4038	4996	177	48	-1
50	613	181	7	3863	4993	163	-1	51	-1
51	647	165	-7	3317	4396	152	50	-1
52	434	630	15	3990	4939	228	-1	53	-1
53	247	798	-15	4104	4649	179	52	-1
54	430	626	5	3928	4651	192	-1	55	15	1	3	5	6	10	13	14	17	19	22	23	24	25	27	29
55	358	606	-5	3091	4535	101	54	-1
56	782	429	18	3426	4851	185	-1	57	10	3	5	8	11	17	19	22	24	25	26
57	739	319	-18	4347	4959	183	56	-1
58	661	108	18	1351	2636	103	-1	59	17	0	1	2	4	5	6	7	14	16	17	18	19	23	25	26	28	29
59	655	134	-18	353	1651	103	58	-1
60	138	804	16	1150	1839	124	-1	61	-1
61	85	689	-16	3191	3719	101	60	-1
62	746	311	11	3165	4075	209	-1	63	-1
63	669	131	-11	3001	4460	149	62	-1
64	725	389	8	988	1841	171	-1	65	-1
65	665	141	-8	1354	2060	175	64	-1
66	649	96	19	3435	4397	141	-1	67	-1
67	635	47	-19	2869	3922	210	66	-1
68	779	148	10	209	872	205	-1	69	-1
69	668	143	-10	1675	2177	202	68	-1
70	67	886	15	401	1645	205	-1	71	17	0	1	2	6	8	10	11	12	13	14	17	18	22	23	25	27	28
71	82	665	-15	804	2085	142	70	-1
72	390	603	17	1598	2198	141	-1	73	15	0	1	3	6	8	9	10	14	17	19	22	23	25	27	28
73	432	625	-17	2880	4179	232	72	-1
74	748	315	11	1921	2846	130	-1	75	-1
75	682	114	-11	3472	4964	102	74	-1
76	252	788	12	2251	3721	102	-1	77	-1
77	110	647	-12	3413	4109	246	76	-1
78	285	774	10	2308	3143	117	-1	79	14	2	3	5	8	9	15	16	17	20	21	25	26	27	29
79	98	671	-10	4375	4962	214	78	-1
80	453	680	9	1278	1882	236	-1	81	-1
81	400	617	-9	3909	4881	167	80	-1
82	432	626	17	288	1143	112	-1	83	-1
83	273	810	-17	3377	4734	128	82	-1
84	662	171	14	1640	2795	237	-1	85	13	3	7	8	9	10	18	19	21	22	24	25	27	28
85	681	150	-14	3075	4258	116	84	-1
86	696	855	16	813	2296	183	-1	87	14	1	3	4	7	8	10	11	12	13	15	21	23	28	29
87	619	887	-16	686	2150	122	86	-1
88	228	809	8	2453	3504	150	-1	89	-1
89	435	623	-8	2713	4067	224	88	-1
90	87	326	13	3799	4353	103	-1	91	16	0	2	4	5	6	8	9	10	11	12	13	14	15	17	24	28
91	96	320	-13	2894	4122	117	90	-1
92	131	865	6	1414	2557	208	-1	93	15	1	7	8	9	11	12	13	14	16	17	18	20	21	22	27
93	69	606	-6	2200	3021	161	92	-1
94	649	55	15	2794	3594	224	-1	95	13	2	6	7	12	13	16	19	21	22	24	25	26	28
95	670	152	-15	3276	4680	230	94	-1
96	662	130	13	692	1943	115	-1	97	-1
97	749	323	-13	625	1742	143	96	-1
98	655	36	19	503	1532	133	-1	99	-1
99	642	84	-19	2895	4067	103	98	-1
100	417	504	16	1898	3348	127	-1	101	-1
101	243	695	-16	1591	2542	139	100	-1
102	434	626	14	2766	4137	153	-1	103	13	1	4	5	6	9	13	15	16	17	18	21	24	27
103	425	628	-14	3936	4852	167	102	-1
104	119	333	18	1331	1990	218	-1	105	10	1	3	8	9	11	13	14	19	21	22
105	96	326	-18	2657	3310	234	104	-1
106	287	854	8	2383	3570	114	-1	107	11	0	2	4	7	10	12	15	16	22	23	27
107	160	787	-8	2859	4159	109	106	-1
108	675	149	14	1057	2463	121	-1	109	14	2	4	5	7	8	9	10	13	14	15	18	20	23	25
109	653	122	-14	1462	2624	207	108	-1
110	83	288	20	272	1571	120	-1	111	12	1	2	5	9	13	16	17	21	24	25	27	28
111	107	320	-20	2619	3536	182	110	-1
112	82	665	15	622	1817	131	-1	113	-1
113	256	801	-15	537	2007	117	112	-1
114	667	146	8	1426	2798	246	-1	115	12	2	4	10	12	13	14	18	19	21	22	23	25
115	754	339	-8	4218	4731	210	114	-1
116	699	863	13	2290	3405	183	-1	117	16	2	5	6	9	10	12	14	15	16	17	20	21	25	26	27	29
117	697	848	-13	1494	2955	135	116	-1
118	104	318	8	3353	4601	117	-1	119	-1
119	96	327	-8	3986	4877	209	118	-1
120	700	858	6	733	1694	224	-1	121	17	1	3	4	6	7	9	11	12	13	14	17	18	20	21	23	25	27
121	784	839	-6	2359	3336	237	120	-1
122	184	698	13	2217	3635	244	-1	123	15	0	2	3	4	5	6	7	11	12	15	17	20	21	22	23
123	259	805	-13	3584	4406	215	122	-1
124	100	331	11	1537	2606	213	-1	125	-1
125	87	369	-11	3119	4073	145	124	-1
126	698	852	19	352	1757	195	-1	127	-1
127	698	867	-19	329	1382	185	126	-1
128	108	678	5	1989	2602	112	-1	129	15	5	6	8	9	10	11	16	17	18	20	22	23	24	26	28
129	142	814	-5	2364	3530	126	128	-1
130	668	147	7	318	1506	198	-1	131	16	3	4	5	6	7	8	9	12	15	16	17	21	23	24	26	27
131	677	75	-7	3549	4064	160	130	-1
132	655	60	13	239	1299	100	-1	133	-1
133	649	39	-13	3004	3703	211	132	-1
134	646	74	11	1721	3087	237	-1	135	-1
135	730	287	-11	2042	3150	183	134	-1
136	696	848	19	2974	3525	238	-1	137	-1
137	693	854	-19	3329	4225	245	136	-1
138	237	798	11	1694	2943	183	-1	139	-1
139	257	695	-11	2839	3961	241	138	-1
140	167	826	5	43	1013	129	-1	141	12	0	1	3	4	5	7	9	13	18	21	25	26
141	421	712	-5	1459	2118	234	140	-1
142	79	611	7	511	1648	134	-1	143	-1
143	193	779	-7	3389	4862	131	142	-1
144	651	57	17	110	750	192	-1	145	-1
145	652	52	-17	2600	3908	198	144	-1
146	428	634	13	915	1811	150	-1	147	-1
147	246	799	-13	1531	2539	173	146	-1
148	624	91	20	2122	2945	183	-1	149	10	0	1	2	3	7	8	10	14	15	26
149	647	24	-20	2809	3504	207	148	-1
150	642	85	8	1760	2761	151	-1	151	-1
151	667	149	-8	3215	4325	162	150	-1
152	650	77	15	2938	4356	156	-1	153	11	2	3	4	14	15	17	20	23	25	27	28
153	667	148	-15	2891	3669	216	152	-1
154	673	152	13	1305	2165	156	-1	155	-1
155	652	50	-13	3891	4397	130	154	-1
156	433	625	17	554	1428	210	-1	157	-1
157	309	763	-17	2990	4272	207	156	-1
158	766	324	10	2796	4008	109	-1	159	16	2	7	8	10	11	13	14	15	16	17	18	19	20	21	28	29
159	657	87	-10	2748	3723	224	158	-1
160	107	572	19	411	1371	111	-1	161	12	2	8	12	13	14	17	18	21	23	25	26	28
161	257	798	-19	1533	2796	213	160	-1
162	295	825	14	1954	2602	190	-1	163	-1
163	442	631	-14	3553	4930	176	162	-1
164	651	140	11	1542	2474	176	-1	165	12	0	1	3	5	8	10	11	14	16	19	26	28
165	662	92	-11	3166	3826	211	164	-1
166	613	91	6	2604	3554	127	-1	167	-1
167	754	320	-6	3971	4704	179	166	-1
168	666	148	17	299	1076	105	-1	169	17	0	1	2	4	5	6	8	10	11	13	14	16	18	21	22	25	26
169	624	50	-17	115	1399	224	168	-1
170	713	275	19	1036	2230	212	-1	171	16	0	1	5	6	8	10	11	12	17	19	20	21	22	23	25	26
171	668	149	-19	3369	4691	226	170	-1
172	587	174	7	3612	4954	207	-1	173	16	0	1	2	3	6	8	9	10	11	12	15	17	21	23	25	26
173	668	148	-7	4022	4928	116	172	-1
174	139	817	19	2688	3510	206	-1	175	-1
175	82	665	-19	3485	4461	154	174	-1
176	785	331	7	2175	2917	115	-1	177	15	2	4	6	8	9	10	13	14	16	17	19	23	26	28	29
177	751	312	-7	1175	2565	174	176	-1
178	232	798	8	2251	3295	211	-1	179	-1
179	82	665	-8	3814	4906	132	178	-1
180	635	92	9	2373	3037	187	-1	181	10	3	7	8	9	13	14	17	18	21	27
181	634	88	-9	3239	4470	163	180	-1
182	48	342	12	2974	3600	186	-1	183	-1
183	94	279	-12	3566	4916	205	182	-1
184	755	318	10	2209	3309	190	-1	185	-1
185	640	83	-10	2578	4065	175	184	-1
186	171	326	6	1245	1850	121	-1	187	17	2	3	5	7	8	9	10	11	13	17	18	19	20	21	22	23	24
187	37	384	-6	3320	4051	206	186	-1
188	690	858	15	903	2163	206	-1	189	-1
189	695	854	-15	4290	4922	173	188	-1
190	144	811	18	35	979	161	-1	191	-1
191	142	816	-18	2962	4155	219	190	-1
192	609	939	18	801	2152	233	-1	193	13	0	2	3	5	11	13	15	16	20	22	23	27	28
193	704	889	-18	1121	1759	167	192	-1
194	642	86	7	1655	2378	131	-1	195	12	1	3	8	11	14	16	17	19	20	22	24	26
195	642	86	-7	1739	2971	108	194	-1
196	82	665	16	63	977	103	-1	197	-1
197	254	798	-16	4242	4947	216	196	-1
198	755	313	13	309	1798	134	-1	199	14	1	3	4	5	8	11	12	13	15	18	21	23	24	26
199	687	182	-13	720	2142	175	198	-1
0	472	493	472	493	50	0	5000
1	398	191	398	191	50	0	5000
2	979	739	979	739	50	0	5000
3	235	970	235	970	50	0	5000
4	370	892	370	892	50	0	5000
5	472	493	472	493	50	0	5000
6	398	191	398	191	50	0	5000
7	979	739	979	739	50	0	5000
8	235	970	235	970	50	0	5000
9	370	892	370	892	50	0	5000
10	472	493	472	493	50	0	5000
11	398	191	398	191	50	0	5000
12	979	739	979	739	50	0	5000
13	235	970	235	970	50	0	5000
14	370	892	370	892	50	0	5000
15	472	493	472	493	50	0	5000
16	398	191	398	191	50	0	5000
17	979	739	979	739	50	0	5000
18	235	970	235	970	50	0	5000
19	370	892	370	892	50	0	5000
20	472	493	472	493	50	0	5000
21	398	191	398	191	50	0	5000
22	979	739	979	739	50	0	5000
23	235	970	235	970	50	0	5000
24	370	892	370	892	50	0	5000
25	472	493	472	493	50	0	5000
26	398	191	398	191	50	0	5000
27	979	739	979	739	50	0	5000
28	235	970	235	970	50	0	5000
29	370	892	370	892	50	0	5000
