100	30	1	1	100000
0	600	92	18	2037	3247	200	-1	1	-1
1	633	120	-18	1060	2494	160	0	-1
2	5	283	19	2981	4312	158	-1	3	-1
3	207	149	-19	2259	3678	192	2	-1
4	805	562	20	1376	2341	142	-1	5	-1
5	986	627	-20	1759	2965	140	4	-1
6	686	462	17	2138	3295	172	-1	7	-1
7	923	531	-17	3588	4344	188	6	-1
8	325	736	7	2030	3130	203	-1	9	-1
9	149	691	-7	3998	4690	116	8	-1
10	479	485	9	1418	2533	181	-1	11	-1
11	647	537	-9	2887	3719	219	10	-1
12	159	713	19	678	1563	221	-1	13	-1
13	348	537	-19	2498	3353	240	12	-1
14	932	757	13	305	996	245	-1	15	-1
15	916	875	-13	3815	4833	111	14	-1
16	348	774	12	2448	3502	225	-1	17	-1
17	408	804	-12	2797	4121	103	16	-1
18	179	739	6	716	1450	128	-1	19	-1
19	22	603	-6	1920	3192	228	18	-1
20	178	415	10	1354	1996	138	-1	21	-1
21	129	588	-10	2563	3923	138	20	-1
22	938	893	8	1972	3032	241	-1	23	-1
23	802	745	-8	3477	4684	138	22	-1
24	442	343	10	3628	4246	234	-1	25	-1
25	370	140	-10	3517	4563	177	24	-1
26	795	408	6	2729	4222	230	-1	27	-1
27	736	532	-6	3049	3580	203	26	-1
28	843	127	13	3162	4567	189	-1	29	-1
29	895	155	-13	3996	4849	148	28	-1
30	776	322	10	2910	4284	242	-1	31	-1
31	763	324	-10	2389	3733	208	30	-1
32	129	205	17	123	745	212	-1	33	-1
33	62	38	-17	2932	3471	170	32	-1
34	752	792	17	959	1675	111	-1	35	-1
35	544	939	-17	2896	3569	174	34	-1
36	426	438	16	3578	4611	175	-1	37	-1
37	581	497	-16	3273	4252	185	36	-1
38	284	748	16	2281	3260	161	-1	39	-1
39	490	631	-16	2939	3984	236	38	-1
40	775	176	7	1983	3395	239	-1	41	-1
41	972	225	-7	2041	2740	247	40	-1
42	805	680	12	322	837	198	-1	43	-1
43	720	500	-12	3035	3549	127	42	-1
44	777	679	12	1851	3254	174	-1	45	-1
45	616	760	-12	2601	4032	119	44	-1
46	589	424	18	2261	3288	219	-1	47	-1
47	590	171	-18	3045	3966	167	46	-1
48	734	567	19	3525	4560	194	-1	49	-1
49	632	433	-19	3314	4158	185	48	-1
50	561	697	10	2714	3878	173	-1	51	-1
51	383	819	-10	2492	3313	207	50	-1
52	434	440	10	3502	4004	161	-1	53	-1
53	435	567	-10	3117	4284	242	52	-1
54	159	930	12	2526	3425	140	-1	55	-1
55	165	797	-12	3726	4990	213	54	-1
56	43	651	11	1016	2089	157	-1	57	-1
57	40	446	-11	2615	4088	233	56	-1
58	9	704	7	1867	2733	241	-1	59	-1
59	95	876	-7	3440	4347	191	58	-1
60	110	664	7	671	2027	125	-1	61	-1
61	108	548	-7	3146	4309	160	60	-1
62	663	825	12	159	740	114	-1	63	-1
63	734	654	-12	1037	2150	207	62	-1
64	486	102	6	1716	2820	129	-1	65	-1
65	244	38	-6	2775	3350	230	64	-1
66	414	847	16	569	1955	209	-1	67	-1
67	496	674	-16	765	1948	109	66	-1
68	644	330	12	1	1377	224	-1	69	-1
69	852	183	-12	3099	4009	151	68	-1
70	806	763	9	1086	1981	120	-1	71	-1
71	834	682	-9	4359	4961	120	70	-1
72	497	876	14	816	1451	172	-1	73	-1
73	692	976	-14	623	1898	229	72	-1
74	209	133	12	650	1298	235	-1	75	-1
75	171	188	-12	52	1544	244	74	-1
76	352	376	11	2968	4294	133	-1	77	-1
77	414	378	-11	3386	4094	148	76	-1
78	456	945	8	178	772	249	-1	79	-1
79	358	839	-8	604	1669	136	78	-1
80	722	487	19	76	1304	107	-1	81	-1
81	782	377	-19	2526	3372	243	80	-1
82	230	79	11	1856	3288	240	-1	83	-1
83	64	30	-11	2751	3980	162	82	-1
84	94	276	10	861	2136	225	-1	85	-1
85	125	535	-10	737	1660	206	84	-1
86	713	997	12	351	1112	206	-1	87	-1
87	675	760	-12	2666	3274	172	86	-1
88	58	125	16	3217	4175	202	-1	89	-1
89	155	70	-16	3153	4342	129	88	-1
90	556	206	17	1116	2103	142	-1	91	-1
91	809	184	-17	2363	3255	165	90	-1
92	315	326	6	1915	3180	159	-1	93	-1
93	273	253	-6	1362	2780	219	92	-1
94	454	69	11	9	838	146	-1	95	-1
95	702	120	-11	1529	2164	145	94	-1
96	503	399	7	2877	4257	108	-1	97	-1
97	557	150	-7	2297	3426	132	96	-1
98	358	702	12	3850	4756	114	-1	99	-1
99	500	498	-12	3354	4647	151	98	-1
100	965	43	10	2106	3288	131	-1	101	-1
101	902	203	-10	2133	3483	177	100	-1
102	605	454	14	2471	3496	243	-1	103	-1
103	492	646	-14	2944	4183	240	102	-1
104	937	659	9	413	1547	104	-1	105	-1
105	792	581	-9	3182	4148	246	104	-1
106	51	2	9	1918	2645	120	-1	107	-1
107	214	203	-9	3335	4007	244	106	-1
108	976	50	8	66	1179	173	-1	109	-1
109	980	317	-8	2333	3602	217	108	-1
110	56	376	6	69	1398	146	-1	111	-1
111	26	611	-6	4241	4956	114	110	-1
112	971	188	7	1616	2763	166	-1	113	-1
113	768	181	-7	2263	3692	161	112	-1
114	134	827	13	455	1612	204	-1	115	-1
115	327	940	-13	1696	3147	206	114	-1
116	939	541	6	926	2273	151	-1	117	-1
117	863	788	-6	3818	4481	114	116	-1
118	343	426	7	199	1496	178	-1	119	-1
119	542	417	-7	498	1330	234	118	-1
120	624	880	12	996	2184	227	-1	121	-1
121	761	703	-12	1462	2002	177	120	-1
122	962	167	6	617	2081	150	-1	123	-1
123	771	251	-6	2189	2843	195	122	-1
124	81	642	15	815	1679	215	-1	125	-1
125	185	563	-15	2364	3731	126	124	-1
126	579	823	12	1835	2429	196	-1	127	-1
127	519	965	-12	2513	3383	239	126	-1
128	718	45	20	1360	2399	249	-1	129	-1
129	932	123	-20	2350	3828	187	128	-1
130	124	994	19	412	1042	106	-1	131	-1
131	183	736	-19	2431	3753	172	130	-1
132	246	375	16	2043	2548	167	-1	133	-1
133	62	553	-16	4142	4808	127	132	-1
134	434	628	9	79	1529	168	-1	135	-1
135	536	476	-9	819	1834	212	134	-1
136	603	919	16	2097	2839	206	-1	137	-1
137	359	839	-16	2825	3406	227	136	-1
138	411	718	16	2215	3282	245	-1	139	-1
139	512	895	-16	2911	4217	109	138	-1
140	393	44	16	1362	2793	182	-1	141	-1
141	407	313	-16	2509	3567	162	140	-1
142	948	44	16	1412	2570	218	-1	143	-1
143	785	108	-16	2605	3832	105	142	-1
144	943	542	15	539	1599	105	-1	145	-1
145	914	781	-15	870	2160	223	144	-1
146	343	36	11	1733	2463	119	-1	147	-1
147	370	313	-11	3604	4121	209	146	-1
148	324	193	7	3078	4326	122	-1	149	-1
149	191	324	-7	4014	4831	133	148	-1
150	785	527	6	2173	3213	110	-1	151	-1
151	898	539	-6	2215	3281	150	150	-1
152	824	653	17	329	1631	150	-1	153	-1
153	718	607	-17	1045	2255	101	152	-1
154	592	287	8	1765	3022	158	-1	155	-1
155	532	25	-8	4096	4859	176	154	-1
156	426	342	16	1413	2848	133	-1	157	-1
157	516	239	-16	1804	2671	171	156	-1
158	345	805	13	2898	4311	249	-1	159	-1
159	494	759	-13	3605	4423	185	158	-1
160	35	158	8	966	1949	168	-1	161	-1
161	186	126	-8	1914	2554	160	160	-1
162	413	186	13	1261	1934	167	-1	163	-1
163	205	190	-13	698	1980	174	162	-1
164	191	729	19	949	1607	189	-1	165	-1
165	333	820	-19	3933	4982	136	164	-1
166	941	605	7	2204	3580	125	-1	167	-1
167	927	876	-7	2356	3120	132	166	-1
168	616	270	6	297	1365	182	-1	169	-1
169	627	339	-6	3669	4913	240	168	-1
170	562	917	11	129	976	125	-1	171	-1
171	641	885	-11	3549	4092	236	170	-1
172	780	208	12	1574	2147	190	-1	173	-1
173	682	19	-12	3170	4282	223	172	-1
174	615	72	19	2049	3330	103	-1	175	-1
175	727	93	-19	3169	4235	132	174	-1
176	341	955	9	119	676	206	-1	177	-1
177	369	878	-9	1494	2720	168	176	-1
178	444	428	15	708	1708	162	-1	179	-1
179	270	298	-15	1080	1822	102	178	-1
180	85	751	8	624	2060	245	-1	181	-1
181	75	854	-8	2238	3347	107	180	-1
182	831	536	13	1250	1932	115	-1	183	-1
183	829	428	-13	772	2112	104	182	-1
184	555	864	8	2879	4145	234	-1	185	-1
185	494	706	-8	4145	4861	217	184	-1
186	678	887	15	3000	3707	141	-1	187	-1
187	513	966	-15	3203	4102	247	186	-1
188	650	270	18	288	1688	240	-1	189	-1
189	536	36	-18	2565	3738	107	188	-1
190	165	274	16	1485	2828	130	-1	191	-1
191	254	538	-16	2045	3389	142	190	-1
192	188	281	7	1741	3102	218	-1	193	-1
193	255	86	-7	3348	4266	184	192	-1
194	600	264	15	1730	2876	149	-1	195	-1
195	686	173	-15	3605	4614	247	194	-1
196	770	666	16	1870	2679	243	-1	197	-1
197	665	855	-16	3429	4870	148	196	-1
198	757	920	7	587	1529	125	-1	199	-1
199	883	847	-7	4005	4734	197	198	-1
0	444	28	832	189	50	0	5000
1	787	146	680	205	50	0	5000
2	940	994	992	760	50	0	5000
3	161	101	121	478	50	0	5000
4	19	511	222	457	50	0	5000
5	918	106	865	412	50	0	5000
6	368	702	171	970	50	0	5000
7	980	152	902	102	50	0	5000
8	186	9	49	295	50	0	5000
9	305	533	234	476	50	0	5000
10	302	198	362	172	50	0	5000
11	668	837	447	858	50	0	5000
12	629	76	418	398	50	0	5000
13	324	286	91	174	50	0	5000
14	905	462	939	422	50	0	5000
15	990	794	863	422	50	0	5000
16	769	375	834	725	50	0	5000
17	291	60	184	86	50	0	5000
18	790	950	402	930	50	0	5000
19	347	316	202	372	50	0	5000
20	957	909	540	966	50	0	5000
21	815	91	700	475	50	0	5000
22	824	52	625	166	50	0	5000
23	781	75	841	392	50	0	5000
24	513	233	170	455	50	0	5000
25	591	497	378	672	50	0	5000
26	99	944	212	655	50	0	5000
27	787	755	982	400	50	0	5000
28	688	872	739	790	50	0	5000
29	331	247	630	489	50	0	5000
