500	150	1	1	100000
0	469	653	15	1667	2176	119	-1	1	76	5	7	8	9	10	12	15	17	19	23	26	27	30	33	34	40	42	43	44	46	49	52	54	55	59	62	64	65	66	67	68	70	71	72	73	76	78	79	80	81	82	84	87	88	90	93	94	95	98	99	100	101	103	104	108	109	110	112	114	118	120	121	123	124	126	127	129	131	134	138	140	142	143	144	146	149
1	198	576	-15	3865	4707	222	0	-1
2	190	840	18	1970	3155	106	-1	3	-1
3	165	944	-18	2323	2835	194	2	-1
4	158	169	5	1945	3240	111	-1	5	-1
5	343	174	-5	2982	3590	148	4	-1
6	561	494	15	85	790	205	-1	7	72	1	4	7	8	9	12	16	17	18	19	20	21	22	23	24	27	28	31	33	38	40	41	46	47	48	49	54	56	57	58	59	61	62	63	64	65	67	68	69	70	81	83	84	85	86	88	89	95	98	99	101	102	104	107	109	112	116	119	121	123	124	128	130	131	136	137	140	142	144	145	148	149
7	599	263	-15	508	1871	192	6	-1
8	379	261	5	222	1548	228	-1	9	77	3	8	9	10	11	13	14	15	19	26	27	28	30	31	32	33	34	37	38	40	41	43	46	47	49	50	51	52	53	55	58	60	62	63	64	65	68	69	70	74	76	77	78	79	81	82	84	85	88	89	92	93	94	100	103	105	106	107	110	113	114	115	117	119	121	124	126	128	134	137	139	140	141	142	144	145	148
9	214	95	-5	4251	4899	178	8	-1
10	585	574	13	2518	3938	213	-1	11	75	0	1	5	6	10	12	13	14	15	17	20	21	23	24	27	29	30	36	37	38	42	43	45	49	50	54	55	58	59	64	66	68	70	72	75	78	79	80	81	87	89	90	91	92	93	94	96	102	104	106	107	108	111	112	113	115	116	117	118	120	121	123	125	127	130	131	134	136	137	139	140	141	142	143	148
11	501	661	-13	2301	3792	132	10	-1
12	122	199	12	1715	2572	207	-1	13	-1
13	252	267	-12	3721	4228	225	12	-1
14	54	510	15	535	1933	137	-1	15	-1
15	20	361	-15	1820	2810	226	14	-1
16	218	225	18	705	1281	182	-1	17	88	0	1	2	3	5	6	8	9	10	13	14	15	16	17	20	21	22	23	27	29	32	33	35	38	40	42	43	45	46	47	48	49	50	54	55	57	60	61	62	65	66	68	69	72	74	77	78	79	80	82	86	87	88	92	94	95	96	97	98	100	102	103	104	107	109	112	113	115	116	117	118	120	121	122	124	127	128	131	132	134	135	138	140	142	144	147	148	149
17	440	210	-18	1366	2692	222	16	-1
18	8	295	17	1986	3288	135	-1	19	-1
19	46	41	-17	1715	2671	107	18	-1
20	769	126	13	1177	2157	138	-1	21	45	2	3	5	7	8	18	22	23	24	27	28	36	37	41	43	45	46	47	48	49	51	64	66	69	72	75	78	91	96	102	104	107	113	114	116	119	127	128	133	138	139	140	141	143	145
21	516	152	-13	1051	2165	176	20	-1
22	882	966	20	2300	3004	218	-1	23	81	0	2	3	5	6	7	10	13	14	16	19	21	23	24	29	31	32	38	42	45	46	47	48	50	51	53	55	60	61	65	66	67	68	73	76	77	78	80	81	82	84	86	88	90	91	92	93	94	95	97	99	100	102	103	104	105	108	109	110	111	113	117	118	119	120	121	122	123	129	130	132	133	136	137	139	140	142	143	144	145	149
23	761	743	-20	3602	4676	113	22	-1
24	366	43	9	1581	2271	225	-1	25	-1
25	348	169	-9	3388	4809	102	24	-1
26	686	319	8	3186	3775	143	-1	27	-1
27	748	429	-8	3137	4495	169	26	-1
28	779	945	18	3545	4292	225	-1	29	71	5	8	9	10	11	12	15	17	19	21	25	26	27	31	32	34	36	37	38	39	41	42	44	45	46	47	48	52	53	55	56	60	61	68	70	72	73	75	79	80	81	82	85	87	88	89	91	93	96	99	102	105	108	112	118	120	121	122	124	125	126	128	129	132	135	136	138	139	144	146	149
29	848	839	-18	3150	4200	145	28	-1
30	944	299	6	1196	2676	145	-1	31	78	0	1	4	5	6	8	11	16	17	18	19	21	25	26	27	29	30	34	35	36	38	42	43	46	48	49	50	53	55	56	57	58	59	60	61	64	66	68	69	70	72	74	77	80	81	83	85	86	87	88	89	93	96	100	103	105	106	109	110	111	112	114	117	118	122	123	127	131	132	134	136	138	139	142	143	145	146	148
31	888	175	-6	3269	4238	108	30	-1
32	840	383	17	2121	3178	168	-1	33	55	2	4	5	8	11	16	17	23	24	25	26	27	29	37	38	39	44	47	52	54	55	57	59	62	64	69	70	72	77	78	79	83	85	90	91	95	100	101	106	109	113	115	126	127	130	131	132	135	136	139	141	142	144	145	146
33	787	458	-17	3223	3961	187	32	-1
34	95	594	19	2907	3418	225	-1	35	77	0	1	2	3	5	6	12	13	17	19	22	26	27	29	30	32	33	35	37	38	42	44	46	47	49	51	52	53	61	62	63	65	70	71	72	73	76	77	78	79	80	81	82	85	87	88	89	90	91	95	98	99	101	104	109	110	111	114	115	116	117	118	120	123	124	125	129	134	135	138	139	140	141	144	145	146	148
35	70	460	-19	2306	3638	213	34	-1
36	639	135	20	3578	4463	217	-1	37	71	0	2	4	8	10	11	12	13	14	17	18	19	20	21	23	24	29	31	34	36	39	40	42	44	45	48	49	50	53	56	57	59	63	64	65	70	72	74	79	83	85	86	87	90	92	93	95	98	101	102	103	104	105	106	109	111	113	114	117	118	120	123	129	133	137	140	142	144	145	146	147
37	405	33	-20	3217	4338	100	36	-1
38	456	924	17	2458	3260	212	-1	39	-1
39	551	998	-17	4147	4912	239	38	-1
40	765	360	11	291	1532	249	-1	41	-1
41	892	536	-11	3230	4582	191	40	-1
42	85	834	11	1203	2593	174	-1	43	-1
43	151	580	-11	2030	3108	109	42	-1
44	708	958	10	816	2152	108	-1	45	-1
45	715	783	-10	3958	4886	168	44	-1
46	215	268	16	2893	4008	225	-1	47	-1
47	48	355	-16	2990	4109	233	46	-1
48	387	718	17	3070	3592	141	-1	49	80	0	1	5	6	7	9	10	13	15	16	18	20	22	23	25	27	28	30	33	34	36	38	39	40	42	43	45	46	48	50	52	53	54	55	57	59	63	65	66	67	68	69	70	71	73	78	79	83	85	86	87	88	91	92	93	97	99	100	104	106	107	108	109	110	111	112	114	120	121	124	125	126	130	131	133	135	142	143	144	148
49	341	550	-17	3589	4191	230	48	-1
50	653	227	12	1259	2185	221	-1	51	82	1	2	3	4	7	8	9	12	14	15	16	18	20	22	23	25	26	31	34	35	37	39	40	41	44	47	48	50	51	52	53	54	55	57	58	59	60	61	64	66	71	72	74	75	76	77	79	80	81	82	85	87	91	93	94	96	100	103	105	110	111	114	115	117	120	122	124	125	126	131	132	133	135	136	137	138	140	142	145	146	148	149
51	382	212	-12	1238	2269	203	50	-1
52	737	580	10	1197	2679	211	-1	53	-1
53	987	463	-10	1684	3141	155	52	-1
54	966	899	19	1254	1904	241	-1	55	68	0	1	3	10	14	16	18	22	23	24	26	27	34	35	36	38	39	43	44	45	49	52	53	54	56	58	59	60	64	68	70	71	72	73	75	76	78	79	82	84	86	89	90	91	93	95	98	99	102	103	104	105	106	111	114	115	117	121	123	124	127	134	143	144	145	146	147	148
55	918	623	-19	1799	2717	172	54	-1
56	426	289	14	1802	2408	223	-1	57	-1
57	436	567	-14	2520	3936	126	56	-1
58	815	895	6	906	2060	243	-1	59	55	2	4	8	14	15	16	18	21	23	25	26	29	34	39	40	41	43	44	45	46	47	48	51	52	53	56	65	77	78	80	81	83	85	86	89	92	95	97	99	100	102	104	110	112	116	118	122	123	124	125	137	141	143	147	148
59	942	853	-6	2440	3474	172	58	-1
60	904	221	10	1084	2366	127	-1	61	-1
61	676	55	-10	2880	3618	149	60	-1
62	126	579	20	1457	2839	196	-1	63	-1
63	265	570	-20	3475	4803	152	62	-1
64	121	788	12	3063	4018	183	-1	65	-1
65	78	544	-12	3119	4272	165	64	-1
66	482	580	14	539	1297	177	-1	67	56	4	10	12	13	14	15	17	26	28	29	33	38	39	44	45	46	48	49	51	56	59	63	65	66	68	69	74	79	80	82	89	92	95	97	98	101	102	103	111	113	114	115	118	120	122	128	129	130	131	133	135	137	140	141	143	146
67	587	392	-14	545	1305	114	66	-1
68	737	961	5	354	1450	191	-1	69	-1
69	836	802	-5	1579	2598	157	68	-1
70	143	306	10	3330	4092	131	-1	71	60	0	3	7	10	11	12	13	15	16	17	20	30	34	37	39	46	50	52	54	57	60	61	62	64	65	67	68	70	72	78	82	84	85	86	87	89	91	93	95	98	99	101	106	109	110	112	113	114	116	118	119	120	121	127	132	142	143	145	148	149
71	359	399	-10	2742	4115	177	70	-1
72	697	374	20	3751	4774	192	-1	73	77	1	2	4	5	7	8	9	10	11	12	15	17	18	24	27	30	40	42	43	45	46	49	50	51	54	57	59	60	61	62	64	66	68	69	72	76	78	79	80	81	82	83	84	85	88	90	93	97	98	99	101	102	103	104	107	108	110	112	114	115	116	117	118	119	122	123	124	126	127	129	131	133	136	138	143	146	147
73	767	481	-20	3449	4906	236	72	-1
74	252	924	11	848	2111	133	-1	75	56	2	4	6	11	21	25	26	27	32	33	39	43	44	47	49	50	51	52	53	57	59	60	64	68	76	81	82	85	86	87	89	93	99	105	106	107	108	109	110	111	113	114	117	118	125	126	127	129	130	132	134	135	140	142	143	145
75	440	995	-11	301	1365	155	74	-1
76	663	395	19	502	1258	215	-1	77	67	1	2	4	6	8	9	10	11	12	13	17	20	25	27	28	30	34	36	38	39	41	44	45	48	49	50	52	53	61	62	66	67	68	74	75	79	83	84	86	88	89	94	98	100	102	104	106	108	109	112	113	115	116	118	119	121	122	123	127	130	137	141	144	145	146	147	148
77	861	524	-19	2134	3284	125	76	-1
78	460	715	16	721	2003	192	-1	79	76	1	4	7	13	15	17	19	20	21	22	24	27	29	32	33	35	38	40	41	43	44	46	48	49	50	51	52	54	55	58	64	65	66	67	68	72	73	74	75	76	77	79	80	81	82	83	87	88	89	91	92	95	96	100	102	105	106	108	109	111	113	114	115	117	123	126	134	135	136	138	139	140	141	143	147	148
79	633	631	-16	912	1837	100	78	-1
80	48	929	15	846	2053	228	-1	81	84	0	1	2	3	4	5	6	13	14	16	19	20	23	24	25	26	27	29	32	36	39	40	42	43	44	45	46	47	48	51	54	55	56	60	61	63	64	65	67	69	70	71	74	76	81	82	85	87	88	91	92	93	95	97	98	99	100	102	104	105	107	108	110	112	113	114	115	118	119	120	121	122	123	124	125	127	128	133	134	138	141	143	147	148
81	320	993	-15	4323	4991	147	80	-1
82	237	636	18	1090	2145	193	-1	83	65	2	3	4	6	10	13	15	17	18	23	25	26	28	29	30	32	36	37	42	44	45	47	48	50	52	53	57	60	64	68	74	76	77	79	84	85	86	88	90	93	94	96	99	102	104	105	106	109	111	113	116	119	120	126	127	130	131	132	135	137	139	145	146	147	149
83	155	689	-18	886	1620	169	82	-1
84	154	384	18	289	1046	214	-1	85	78	1	2	4	6	7	8	11	12	14	15	18	20	21	22	26	27	30	35	37	38	40	42	44	46	48	50	51	52	55	56	59	60	63	64	65	66	68	69	71	72	76	79	81	82	86	87	90	92	94	96	97	98	100	101	104	107	108	110	111	114	115	116	119	122	125	127	128	130	131	132	133	137	140	143	144	145	146	149
85	270	489	-18	1480	2483	221	84	-1
86	541	208	8	1764	2768	129	-1	87	-1
87	411	353	-8	3262	4624	207	86	-1
88	947	629	15	2968	3953	198	-1	89	69	4	6	10	11	12	13	25	26	27	31	32	33	35	37	38	39	40	42	43	46	47	48	51	52	54	62	63	64	66	67	68	71	74	75	78	82	84	86	87	89	90	91	93	94	95	96	98	101	102	104	105	106	107	110	115	117	118	122	130	136	137	138	140	142	143	144	146	147	149
89	980	701	-15	2424	3880	121	88	-1
90	500	422	5	2393	2901	214	-1	91	-1
91	696	288	-5	3716	4623	164	90	-1
92	921	652	5	1907	3009	166	-1	93	73	1	4	7	9	10	11	12	13	14	18	19	21	23	24	29	30	31	32	33	36	37	39	40	41	44	48	50	51	54	55	56	57	59	60	63	64	67	68	70	71	74	81	87	89	90	91	92	94	96	97	98	100	101	104	105	106	109	113	119	120	122	123	126	129	130	133	134	138	140	143	144	146	147
93	938	610	-5	4258	4778	244	92	-1
94	449	700	7	1806	2625	214	-1	95	-1
95	440	575	-7	3096	4169	217	94	-1
96	545	685	20	495	1982	168	-1	97	-1
97	535	419	-20	687	1364	246	96	-1
98	985	195	11	1164	1894	153	-1	99	58	0	2	3	5	9	10	11	16	19	21	22	29	30	32	33	35	36	37	39	46	50	51	56	59	61	65	66	68	71	72	74	76	77	80	82	84	87	89	92	97	99	100	101	102	103	104	106	111	114	121	125	127	128	130	133	134	137	145
99	892	289	-11	3281	4752	101	98	-1
100	608	66	9	364	1389	139	-1	101	77	0	2	7	8	9	10	11	13	14	16	17	19	20	21	26	28	29	30	31	32	34	36	37	38	40	43	44	45	47	50	51	52	53	59	61	64	65	69	74	75	76	81	82	83	86	88	89	90	91	94	95	96	99	100	101	103	105	106	110	112	113	115	116	119	120	121	122	126	131	133	136	137	141	142	143	146	147
101	572	345	-9	652	1628	188	100	-1
102	932	460	15	349	1635	180	-1	103	-1
103	824	656	-15	2080	3398	143	102	-1
104	640	268	6	28	980	192	-1	105	-1
105	653	337	-6	836	1700	233	104	-1
106	237	685	8	1179	2111	138	-1	107	69	1	5	6	7	9	10	15	16	19	20	22	26	29	32	34	35	37	38	42	43	45	48	49	54	56	60	61	62	68	69	70	73	74	75	78	81	83	84	88	89	90	94	96	98	99	101	102	103	105	106	108	109	111	113	115	116	117	124	125	126	131	132	133	134	137	142	143	147	149
107	440	764	-8	1375	2754	158	106	-1
108	680	95	12	1664	2949	123	-1	109	-1
109	646	200	-12	4041	4704	175	108	-1
110	51	178	7	2079	2672	171	-1	111	-1
111	264	305	-7	3505	4460	246	110	-1
112	676	696	9	2140	3126	139	-1	113	-1
113	807	804	-9	1828	3195	114	112	-1
114	989	756	7	3285	4717	150	-1	115	89	0	2	3	4	5	7	8	9	12	16	20	23	25	29	31	32	33	34	35	37	38	40	41	42	45	46	47	48	49	52	53	54	55	57	58	60	61	64	65	66	68	69	70	71	72	75	76	77	79	83	84	88	89	90	92	93	96	97	98	100	102	103	109	110	111	113	114	115	116	119	121	124	125	126	127	128	129	130	131	134	137	138	141	142	145	146	147	148	149
115	749	839	-7	3258	4256	153	114	-1
116	11	330	14	1548	2316	135	-1	117	54	1	4	6	7	11	14	17	22	24	26	27	36	37	38	42	45	46	47	54	55	63	64	65	70	78	81	82	86	87	93	96	100	108	109	111	113	116	120	123	124	125	126	127	129	132	133	135	137	139	140	141	144	147	149
117	134	468	-14	1936	2934	132	116	-1
118	860	498	8	132	1269	209	-1	119	-1
119	646	624	-8	934	1522	162	118	-1
120	555	849	6	145	1572	112	-1	121	-1
121	575	749	-6	1312	2131	234	120	-1
122	803	56	15	171	1135	241	-1	123	-1
123	824	33	-15	640	1854	142	122	-1
124	131	776	16	2441	3518	110	-1	125	60	3	6	8	14	15	18	23	26	27	28	30	33	34	39	41	44	47	48	50	55	58	60	61	62	63	64	69	71	72	79	81	82	84	86	89	92	96	98	99	104	107	108	113	114	116	117	123	127	128	129	133	134	135	136	137	141	143	145	148	149
125	83	938	-16	1814	3009	201	124	-1
126	91	34	20	2100	3349	192	-1	127	-1
127	270	161	-20	3591	4946	130	126	-1
128	651	556	17	359	1049	235	-1	129	-1
129	559	698	-17	1895	2752	109	128	-1
130	702	369	19	791	2200	238	-1	131	76	2	8	12	13	15	19	20	21	23	24	26	30	31	32	34	37	39	40	43	46	47	49	52	55	58	60	61	62	65	67	71	72	73	75	77	79	81	83	84	85	86	89	90	92	94	95	100	104	105	107	108	111	112	114	115	116	117	118	119	120	122	124	128	129	132	134	135	136	137	140	141	143	144	145	146	147
131	424	368	-19	1491	2554	117	130	-1
132	42	625	19	1434	2233	247	-1	133	-1
133	156	524	-19	2425	3771	140	132	-1
134	261	85	17	1732	2431	119	-1	135	47	4	6	10	12	15	18	19	20	23	25	28	34	36	39	40	44	47	51	54	55	57	65	68	71	72	73	75	77	79	82	83	84	85	89	96	101	111	112	123	127	132	133	134	137	139	144	148
135	449	261	-17	2008	2984	142	134	-1
136	404	586	5	785	1692	182	-1	137	-1
137	481	348	-5	2750	4174	224	136	-1
138	448	57	16	373	1054	149	-1	139	52	2	3	8	9	15	24	26	28	30	33	34	38	39	43	44	46	49	50	51	53	55	59	62	64	68	69	70	75	77	78	79	85	86	88	90	97	100	101	102	108	115	122	125	126	127	128	129	130	132	140	141	146
139	473	263	-16	2950	4104	150	138	-1
140	61	701	9	443	1860	136	-1	141	62	1	3	6	9	10	11	12	13	16	17	19	21	31	33	34	36	38	41	43	48	50	51	54	61	62	68	69	72	73	74	77	78	80	82	83	86	87	89	93	96	97	98	101	107	108	109	110	113	114	115	117	120	122	124	127	128	131	137	139	142	144	146
141	80	889	-9	741	1342	142	140	-1
142	405	589	17	2145	3563	151	-1	143	-1
143	586	551	-17	2840	3852	113	142	-1
144	726	434	12	1032	1714	120	-1	145	-1
145	582	447	-12	4097	4737	217	144	-1
146	428	978	16	2017	3499	175	-1	147	-1
147	285	910	-16	2402	3316	216	146	-1
148	429	601	16	357	1191	103	-1	149	-1
149	524	773	-16	259	1535	190	148	-1
150	515	615	10	608	1199	196	-1	151	63	1	5	8	9	12	15	20	21	22	23	27	28	37	46	47	48	50	53	54	55	57	59	60	62	63	66	67	68	69	72	76	77	80	83	84	87	89	96	97	98	99	100	102	103	106	109	110	111	113	115	117	118	119	120	121	122	125	133	138	141	143	144	149
151	600	550	-10	529	1941	231	150	-1
152	575	447	10	18	1514	240	-1	153	85	0	1	2	4	5	7	8	9	11	12	13	14	15	16	17	18	21	23	24	26	28	29	30	31	33	34	35	36	38	39	42	43	45	46	48	49	52	53	54	56	61	63	64	66	70	72	73	74	76	79	80	82	85	90	92	93	94	100	103	104	105	107	108	112	113	116	117	118	119	120	123	125	127	128	129	130	136	137	138	140	141	143	144	145	147
153	481	472	-10	2581	3649	201	152	-1
154	583	170	19	1165	2244	141	-1	155	46	4	10	15	18	22	24	26	30	32	33	34	40	43	47	51	52	59	60	62	68	72	77	78	79	80	81	88	89	90	92	98	99	109	110	111	114	118	120	128	129	132	136	137	140	142	144
155	392	350	-19	2897	4294	199	154	-1
156	135	359	18	2816	3960	183	-1	157	67	6	8	10	11	14	16	17	18	19	27	30	31	32	34	37	38	40	41	43	45	46	47	49	50	52	53	54	55	56	57	58	59	61	62	63	65	66	67	75	78	81	83	87	88	92	93	95	98	100	107	108	109	112	115	116	117	121	126	127	130	131	132	141	142	144	145	148
157	86	321	-18	2612	3289	131	156	-1
158	312	917	19	2781	4073	119	-1	159	65	0	1	3	4	6	8	9	11	17	18	19	20	21	24	27	28	30	31	37	38	43	44	46	47	54	55	56	60	63	67	69	70	71	73	75	79	81	85	87	90	96	99	101	102	103	110	115	120	121	123	124	125	127	128	130	131	132	134	136	138	140	144	146	147	148
159	467	970	-19	2919	4224	188	158	-1
160	106	640	8	3480	4196	235	-1	161	75	2	6	7	8	9	11	14	15	18	21	22	25	29	31	32	33	35	36	38	39	40	42	44	45	47	49	53	54	57	59	60	62	63	64	65	67	70	76	77	78	80	86	88	89	90	94	95	96	97	100	101	103	104	106	107	115	116	117	118	120	122	123	126	127	128	129	130	132	136	139	140	142	143	144	145
161	213	862	-8	3091	4569	194	160	-1
162	879	547	13	2185	2975	222	-1	163	82	2	3	5	7	8	9	10	11	12	17	20	22	26	27	30	31	35	36	41	43	44	45	46	47	49	51	52	53	56	58	59	60	63	64	65	67	68	69	71	72	75	76	79	81	82	86	89	90	93	98	99	103	104	105	106	108	110	112	114	115	116	117	120	122	124	125	128	130	131	133	134	135	136	138	139	140	141	142	143	145	146	148
163	815	352	-13	3905	4666	233	162	-1
164	92	207	18	287	1376	196	-1	165	-1
165	10	243	-18	1645	3039	203	164	-1
166	324	450	12	435	1931	165	-1	167	-1
167	505	397	-12	1891	2687	188	166	-1
168	670	569	7	2882	3754	168	-1	169	56	1	8	9	12	15	17	21	22	23	25	28	30	31	32	33	34	42	43	44	48	52	55	58	59	61	62	65	66	69	70	72	83	84	88	92	93	97	98	100	104	106	109	111	112	115	122	127	128	131	136	137	139	140	141	142	145
169	632	748	-7	2105	3493	210	168	-1
170	695	427	7	860	1601	125	-1	171	-1
171	773	365	-7	1600	2217	112	170	-1
172	305	101	6	3540	4398	175	-1	173	61	3	4	5	6	7	8	9	11	12	14	15	17	18	20	21	26	27	28	30	32	37	40	44	49	50	51	53	58	62	63	64	65	70	73	75	77	80	85	86	89	94	97	99	100	102	103	105	107	108	112	116	119	122	132	133	134	135	139	142	145	148
173	525	173	-6	3270	4735	149	172	-1
174	709	871	17	627	2007	132	-1	175	61	0	1	5	6	10	12	13	16	19	20	21	24	29	30	33	34	35	36	37	38	40	43	44	45	49	52	53	55	56	57	58	66	67	71	76	77	81	88	90	91	94	99	100	102	107	116	117	118	119	120	125	126	127	128	135	138	139	140	143	147	149
175	963	893	-17	1146	1772	138	174	-1
176	470	606	16	2046	2830	101	-1	177	55	3	5	7	8	12	16	18	20	29	30	31	40	45	46	49	50	51	53	56	58	64	68	70	73	76	77	79	84	86	87	90	94	95	96	99	100	102	104	105	107	108	111	112	113	115	116	118	119	120	122	123	125	132	138	144
177	688	695	-16	2430	3832	207	176	-1
178	531	915	14	128	1022	163	-1	179	-1
179	409	660	-14	3298	4436	181	178	-1
180	718	57	6	224	1544	144	-1	181	56	4	6	10	11	12	13	15	18	20	26	28	29	30	31	32	38	41	46	49	53	55	56	58	60	62	64	66	67	82	84	85	86	88	90	92	93	96	97	100	103	107	108	110	111	119	120	121	123	126	127	132	133	137	142	146	148
181	750	166	-6	2838	3727	188	180	-1
182	822	875	18	2327	2851	160	-1	183	-1
183	837	595	-18	3858	4703	229	182	-1
184	610	241	14	741	1394	140	-1	185	67	1	11	13	16	18	19	21	23	28	29	30	33	34	36	38	40	41	43	46	47	48	49	50	51	60	61	63	69	70	71	76	77	82	85	87	89	90	91	95	98	99	101	102	103	105	106	108	109	110	112	114	119	120	126	128	129	131	132	134	135	136	139	141	143	146	147	148
185	369	150	-14	901	1612	148	184	-1
186	385	483	10	1559	2881	151	-1	187	-1
187	303	675	-10	2273	3442	109	186	-1
188	479	674	8	1432	2342	185	-1	189	67	0	1	2	5	6	10	11	13	18	21	24	26	27	28	29	30	31	34	37	45	46	48	49	51	56	58	59	62	65	66	68	70	73	74	76	78	79	80	82	85	89	96	101	103	109	111	113	115	116	119	120	123	125	127	128	129	130	132	137	138	141	142	143	144	146	147	148
189	373	706	-8	1074	2412	246	188	-1
190	470	659	6	286	1133	187	-1	191	63	4	8	10	13	15	19	20	21	24	25	26	28	31	32	35	36	37	39	40	43	45	46	48	51	52	53	54	56	63	68	71	74	77	84	88	89	90	91	92	93	94	96	105	106	110	111	118	119	120	121	125	128	130	133	135	137	139	140	141	142	143	144	147
191	356	442	-6	1477	2086	167	190	-1
192	970	736	7	61	1199	159	-1	193	-1
193	981	734	-7	3428	4414	174	192	-1
194	693	383	6	2409	3165	165	-1	195	75	1	2	3	4	10	13	16	17	18	19	20	22	26	27	28	30	31	34	36	37	40	41	42	43	45	47	48	49	53	55	56	60	61	64	65	68	69	73	74	76	78	81	89	90	93	94	96	97	98	99	103	104	106	110	112	113	114	120	125	126	127	128	130	131	133	134	135	136	137	138	139	141	142	145	147
195	575	258	-6	4242	4999	240	194	-1
196	839	800	8	566	1363	223	-1	197	71	4	5	6	9	10	11	12	13	14	16	17	18	19	23	26	27	31	34	35	36	37	38	39	40	43	44	46	48	53	54	55	57	58	60	62	65	69	80	83	87	88	89	90	95	96	98	99	101	102	104	105	107	108	111	114	116	118	121	122	124	126	129	130	131	132	134	136	138	146	148	149
197	627	702	-8	3629	4144	170	196	-1
198	581	831	18	729	2154	104	-1	199	-1
199	598	714	-18	843	1818	144	198	-1
200	954	474	19	974	2418	177	-1	201	56	1	11	14	21	23	24	28	32	33	34	39	43	46	47	48	49	50	53	56	57	58	59	61	64	65	66	71	73	74	76	77	82	84	85	86	87	90	92	95	97	99	101	102	107	110	113	114	117	121	123	124	127	128	142	145	148
201	833	313	-19	2886	4062	222	200	-1
202	220	29	9	433	1792	202	-1	203	-1
203	160	185	-9	3005	4058	209	202	-1
204	588	477	8	1903	3121	232	-1	205	-1
205	474	219	-8	1559	2836	222	204	-1
206	177	928	12	562	1445	237	-1	207	-1
207	308	918	-12	1872	2476	210	206	-1
208	627	483	18	294	829	189	-1	209	49	3	9	10	12	13	17	20	25	28	30	39	43	45	47	49	51	54	57	60	61	65	66	67	69	73	75	76	78	84	86	88	97	107	110	115	118	119	122	124	125	128	131	132	139	140	141	144	145	148
209	766	703	-18	59	1098	203	208	-1
210	71	577	10	582	1388	115	-1	211	-1
211	185	488	-10	1120	2010	150	210	-1
212	740	893	10	2991	4424	109	-1	213	-1
213	725	696	-10	3293	4001	225	212	-1
214	549	456	18	850	1481	196	-1	215	-1
215	536	678	-18	1281	2249	105	214	-1
216	764	865	8	543	1168	195	-1	217	-1
217	768	643	-8	823	1836	214	216	-1
218	1	571	19	511	1402	221	-1	219	-1
219	225	553	-19	3444	4870	156	218	-1
220	263	460	19	3327	4681	210	-1	221	-1
221	261	653	-19	2706	4154	197	220	-1
222	604	677	18	1480	2774	249	-1	223	-1
223	827	528	-18	3441	4110	198	222	-1
224	598	595	15	15	1131	247	-1	225	46	8	14	16	19	26	27	34	36	44	47	49	51	66	67	69	70	71	77	80	81	84	86	88	90	92	93	94	95	98	100	101	104	112	113	114	115	117	119	120	121	125	126	129	134	140	141
225	738	354	-15	542	1266	220	224	-1
226	119	24	19	686	2047	144	-1	227	48	5	6	12	15	17	20	26	32	40	42	45	47	48	50	55	60	62	64	70	74	75	76	79	80	82	88	91	92	96	101	102	103	108	111	112	113	114	115	118	120	122	125	129	131	133	135	139	146
227	212	270	-19	98	1541	205	226	-1
228	512	776	15	2332	3621	101	-1	229	-1
229	556	608	-15	4140	4744	136	228	-1
230	874	183	18	365	1123	129	-1	231	57	1	6	7	8	10	11	12	14	23	25	26	28	30	34	37	43	45	48	55	56	57	58	59	63	64	65	70	72	74	76	77	86	87	88	89	92	94	96	100	103	105	112	113	114	115	119	120	123	124	126	127	128	134	138	139	145	146
231	996	64	-18	3508	4770	221	230	-1
232	702	437	9	3781	4994	196	-1	233	82	0	2	4	6	7	10	12	14	17	20	21	22	23	24	25	26	29	32	33	35	39	40	41	43	44	45	47	50	51	52	54	55	58	60	61	63	64	66	67	68	70	72	73	76	77	78	79	82	84	85	86	87	88	89	90	93	95	98	99	107	108	109	110	114	117	121	122	124	125	126	130	132	134	136	137	138	142	143	144	145	146	147
233	817	601	-9	4031	4921	168	232	-1
234	179	661	9	813	1855	120	-1	235	45	1	4	6	8	10	15	16	18	28	32	37	38	39	41	42	46	50	51	62	65	71	72	74	75	80	82	93	95	96	98	99	101	104	106	119	120	126	128	129	137	138	139	141	142	145
235	267	664	-9	1191	2518	109	234	-1
236	172	703	15	372	1531	219	-1	237	63	2	4	10	14	16	17	19	20	25	27	28	36	37	39	46	47	48	50	52	53	55	57	58	60	63	72	73	74	75	78	79	80	83	84	90	91	92	93	96	97	98	100	104	105	107	109	113	117	118	122	124	126	128	129	130	137	138	139	142	143	144	145	148
237	244	549	-15	2652	3890	224	236	-1
238	446	201	12	2880	3494	137	-1	239	55	2	3	4	6	7	8	9	12	14	18	19	22	23	27	32	33	36	41	44	49	51	53	54	59	60	61	62	69	75	79	80	82	83	86	87	90	91	94	97	103	104	107	116	119	120	122	123	125	127	131	134	138	142	143	148
239	490	382	-12	2683	3535	214	238	-1
240	879	743	9	859	1846	101	-1	241	-1
241	962	964	-9	2138	3340	213	240	-1
242	540	170	15	298	1251	192	-1	243	-1
243	750	57	-15	2897	4084	108	242	-1
244	163	975	12	284	1742	120	-1	245	-1
245	30	900	-12	3621	4686	111	244	-1
246	429	969	15	2133	3401	108	-1	247	54	1	5	18	20	21	22	24	27	30	31	34	37	39	42	44	45	46	55	63	65	66	68	76	78	80	81	82	86	88	89	91	93	94	97	98	99	102	105	108	109	110	112	120	121	122	124	126	128	129	135	138	139	140	147
247	653	920	-15	3415	4182	160	246	-1
248	861	813	15	1846	2721	107	-1	249	-1
249	695	698	-15	2598	3351	197	248	-1
250	795	184	7	742	1610	210	-1	251	88	0	1	2	3	6	7	8	9	10	12	18	19	20	21	22	23	30	31	35	36	39	40	41	42	43	44	45	46	47	49	50	51	52	55	59	60	64	66	71	72	73	75	76	77	78	79	81	82	83	84	87	88	89	90	91	95	96	98	101	102	103	105	106	108	111	113	114	115	116	118	119	121	123	124	125	128	131	132	133	134	135	136	137	139	140	144	146	147
251	869	323	-7	2791	3482	229	250	-1
252	552	418	11	1458	2449	221	-1	253	-1
253	404	288	-11	1784	2800	172	252	-1
254	413	700	19	2166	2769	113	-1	255	-1
255	531	538	-19	1392	2642	120	254	-1
256	807	793	7	543	1602	231	-1	257	-1
257	557	812	-7	2304	2810	179	256	-1
258	812	398	18	1739	2287	112	-1	259	-1
259	591	257	-18	2723	3242	150	258	-1
260	312	659	14	2180	3629	173	-1	261	-1
261	74	799	-14	3598	4751	176	260	-1
262	449	853	18	189	1180	244	-1	263	-1
263	685	915	-18	1087	2357	238	262	-1
264	719	924	12	460	1893	131	-1	265	-1
265	478	780	-12	2496	3187	185	264	-1
266	498	231	9	2534	3740	108	-1	267	-1
267	481	441	-9	2018	3065	159	266	-1
268	37	192	10	3299	4163	123	-1	269	46	4	11	15	16	17	20	21	25	27	30	33	34	37	38	41	48	49	51	55	57	61	63	64	69	70	75	79	89	92	96	99	104	109	110	111	113	114	117	120	121	128	130	131	138	146	147
269	36	125	-10	3026	3778	150	268	-1
270	197	183	8	2889	4329	125	-1	271	77	2	4	5	6	7	12	13	15	17	20	22	24	25	28	32	33	34	36	37	39	42	43	44	46	50	51	53	54	55	56	59	61	62	66	69	72	74	75	76	77	79	80	82	84	85	87	88	89	91	92	93	94	95	96	97	98	101	102	107	108	112	117	118	119	120	121	122	124	128	132	133	134	137	138	140	145	148
271	107	105	-8	4267	4782	197	270	-1
272	581	620	17	1194	2241	171	-1	273	-1
273	609	541	-17	3108	3648	108	272	-1
274	860	633	12	166	1594	169	-1	275	55	0	9	10	12	13	15	19	21	24	26	28	29	30	31	35	37	45	48	56	57	59	60	62	69	72	81	82	84	85	87	90	91	92	96	105	108	112	117	118	122	123	124	125	126	127	132	135	136	142	143	144	145	146	147	148
275	678	766	-12	2151	2692	225	274	-1
276	156	614	9	761	1531	225	-1	277	61	1	2	3	5	6	8	9	11	13	14	19	22	23	27	28	29	30	32	38	39	40	48	54	60	61	68	72	75	76	77	78	83	84	87	93	96	97	98	100	107	110	117	118	119	121	122	124	125	126	127	128	130	131	132	133	135	140	144	145	148	149
277	138	741	-9	3405	4377	188	276	-1
278	364	644	14	1344	2693	204	-1	279	59	0	1	3	4	8	13	17	20	24	34	35	36	38	40	42	43	44	45	48	55	57	58	60	62	67	69	71	72	74	75	85	86	87	88	89	93	94	96	99	103	104	107	108	111	112	113	117	118	120	123	125	126	127	128	134	137	138	142	146
279	322	748	-14	909	1859	188	278	-1
280	15	291	10	1294	2344	215	-1	281	-1
281	252	330	-10	3078	3878	211	280	-1
282	570	842	13	1430	2777	160	-1	283	-1
283	758	856	-13	1727	2392	187	282	-1
284	768	267	11	1738	3078	158	-1	285	-1
285	634	183	-11	3766	4318	125	284	-1
286	868	138	14	189	1294	109	-1	287	-1
287	779	148	-14	3860	4794	213	286	-1
288	323	774	6	1146	1922	203	-1	289	83	2	4	6	9	12	13	17	18	19	20	21	22	23	25	33	35	36	37	38	39	42	44	45	46	47	48	51	52	54	55	56	59	62	68	70	71	72	74	75	76	78	80	81	84	85	89	91	93	94	95	97	98	99	100	101	102	104	107	110	112	113	114	115	117	118	120	121	122	123	124	125	126	127	128	129	131	133	135	138	140	142	143	144
289	145	721	-6	4386	4999	116	288	-1
290	422	654	6	2127	3363	146	-1	291	63	3	4	5	7	8	12	15	17	20	22	23	25	26	31	32	33	34	35	36	39	40	41	42	45	48	49	54	58	61	62	63	66	67	73	74	75	78	85	86	87	93	99	101	102	104	106	114	116	118	123	124	126	127	128	129	130	135	136	140	141	145	147	148
291	155	641	-6	1918	2938	235	290	-1
292	111	11	20	848	2128	131	-1	293	68	0	1	2	3	4	5	7	9	10	11	12	13	14	17	21	23	27	30	33	34	35	38	39	41	45	48	49	51	53	57	64	65	66	70	71	74	79	80	81	82	83	86	88	89	90	91	96	99	100	104	106	109	114	115	116	117	118	124	127	128	129	132	134	138	139	142	146	148
293	381	60	-20	2388	3616	215	292	-1
294	582	428	12	2449	3855	150	-1	295	-1
295	718	649	-12	2535	3229	200	294	-1
296	83	490	18	1039	1942	183	-1	297	-1
297	185	372	-18	1401	2861	115	296	-1
298	101	484	6	274	863	184	-1	299	63	1	3	5	6	7	13	14	16	24	25	27	30	31	32	35	37	42	45	46	48	49	50	55	56	57	60	62	67	68	69	71	73	74	75	76	77	79	80	87	88	92	94	95	96	97	99	101	107	110	114	115	116	117	118	120	130	132	133	134	137	142	143	147
299	139	618	-6	486	1785	157	298	-1
300	160	578	18	1062	1671	191	-1	301	57	3	6	15	16	17	18	19	22	26	28	32	35	39	40	42	54	56	57	65	68	70	72	76	77	80	81	82	83	84	85	88	89	90	92	93	94	96	100	103	104	108	109	110	115	116	117	119	121	131	132	135	137	138	139	142	143	148
301	182	469	-18	715	1542	157	300	-1
302	39	239	16	513	1587	187	-1	303	-1
303	157	369	-16	559	1311	175	302	-1
304	820	537	11	2718	4144	167	-1	305	-1
305	705	325	-11	3675	4974	111	304	-1
306	650	475	10	1080	2086	116	-1	307	48	0	6	15	19	23	25	26	27	30	34	35	41	44	47	48	51	52	60	64	69	70	74	75	78	79	80	82	85	86	88	92	96	104	108	112	120	121	125	126	127	133	134	135	136	138	140	145	148
307	689	496	-10	3289	4271	185	306	-1
308	490	343	15	255	1258	192	-1	309	-1
309	627	519	-15	1223	2075	117	308	-1
310	825	147	7	1673	2423	206	-1	311	-1
311	780	393	-7	3120	3640	138	310	-1
312	800	806	14	697	1560	191	-1	313	58	2	3	7	11	13	17	20	21	22	24	25	26	32	33	42	44	46	47	51	53	59	61	62	64	67	69	72	75	79	80	81	83	89	92	93	95	99	101	104	106	107	110	113	114	117	118	119	122	125	127	129	130	131	133	135	136	139	142
313	692	647	-14	1116	1821	119	312	-1
314	279	615	18	2736	3600	151	-1	315	74	8	12	13	14	16	17	18	19	21	22	24	25	27	30	32	33	40	41	44	45	47	49	50	51	52	53	54	56	57	58	59	62	63	64	66	67	68	70	71	74	75	77	80	81	82	86	87	88	90	94	95	98	99	101	104	105	106	107	111	114	116	119	124	128	129	130	131	137	140	141	142	145	146	147
315	65	707	-18	3620	4511	213	314	-1
316	685	983	17	1714	2302	158	-1	317	-1
317	710	767	-17	2507	3075	236	316	-1
318	318	238	9	817	1966	147	-1	319	67	0	4	6	8	10	13	15	17	18	20	22	24	25	31	32	34	35	38	42	45	47	49	50	51	54	55	56	57	59	64	66	68	71	73	75	76	79	80	82	86	87	90	94	96	100	103	106	109	110	113	114	117	118	122	123	124	128	130	131	133	136	137	140	141	145	148	149
319	570	366	-9	1677	2297	177	318	-1
320	49	639	15	1084	1746	109	-1	321	-1
321	107	386	-15	2883	4185	159	320	-1
322	724	740	9	3965	4516	227	-1	323	-1
323	706	627	-9	3435	4704	197	322	-1
324	561	277	16	160	845	160	-1	325	56	3	4	5	9	10	11	12	14	19	22	24	25	35	36	39	43	44	45	47	48	49	55	60	62	64	65	68	71	74	77	79	81	88	89	90	92	96	97	99	102	103	104	105	106	108	112	113	115	118	131	135	138	139	142	147	148
325	455	128	-16	1913	2960	117	324	-1
326	897	765	9	957	1670	204	-1	327	54	1	3	4	6	13	14	17	22	23	24	27	30	31	34	35	42	43	44	45	48	49	51	53	55	58	64	65	69	71	77	78	81	83	87	91	92	102	105	109	111	112	113	114	121	123	124	127	130	138	140	141	143	144	148
327	809	499	-9	3305	4330	180	326	-1
328	365	191	18	635	2125	113	-1	329	-1
329	527	139	-18	2018	3503	220	328	-1
330	143	81	10	833	2140	208	-1	331	-1
331	171	44	-10	2887	4158	240	330	-1
332	711	824	18	469	1209	166	-1	333	-1
333	758	615	-18	821	1937	108	332	-1
334	545	522	18	72	1240	166	-1	335	54	1	2	5	6	10	16	17	18	21	26	31	34	36	38	43	44	46	49	52	53	54	56	59	65	66	68	69	74	75	78	88	89	97	98	101	105	106	107	108	110	112	117	122	126	128	130	133	137	139	140	142	143	145	146
335	493	321	-18	1434	2729	135	334	-1
336	42	700	6	241	1018	131	-1	337	-1
337	121	651	-6	1032	2189	215	336	-1
338	459	71	15	588	1171	109	-1	339	-1
339	616	112	-15	1340	2350	157	338	-1
340	211	261	6	535	1622	110	-1	341	-1
341	363	338	-6	2294	2954	134	340	-1
342	361	141	6	644	1732	107	-1	343	83	3	5	8	10	11	13	14	15	17	18	19	20	22	24	26	30	31	33	36	37	38	39	42	44	45	46	48	50	54	56	58	59	61	64	67	68	69	71	72	76	80	81	83	85	86	87	88	89	90	91	96	98	99	102	107	109	110	111	112	113	114	116	118	121	122	123	124	125	127	128	129	132	133	135	138	139	140	141	142	143	146	147	148
343	176	130	-6	479	1749	200	342	-1
344	74	900	9	181	1100	109	-1	345	60	0	3	4	7	8	9	10	21	25	26	28	32	34	37	38	39	41	42	43	46	48	52	53	54	60	62	66	68	70	71	72	74	76	78	80	81	84	88	93	94	95	99	103	104	108	109	110	111	112	118	120	121	127	129	132	134	137	140	141	147
345	333	856	-9	1076	2024	135	344	-1
346	96	800	14	1285	1860	103	-1	347	-1
347	77	916	-14	3361	4452	207	346	-1
348	463	70	12	2247	3466	233	-1	349	-1
349	681	104	-12	2418	3570	159	348	-1
350	735	83	8	3185	4371	172	-1	351	-1
351	970	211	-8	3036	4143	229	350	-1
352	837	227	7	2386	3443	199	-1	353	59	6	9	10	11	12	18	21	24	26	28	29	31	33	34	37	40	41	44	48	49	51	58	62	66	67	69	70	71	73	74	76	77	80	81	82	86	89	90	91	92	93	94	97	109	111	113	114	117	118	129	130	133	134	137	138	139	143	145	146
353	660	27	-7	2247	3358	157	352	-1
354	413	642	8	924	2015	242	-1	355	63	4	5	8	10	13	14	17	20	21	22	24	26	31	32	33	34	35	37	40	41	46	47	50	53	56	57	59	62	68	69	70	72	73	77	80	83	88	93	94	97	99	100	103	104	106	108	110	113	115	116	117	120	122	123	130	132	133	135	136	137	141	144	146
355	655	572	-8	2536	3249	201	354	-1
356	484	364	18	247	871	192	-1	357	-1
357	453	384	-18	904	1444	139	356	-1
358	907	859	14	154	906	111	-1	359	59	2	4	6	9	11	18	19	22	26	27	29	32	33	34	36	37	42	43	46	48	49	55	61	62	64	65	71	73	74	75	79	81	83	84	85	87	91	92	97	100	101	106	107	108	109	110	112	113	114	116	122	128	130	134	138	140	141	146	149
359	732	657	-14	1511	2817	217	358	-1
360	412	931	11	1365	2794	165	-1	361	-1
361	366	920	-11	1150	1873	174	360	-1
362	2	625	9	819	1458	228	-1	363	54	0	7	8	12	14	15	16	17	19	22	27	33	34	35	37	38	41	42	48	55	57	58	59	60	61	64	73	74	80	82	87	88	93	96	98	100	102	104	106	107	109	115	118	119	123	124	129	132	133	137	140	141	143	147
363	229	471	-9	1536	2150	153	362	-1
364	998	722	18	1220	2188	116	-1	365	-1
365	855	755	-18	2701	3817	193	364	-1
366	142	311	16	3231	4350	213	-1	367	-1
367	102	105	-16	3444	4717	246	366	-1
368	39	609	15	2547	3622	175	-1	369	71	2	10	11	12	13	15	18	20	21	23	24	29	31	32	36	41	42	43	47	49	51	52	54	55	56	59	60	61	62	63	64	67	69	71	74	76	79	80	82	83	85	86	89	91	93	98	100	101	103	104	105	108	110	116	117	118	120	124	125	126	127	131	132	133	136	137	138	143	146	147	149
369	25	379	-15	2695	3995	137	368	-1
370	578	172	16	1279	2591	247	-1	371	-1
371	823	269	-16	1717	2782	188	370	-1
372	33	670	16	857	1507	183	-1	373	52	0	1	6	7	10	14	15	17	18	24	25	29	31	32	33	36	48	52	53	58	61	70	71	72	75	76	77	78	82	85	86	92	93	100	106	110	111	114	116	117	122	125	126	130	132	136	137	140	141	143	146	147
373	197	869	-16	2234	3411	234	372	-1
374	970	855	9	105	1526	165	-1	375	56	5	8	12	13	17	21	24	27	28	36	41	42	44	46	47	49	51	53	55	58	59	60	62	68	70	75	76	81	82	83	85	86	87	89	91	97	98	102	103	113	114	115	117	120	124	127	128	130	133	134	136	137	141	142	144	148
375	758	923	-9	3408	4031	174	374	-1
376	702	20	6	539	1937	180	-1	377	88	0	1	2	3	4	5	9	10	11	12	14	15	16	17	18	22	24	25	26	27	30	31	32	33	34	39	40	41	44	45	47	48	54	55	56	58	59	61	62	63	65	67	69	70	71	73	74	76	77	78	79	82	84	88	89	90	93	95	96	99	100	101	102	103	106	107	108	113	115	116	117	120	122	123	124	126	127	128	130	133	134	135	136	143	144	145	147	148
377	729	84	-6	2782	3674	185	376	-1
378	431	265	13	1795	3226	216	-1	379	83	0	1	3	4	5	6	10	11	12	13	17	20	21	22	23	26	27	30	31	32	34	36	37	38	40	41	46	47	49	50	55	56	57	60	61	62	63	65	67	68	70	72	75	76	77	78	80	81	82	86	88	89	91	94	95	96	99	100	101	103	104	107	108	111	112	113	114	115	118	119	121	124	126	128	130	131	132	133	137	142	143	144	148
379	234	62	-13	2711	3963	157	378	-1
380	801	285	6	677	1883	100	-1	381	-1
381	596	226	-6	4118	4825	191	380	-1
382	762	305	6	1863	2631	104	-1	383	48	5	6	7	8	12	13	14	15	17	33	34	38	40	41	43	45	50	54	55	56	58	59	60	63	65	73	75	76	77	79	84	88	90	98	100	101	117	118	119	120	122	126	128	133	134	138	139	145
383	849	565	-6	1983	2685	100	382	-1
384	879	733	7	1846	3002	174	-1	385	65	2	6	7	12	13	15	17	18	21	22	23	24	26	28	29	30	35	38	40	41	42	44	46	52	53	54	56	58	60	65	66	70	71	74	75	76	78	79	81	82	85	86	89	91	103	104	105	107	109	110	112	113	114	115	119	121	122	124	125	127	130	133	136	138	140
385	739	513	-7	3604	4649	183	384	-1
386	296	304	7	3875	4545	168	-1	387	66	2	5	11	12	14	15	22	27	28	29	32	33	35	38	39	40	46	47	51	54	55	57	63	68	71	72	73	76	77	78	79	81	83	84	88	89	91	92	93	97	100	101	103	104	107	108	110	114	115	117	118	120	121	122	124	126	127	130	135	136	140	142	144	146	147	149
387	77	226	-7	3529	4575	235	386	-1
388	582	617	18	592	1973	117	-1	389	46	6	9	11	14	21	22	23	25	27	31	32	36	37	39	47	51	54	60	62	64	75	76	77	80	81	83	85	98	102	103	110	112	118	119	120	121	122	123	125	126	128	132	135	136	147	149
389	574	439	-18	1234	2107	197	388	-1
390	395	320	19	1157	1795	141	-1	391	-1
391	592	179	-19	2457	3750	183	390	-1
392	430	691	17	732	1343	116	-1	393	52	0	1	4	9	14	19	21	27	28	29	31	33	34	37	38	39	40	44	47	48	49	54	55	58	62	63	65	66	71	78	80	85	86	90	95	97	100	102	108	109	120	123	127	130	133	138	139	143	144	145	146	148
393	206	745	-17	3482	4236	103	392	-1
394	539	757	19	130	1069	196	-1	395	87	2	6	10	11	12	14	15	20	23	24	25	26	27	28	29	31	32	33	34	35	36	38	41	42	44	45	46	52	54	55	56	59	60	61	62	63	64	65	66	68	71	72	73	74	75	76	77	79	81	82	83	85	86	90	91	92	93	98	100	102	103	104	106	107	108	109	110	115	117	118	120	121	125	126	129	132	134	135	136	140	141	143	144	145	146	147	149
395	606	741	-19	1636	2606	118	394	-1
396	752	493	8	2510	3917	106	-1	397	-1
397	642	473	-8	3177	4391	170	396	-1
398	148	662	6	826	1717	203	-1	399	70	0	5	6	7	9	10	11	12	17	19	20	21	28	31	32	34	36	37	38	39	40	42	43	50	51	53	56	60	61	62	64	65	66	69	76	77	79	84	86	87	90	91	92	93	94	96	97	98	99	100	102	104	109	112	113	116	117	118	120	123	124	127	128	129	131	132	133	136	145	148
399	101	609	-6	1867	3118	182	398	-1
400	204	215	15	2052	2637	151	-1	401	80	0	2	3	4	9	11	12	13	14	15	16	19	22	24	25	26	32	34	35	37	38	39	40	42	50	51	55	57	58	59	60	61	62	63	65	66	68	69	72	76	78	81	82	83	84	85	86	89	94	97	99	104	108	110	112	113	115	117	118	120	121	123	124	125	127	128	129	131	132	134	135	137	138	139	140	142	143	144	145	148
401	80	402	-15	3075	4234	159	400	-1
402	515	551	11	720	2165	117	-1	403	58	1	4	6	8	14	15	18	20	24	27	31	33	36	37	40	41	42	43	45	48	49	51	54	58	59	60	62	67	68	69	74	78	80	81	82	91	92	93	94	97	99	107	108	112	120	121	123	124	125	130	132	140	142	143	144	145	148	149
403	339	449	-11	805	1529	125	402	-1
404	913	296	11	2212	3326	120	-1	405	63	0	1	2	6	7	10	12	13	14	20	21	24	25	28	31	32	34	35	36	37	43	45	48	52	53	57	59	62	65	69	70	72	75	76	80	82	83	88	89	90	96	97	98	99	102	103	105	108	114	115	116	121	122	124	125	126	132	133	139	142	145	147	148
405	892	397	-11	2882	3529	177	404	-1
406	89	801	6	1218	2538	132	-1	407	88	1	2	3	6	10	13	14	17	18	21	23	24	25	26	27	28	29	30	31	32	34	37	38	40	41	42	43	47	48	51	52	53	54	55	56	58	59	60	61	63	64	66	67	71	73	75	80	81	82	83	84	85	88	89	92	95	96	97	99	100	101	103	104	106	108	109	110	111	112	113	115	120	122	124	125	129	130	131	133	135	137	138	139	141	144	145	148	149
407	108	872	-6	4342	4881	240	406	-1
408	62	996	12	1345	2409	111	-1	409	-1
409	32	821	-12	3268	4073	176	408	-1
410	547	93	14	1318	2330	131	-1	411	89	1	3	4	5	7	9	12	13	15	17	19	23	24	25	26	28	29	30	36	37	38	40	42	43	44	45	46	49	50	51	52	53	55	56	59	60	61	62	64	67	68	69	70	71	73	74	79	80	81	83	84	87	88	90	91	93	94	95	96	97	98	100	101	102	105	106	108	109	110	111	113	114	118	119	120	122	123	125	126	128	131	134	139	141	142	145	146	147	148
411	756	69	-14	1005	2089	184	410	-1
412	302	416	13	902	2095	125	-1	413	79	2	3	5	8	10	11	12	13	14	15	17	22	25	27	30	31	32	33	34	38	40	41	43	44	45	50	51	54	55	60	62	63	67	68	72	73	74	76	81	82	83	84	86	87	89	96	97	100	102	103	104	105	106	109	110	111	112	113	114	115	117	118	120	122	123	124	125	126	130	134	136	137	138	140	141	142	144	145	146
413	447	431	-13	1038	1943	176	412	-1
414	734	489	15	2039	2791	119	-1	415	-1
415	921	355	-15	2058	3481	121	414	-1
416	286	922	20	3026	4240	142	-1	417	-1
417	212	749	-20	2933	3787	231	416	-1
418	207	173	11	2215	3001	205	-1	419	52	0	1	9	10	11	13	18	20	21	22	26	27	30	32	34	38	39	42	43	47	50	51	54	56	58	63	65	67	68	72	73	74	75	82	92	104	108	113	116	117	121	123	124	126	127	129	130	134	135	137	140	144
419	180	143	-11	2090	2712	124	418	-1
420	786	671	7	3213	4287	130	-1	421	65	1	6	8	10	11	14	15	16	19	20	21	24	28	32	38	41	45	46	48	51	52	53	54	55	58	63	65	66	67	69	70	71	72	73	74	77	82	88	90	97	98	99	100	103	105	106	110	113	114	115	118	119	120	121	127	128	130	135	137	138	140	141	142	144	146
421	616	585	-7	3539	4769	159	420	-1
422	972	741	7	1854	3008	128	-1	423	-1
423	857	714	-7	3484	4052	161	422	-1
424	152	677	10	1671	2526	126	-1	425	-1
425	361	506	-10	3149	4177	202	424	-1
426	222	409	6	362	1571	247	-1	427	88	1	2	3	5	7	8	10	12	13	14	15	16	18	19	20	22	23	25	28	29	31	32	38	41	42	45	47	48	53	54	55	56	57	58	59	60	61	62	63	65	66	68	69	70	71	72	73	74	75	78	79	80	85	86	87	91	93	98	101	102	105	106	109	110	111	112	113	116	117	119	120	122	124	127	128	129	130	132	134	136	137	140	143	144	145	146	147	148
427	343	311	-6	1757	2738	201	426	-1
428	703	151	16	673	2128	151	-1	429	-1
429	959	65	-16	2269	3741	230	428	-1
430	484	195	20	546	1366	130	-1	431	81	6	7	9	12	14	15	16	17	18	20	21	22	23	24	25	26	27	28	30	32	37	39	40	42	43	48	50	51	52	54	55	60	61	64	66	68	70	71	72	74	75	76	78	84	85	88	89	90	92	95	96	98	104	106	107	110	111	115	116	117	118	119	121	122	124	126	127	129	130	132	134	135	136	137	138	139	141	142	143	146	148
431	497	46	-20	3081	4155	183	430	-1
432	811	125	13	65	1381	144	-1	433	75	0	5	9	12	13	16	18	22	25	26	28	29	30	32	33	34	35	41	43	46	47	48	50	51	54	55	56	57	58	60	62	64	66	68	69	75	76	77	79	83	85	86	87	90	91	95	96	98	100	101	102	107	108	109	113	115	118	120	121	122	123	124	125	126	131	132	133	135	136	139	142	143	144	145	146
433	809	241	-13	1794	2330	184	432	-1
434	843	685	11	292	1784	193	-1	435	-1
435	803	555	-11	2036	2621	124	434	-1
436	997	858	11	2267	3678	204	-1	437	-1
437	876	738	-11	2130	3077	122	436	-1
438	837	422	12	1508	2372	105	-1	439	74	1	3	4	5	6	7	8	11	15	16	19	21	22	24	27	28	30	31	32	35	36	37	38	39	40	41	42	44	45	46	47	51	52	54	56	58	59	61	64	67	73	75	77	81	82	83	85	86	89	90	93	95	96	99	100	103	108	109	112	116	119	120	121	123	126	129	130	131	132	137	140	144	146	148
439	611	477	-12	2497	3744	195	438	-1
440	660	239	17	1273	2628	235	-1	441	63	2	5	8	9	10	12	13	14	16	18	23	25	26	30	35	36	37	38	39	40	43	46	48	50	51	52	57	63	66	70	71	72	74	75	76	77	79	81	85	90	92	94	95	98	99	101	104	109	112	116	120	123	124	125	130	135	136	139	141	143	144	145	148
441	810	408	-17	1369	2602	134	440	-1
442	759	921	6	1349	2732	213	-1	443	-1
443	704	827	-6	2355	3714	108	442	-1
444	672	262	11	1812	2733	178	-1	445	-1
445	849	409	-11	2842	4141	238	444	-1
446	45	320	14	886	1794	238	-1	447	-1
447	62	288	-14	2788	3364	212	446	-1
448	49	349	5	2953	3480	110	-1	449	57	3	7	10	14	15	16	18	19	20	22	23	24	25	29	34	35	37	40	41	44	51	56	60	62	64	67	70	73	74	76	77	81	82	85	86	87	94	98	99	101	102	104	106	107	108	110	112	116	118	119	121	122	126	131	136	145	146
449	30	382	-5	2945	3650	214	448	-1
450	593	868	16	3300	4785	244	-1	451	-1
451	752	876	-16	3665	4872	127	450	-1
452	373	25	18	2319	3788	227	-1	453	51	2	3	4	5	14	17	20	21	25	27	37	39	40	41	42	43	44	45	46	48	52	54	58	61	64	68	70	71	72	78	82	85	86	88	93	95	98	102	105	107	108	111	113	120	125	126	131	134	136	146	148
453	161	43	-18	2763	4139	123	452	-1
454	18	247	19	640	1361	204	-1	455	47	0	3	5	6	9	17	27	29	34	35	40	42	45	48	51	52	53	57	61	62	64	66	67	69	71	73	74	76	78	80	81	82	87	90	92	96	98	101	104	105	106	107	122	130	138	142	149
455	36	351	-19	3105	3659	197	454	-1
456	486	972	19	3456	4927	105	-1	457	-1
457	620	876	-19	3405	3959	140	456	-1
458	460	240	19	753	1774	140	-1	459	-1
459	680	351	-19	3365	4711	238	458	-1
460	918	765	7	1046	2103	167	-1	461	73	3	5	6	9	10	11	14	15	16	17	18	24	28	30	31	34	36	39	40	41	43	46	47	52	53	54	55	58	59	62	64	68	69	72	75	76	81	83	85	86	89	95	96	97	98	99	100	104	106	107	108	109	111	113	115	117	118	120	121	123	129	130	131	132	137	139	141	142	143	144	145	146	147
461	768	727	-7	3068	4331	126	460	-1
462	65	581	10	634	1242	203	-1	463	-1
463	109	393	-10	3415	4458	217	462	-1
464	108	944	12	233	1456	151	-1	465	-1
465	98	723	-12	4038	4609	168	464	-1
466	619	145	17	2471	3366	113	-1	467	52	7	12	13	15	20	21	26	30	31	33	34	36	39	40	44	46	50	54	57	58	60	67	69	76	83	86	88	93	95	100	102	103	107	108	110	111	114	116	118	119	120	122	124	127	130	131	133	134	136	140	143	148
467	519	303	-17	3768	4278	153	466	-1
468	813	110	6	1765	2645	183	-1	469	-1
469	802	378	-6	3473	4370	171	468	-1
470	163	940	14	2818	3815	123	-1	471	52	1	2	4	9	11	17	18	24	26	28	29	34	37	38	39	44	45	46	49	51	56	59	61	62	63	65	67	68	71	73	74	75	76	78	81	86	90	91	96	106	107	108	109	110	113	118	122	123	126	131	145	148
471	343	952	-14	3066	4270	244	470	-1
472	661	66	10	1602	3051	188	-1	473	64	1	3	7	10	12	15	17	18	21	22	23	24	29	31	36	38	39	42	45	49	55	57	58	59	62	65	68	69	71	75	77	81	84	90	92	93	97	98	102	107	110	111	114	116	117	118	119	120	121	122	123	124	125	126	127	133	134	135	137	140	141	142	144	146
473	723	330	-10	4216	4808	145	472	-1
474	254	139	6	1442	1948	134	-1	475	72	1	3	4	5	6	7	9	11	14	15	16	18	19	21	23	24	29	30	31	33	34	37	39	44	47	48	49	54	60	65	67	69	70	72	75	76	79	82	85	86	87	90	91	92	93	94	95	96	101	102	103	104	105	109	110	112	120	121	122	124	125	126	127	128	133	134	136	138	142	143	145	146
475	339	343	-6	2739	4148	155	474	-1
476	236	523	15	1350	2757	103	-1	477	49	1	2	5	7	8	12	17	18	19	23	24	30	37	40	47	49	54	56	60	68	69	70	71	76	77	79	80	82	86	96	99	102	107	113	117	120	123	128	130	131	133	134	136	137	141	142	144	145	146
477	137	722	-15	2982	3997	238	476	-1
478	694	989	14	2381	3219	189	-1	479	70	3	4	7	9	16	17	18	26	27	28	30	32	38	47	48	49	51	52	53	54	55	57	58	59	60	62	66	69	70	72	73	74	76	77	81	82	84	86	89	93	95	96	97	99	100	102	104	106	108	109	112	113	114	118	119	123	124	125	126	128	130	134	137	139	141	142	145	146	147	148
479	571	892	-14	3021	4347	131	478	-1
480	207	269	15	677	1227	220	-1	481	-1
481	80	181	-15	577	1610	234	480	-1
482	329	941	12	3147	3688	184	-1	483	48	9	11	13	14	16	18	19	20	21	22	23	24	28	33	37	41	42	49	55	57	58	60	61	63	70	73	75	78	79	81	86	88	89	90	93	95	100	101	102	105	115	116	120	126	127	140	145	146
483	465	820	-12	2565	3726	186	482	-1
484	695	813	12	680	1399	200	-1	485	-1
485	793	818	-12	996	2088	210	484	-1
486	430	553	8	1932	3391	121	-1	487	-1
487	634	388	-8	2348	3590	120	486	-1
488	685	294	14	151	1630	111	-1	489	-1
489	590	458	-14	2195	3606	165	488	-1
490	417	190	7	568	1263	164	-1	491	51	1	2	3	5	7	11	12	17	18	21	23	25	34	38	39	45	49	51	52	59	62	65	69	72	75	79	83	85	90	93	95	97	100	103	107	110	112	115	117	118	120	122	123	124	129	133	134	136	140	141	143
491	306	340	-7	1908	2607	238	490	-1
492	568	150	8	386	1560	243	-1	493	71	2	5	8	9	11	13	14	15	16	19	22	24	25	28	29	30	31	35	37	42	43	46	47	48	49	52	53	56	59	63	65	67	68	69	72	73	77	84	87	89	92	93	95	99	100	110	111	112	113	114	117	118	120	121	124	126	128	129	131	132	134	140	141	142	143	144	145	146	147	148	149
493	628	122	-8	1370	1925	139	492	-1
494	52	240	9	108	925	184	-1	495	61	2	3	5	7	8	9	14	17	18	19	20	21	22	25	26	27	28	30	39	41	43	44	45	46	48	49	50	52	54	55	59	63	64	65	69	73	75	77	78	79	80	87	94	98	106	111	112	115	116	117	119	120	124	125	132	135	136	137	138	140	148
495	20	327	-9	292	1105	137	494	-1
496	464	201	19	1995	3336	203	-1	497	78	0	2	3	7	8	9	12	14	19	22	23	24	29	34	35	36	37	39	42	44	48	49	50	52	53	55	56	57	61	70	71	73	77	78	81	82	84	85	86	87	89	90	91	92	93	94	95	96	97	98	99	101	102	103	105	107	111	112	113	117	118	119	125	127	132	133	134	136	138	139	141	142	144	145	146	147	148	149
497	676	61	-19	2508	3162	133	496	-1
498	960	962	17	2679	3952	134	-1	499	-1
499	757	885	-17	3766	4679	213	498	-1
500	195	92	13	395	1383	143	-1	501	-1
501	263	103	-13	290	1657	171	500	-1
502	850	900	19	550	1976	153	-1	503	59	2	3	4	6	7	10	11	12	16	21	26	28	29	30	32	33	35	36	39	41	44	47	51	56	60	61	64	65	69	75	78	79	84	85	86	94	98	99	100	104	108	109	114	116	117	118	120	121	122	123	124	136	137	140	142	144	145	147	148
503	845	855	-19	943	2250	237	502	-1
504	889	341	10	800	2066	114	-1	505	71	0	1	2	5	8	11	12	13	16	18	19	21	23	26	29	30	31	32	33	34	37	39	42	46	47	50	51	53	54	57	59	61	62	64	66	68	71	74	76	77	78	79	89	95	96	99	100	101	104	105	106	108	109	110	111	113	115	118	121	122	123	124	125	126	130	132	135	140	142	143	145
505	783	177	-10	1350	2806	129	504	-1
506	827	352	11	743	2145	129	-1	507	-1
507	573	345	-11	1621	2336	139	506	-1
508	222	98	10	1907	2667	191	-1	509	64	0	2	4	5	6	7	8	11	12	18	19	20	22	25	30	32	33	34	37	38	39	41	42	44	47	53	54	58	62	63	65	68	73	75	77	80	81	82	86	87	88	91	92	94	98	101	103	104	106	108	109	110	115	117	118	119	121	122	123	135	138	140	147	148
509	92	145	-10	4351	4946	113	508	-1
510	452	590	5	558	1482	188	-1	511	46	0	6	12	17	22	25	26	27	34	39	41	42	43	44	46	51	57	62	66	71	75	77	78	81	82	85	86	94	96	98	101	103	104	107	119	120	121	122	126	129	134	135	141	144	146	148
511	598	707	-5	2450	3372	182	510	-1
512	242	240	18	512	1261	134	-1	513	76	0	2	3	5	7	8	9	11	12	13	14	15	19	20	21	22	23	25	28	31	32	34	40	43	44	45	48	52	53	54	55	56	57	59	65	67	71	72	73	75	76	78	80	81	82	83	84	85	89	90	92	94	96	100	101	104	105	111	112	114	115	116	117	118	119	121	129	135	137	138	141	142	144	145	146	147
513	29	165	-18	2373	3362	130	512	-1
514	523	914	8	1267	2259	126	-1	515	-1
515	428	758	-8	3541	4400	126	514	-1
516	696	526	18	2002	2831	239	-1	517	71	1	6	7	12	16	19	20	25	26	27	28	32	34	35	37	42	43	44	46	47	49	50	51	52	53	54	57	58	60	61	64	67	70	72	73	76	77	79	80	83	84	85	87	90	92	93	96	100	101	103	104	105	106	107	109	113	116	117	122	123	126	129	130	131	135	137	138	141	142	145	148
517	696	262	-18	3050	4222	160	516	-1
518	525	587	15	1328	2140	238	-1	519	83	3	4	5	6	7	8	11	12	19	20	21	25	26	27	28	33	36	37	41	42	45	46	47	48	50	52	53	55	56	57	58	62	64	66	67	70	71	72	74	77	79	80	81	82	83	84	86	90	92	93	94	95	96	98	99	100	101	103	104	105	107	111	112	113	117	119	124	125	126	129	130	131	132	134	135	136	137	139	140	141	142	143	149
519	680	677	-15	1896	2741	154	518	-1
520	840	571	20	881	1424	117	-1	521	48	2	6	8	9	13	14	15	16	17	19	20	24	26	33	35	36	42	47	50	58	73	75	76	79	80	84	85	86	89	90	95	100	104	107	108	109	110	112	113	121	123	128	131	134	137	142	146	149
521	934	472	-20	3620	4610	219	520	-1
522	364	182	18	2016	3405	115	-1	523	62	1	3	5	8	9	11	13	14	15	16	19	20	21	25	27	28	29	40	41	43	45	47	48	50	55	62	64	66	69	72	73	76	79	85	87	89	95	96	97	100	102	104	105	107	114	115	116	117	120	122	124	126	128	129	130	135	137	138	141	142	147	148
523	209	239	-18	3035	3996	166	522	-1
524	442	440	8	761	1299	190	-1	525	-1
525	478	497	-8	1277	2141	126	524	-1
526	362	947	13	982	2339	123	-1	527	69	1	2	6	9	10	12	13	14	16	17	19	20	21	22	23	24	28	30	32	36	37	38	39	43	45	46	50	55	56	57	58	62	63	68	70	71	73	74	77	78	79	81	82	83	87	89	90	93	95	96	98	100	101	105	106	108	109	111	114	119	121	122	126	130	135	137	140	141	145
527	231	959	-13	1340	2823	190	526	-1
528	177	50	18	3281	4066	128	-1	529	-1
529	66	95	-18	4354	4897	113	528	-1
530	831	333	7	86	1185	145	-1	531	61	0	2	5	8	10	13	14	15	16	21	22	23	24	25	30	35	37	38	39	40	45	46	48	49	51	56	59	61	64	65	66	69	71	73	76	78	80	82	83	86	87	90	98	101	102	105	107	111	116	117	118	120	122	125	129	130	131	133	137	140	147
531	990	230	-7	3754	4702	134	530	-1
532	212	347	14	3150	4134	170	-1	533	-1
533	72	440	-14	3420	4749	157	532	-1
534	631	365	13	2288	3017	116	-1	535	70	0	1	4	10	12	13	14	16	17	19	23	24	26	28	30	31	33	36	37	39	47	53	54	55	59	60	61	62	63	64	65	66	67	69	70	71	72	73	75	76	79	81	82	83	84	85	90	91	92	99	100	104	107	108	115	116	119	123	124	126	128	129	130	131	136	139	140	145	148	149
535	446	559	-13	2710	4067	116	534	-1
536	134	208	18	1638	2716	155	-1	537	-1
537	251	429	-18	2368	3268	132	536	-1
538	718	137	18	798	1773	194	-1	539	-1
539	906	310	-18	960	2117	122	538	-1
540	889	494	13	856	2200	149	-1	541	57	1	6	13	14	15	16	18	26	27	30	31	34	43	44	45	46	49	51	54	57	63	64	68	71	74	80	81	82	85	86	91	97	98	100	102	110	111	114	115	119	120	122	123	124	125	128	130	132	135	136	140	141	142	143	145	147	148
541	929	310	-13	807	1937	244	540	-1
542	581	290	7	640	1980	222	-1	543	-1
543	726	169	-7	2951	4314	167	542	-1
544	954	993	18	580	1634	211	-1	545	87	1	4	5	6	8	11	13	14	16	17	18	21	23	24	25	28	30	32	33	34	36	39	40	41	42	45	46	47	48	49	50	51	53	54	56	57	60	61	64	67	68	69	70	71	72	74	75	76	78	79	87	92	93	94	95	96	97	101	102	103	105	106	108	109	110	113	115	116	117	119	120	122	123	125	126	127	129	130	132	133	137	141	143	144	145	146	147
545	845	946	-18	3081	4185	112	544	-1
546	33	658	6	2681	3712	184	-1	547	71	2	3	4	5	6	7	8	9	12	17	20	22	23	24	26	34	35	37	39	42	43	44	45	51	54	58	59	60	62	65	67	70	71	73	76	79	80	81	83	84	87	88	89	92	96	100	104	105	107	110	111	114	116	117	119	121	122	123	124	125	126	127	128	130	131	135	136	138	141	142	147
547	4	771	-6	1860	3111	100	546	-1
548	841	403	15	993	2189	137	-1	549	-1
549	763	517	-15	414	1741	156	548	-1
550	595	637	18	467	1729	222	-1	551	-1
551	566	543	-18	704	1690	174	550	-1
552	468	952	17	654	2128	129	-1	553	-1
553	380	931	-17	1769	2694	182	552	-1
554	102	916	9	49	1421	129	-1	555	79	2	3	6	8	9	11	13	15	18	20	23	24	25	26	27	28	29	31	32	35	36	39	42	47	48	49	51	53	54	55	56	61	65	66	68	69	70	72	75	76	77	81	82	86	94	96	97	98	99	101	102	103	104	105	109	111	112	114	115	116	117	118	119	121	125	127	128	134	135	136	137	138	139	141	143	144	145	147	148
555	20	943	-9	2818	3931	233	554	-1
556	865	722	5	2099	3053	138	-1	557	-1
557	798	753	-5	3964	4990	192	556	-1
558	953	504	14	499	1118	152	-1	559	-1
559	781	668	-14	3053	4315	118	558	-1
560	342	581	19	1021	1672	201	-1	561	-1
561	357	428	-19	1157	2471	205	560	-1
562	903	202	6	1656	2199	190	-1	563	51	1	2	9	10	14	17	18	19	21	27	29	30	32	38	40	46	49	50	51	54	55	67	70	71	72	78	80	82	83	85	86	90	92	94	96	103	107	113	121	122	126	128	131	133	134	135	137	142	144	148	149
563	664	98	-6	3834	4954	191	562	-1
564	539	55	13	518	1868	202	-1	565	85	0	1	2	3	5	9	10	13	14	16	17	20	21	25	28	32	35	36	37	38	40	41	42	44	47	48	53	56	58	60	61	62	63	64	66	68	70	71	73	74	76	79	81	83	84	86	87	90	93	96	97	98	99	102	103	104	105	106	108	111	112	113	114	115	118	120	121	123	125	126	128	129	130	132	134	135	137	138	140	141	143	145	146	147	148
565	727	12	-13	1856	3062	187	564	-1
566	117	9	17	48	1526	144	-1	567	-1
567	235	66	-17	1003	2315	190	566	-1
568	964	342	17	3575	4432	197	-1	569	60	3	4	12	13	15	16	17	20	21	24	25	28	33	34	35	38	41	42	43	44	49	51	52	53	56	58	59	60	61	65	69	72	73	74	76	77	78	80	81	82	83	92	97	104	107	110	123	126	129	130	131	132	134	138	139	140	141	144	146	147
569	921	339	-17	3438	4135	182	568	-1
570	547	9	18	637	1170	133	-1	571	-1
571	405	19	-18	2301	3368	140	570	-1
572	312	302	17	199	1001	101	-1	573	83	1	4	6	8	9	11	14	15	17	19	20	22	23	24	25	30	31	32	33	34	35	37	38	42	44	50	56	57	58	59	63	64	71	73	75	76	77	78	80	81	82	84	85	87	89	90	91	94	95	96	97	98	100	101	102	103	104	105	106	107	108	109	111	112	113	115	116	118	119	121	122	126	128	129	130	132	135	138	139	142	145	147	148
573	371	396	-17	1844	2960	130	572	-1
574	291	654	6	2419	3893	229	-1	575	80	1	2	3	4	6	7	9	11	12	15	20	21	22	23	26	28	30	31	32	33	34	39	41	42	44	45	46	47	48	49	50	53	54	57	58	61	62	65	68	69	71	72	73	75	78	81	83	84	86	87	88	89	91	93	97	98	100	101	102	105	107	109	110	111	112	114	116	119	121	123	124	127	131	136	139	140	142	143	144	145
575	91	513	-6	3645	4772	146	574	-1
576	493	423	8	1618	2882	174	-1	577	48	2	9	13	14	17	20	30	31	33	35	40	45	46	51	53	54	55	56	58	60	61	65	68	69	70	81	82	83	87	96	99	108	113	116	118	120	123	124	126	128	129	130	131	134	140	143	145	149
577	516	486	-8	2446	3809	131	576	-1
578	611	5	15	394	929	203	-1	579	-1
579	817	46	-15	854	1782	125	578	-1
580	419	370	17	1540	2645	199	-1	581	74	0	2	4	7	8	9	10	11	12	14	15	16	17	20	21	22	23	25	26	27	32	33	36	37	39	43	46	47	48	49	51	58	61	62	63	64	67	73	74	76	78	79	80	82	83	87	88	89	92	96	97	99	104	105	106	107	110	113	115	116	122	126	127	128	132	133	134	135	136	137	138	141	142	145
581	673	431	-17	1442	2303	156	580	-1
582	884	50	10	669	1283	226	-1	583	72	0	2	5	6	7	9	11	12	13	15	17	18	19	20	22	23	25	26	31	32	36	42	45	47	48	50	51	52	55	56	58	60	61	62	64	65	66	67	68	69	73	74	76	79	83	85	86	88	93	96	101	103	105	106	108	109	111	113	114	116	118	124	126	128	131	133	134	135	144	147	148	149
583	994	191	-10	3603	4613	106	582	-1
584	679	157	13	834	2109	113	-1	585	50	3	5	9	16	17	19	28	29	33	35	37	41	43	45	51	54	55	56	60	65	67	69	71	82	85	86	87	88	90	96	97	99	102	104	106	109	110	113	119	120	122	123	124	129	130	131	136	139	143	148
585	658	74	-13	1915	2437	101	584	-1
586	304	480	11	2987	3937	195	-1	587	-1
587	148	290	-11	3591	4340	218	586	-1
588	730	117	11	2838	4221	105	-1	589	85	0	1	2	3	5	7	8	9	10	11	12	14	15	17	19	20	22	23	24	25	27	29	30	31	33	34	36	37	38	39	41	42	44	47	49	51	52	53	54	55	56	57	61	62	65	67	71	72	73	74	75	77	78	79	80	81	82	83	84	86	92	94	95	98	105	106	107	108	110	111	116	118	122	123	124	127	128	129	130	131	137	138	144	145	146
589	509	7	-11	3375	4751	130	588	-1
590	913	270	8	1745	2795	176	-1	591	68	0	1	2	4	7	9	14	15	18	20	21	23	25	30	31	32	37	39	40	41	42	48	50	51	53	54	61	62	63	64	65	66	67	68	73	74	75	76	79	83	84	85	93	94	95	97	99	102	103	104	112	114	117	120	122	127	129	134	135	136	137	138	141	142	144	146	147	149
591	925	393	-8	3597	4492	150	590	-1
592	944	427	18	504	1406	187	-1	593	-1
593	709	398	-18	62	1468	113	592	-1
594	469	83	11	1269	2074	185	-1	595	-1
595	220	105	-11	1181	2438	160	594	-1
596	389	524	20	1437	2787	109	-1	597	84	2	4	5	6	7	11	12	13	17	19	20	21	22	24	25	26	28	30	34	35	36	37	38	39	40	41	42	44	47	50	52	53	54	56	58	59	61	62	64	66	67	68	69	70	71	77	78	81	82	86	87	88	90	94	95	97	100	101	102	104	105	108	110	112	113	114	115	116	120	124	125	126	127	128	132	135	137	140	142	143	144	146	148	149
597	174	661	-20	1737	2372	109	596	-1
598	222	572	11	663	1264	136	-1	599	53	1	2	3	9	10	12	14	21	24	25	26	32	34	39	41	43	45	46	47	52	53	54	55	56	58	62	63	66	70	73	76	77	79	80	83	87	93	94	95	96	100	113	115	117	124	127	128	133	135	137	143	145	147
599	327	567	-11	929	1615	113	598	-1
600	387	501	19	3479	4782	125	-1	601	57	3	6	10	11	13	14	15	18	20	24	27	28	34	35	38	41	45	49	51	55	56	60	62	64	65	67	69	70	75	80	81	82	89	90	91	95	99	106	108	110	111	113	114	116	118	122	125	128	130	131	133	134	135	137	140	143	148
601	382	766	-19	2707	4165	122	600	-1
602	314	672	10	2645	3188	104	-1	603	54	3	4	5	7	8	10	13	16	17	20	23	24	25	30	42	49	50	51	52	53	54	63	67	71	79	80	82	85	86	89	92	93	98	108	109	114	116	118	119	120	122	123	125	126	127	128	135	136	138	140	141	145	146	148
603	239	635	-10	3691	4242	157	602	-1
604	152	656	16	756	2239	128	-1	605	81	1	4	5	8	10	12	13	16	20	22	23	24	25	27	28	29	32	35	36	37	38	39	41	43	47	48	49	51	52	53	55	58	62	63	64	65	66	67	69	72	74	75	76	80	82	84	90	91	93	95	97	98	99	100	102	104	106	107	109	111	112	113	115	117	118	119	120	121	122	124	125	129	132	133	136	137	139	144	146	147	148
605	228	601	-16	1140	2391	173	604	-1
606	421	810	8	481	1618	144	-1	607	-1
607	323	705	-8	1658	2677	235	606	-1
608	874	561	16	1474	2388	202	-1	609	-1
609	851	729	-16	1647	2463	205	608	-1
610	460	446	20	2408	3306	175	-1	611	-1
611	469	381	-20	2413	3759	175	610	-1
612	987	988	19	1804	2621	223	-1	613	81	1	2	7	12	13	16	19	20	21	22	29	30	31	32	33	35	37	38	39	40	42	44	45	46	50	51	52	53	55	59	61	62	63	64	65	66	68	70	73	74	77	78	82	83	84	85	87	89	90	91	92	93	94	96	99	100	107	110	112	114	115	117	118	120	122	124	125	126	127	129	134	137	138	139	141	143	145	146	147	148	149
613	845	904	-19	3308	3981	196	612	-1
614	554	38	8	3012	3729	218	-1	615	-1
615	751	185	-8	2891	3963	160	614	-1
616	313	495	10	652	1338	203	-1	617	89	2	3	4	5	6	7	8	12	14	15	17	18	20	21	22	23	24	25	27	29	30	31	33	35	37	38	39	41	43	44	45	46	48	49	52	54	56	58	59	60	61	64	65	67	70	71	73	75	79	82	84	86	87	88	89	90	92	93	94	95	97	100	101	102	103	107	109	110	112	114	115	116	118	119	120	121	122	123	125	129	130	136	137	138	141	142	143	146	147
617	329	536	-10	1860	2861	162	616	-1
618	319	509	10	127	1039	125	-1	619	61	5	6	10	11	14	20	23	24	27	31	32	33	35	38	39	40	43	44	46	48	49	51	52	53	54	55	60	61	64	66	67	71	80	81	84	87	88	91	92	93	96	100	104	106	107	109	110	111	112	115	119	120	121	125	126	133	135	138	140	142	143
619	321	449	-10	1135	1787	233	618	-1
620	865	655	15	183	1006	100	-1	621	53	3	9	10	16	17	19	20	25	26	28	30	37	39	40	43	47	49	52	53	54	58	63	65	67	74	77	78	80	81	83	87	94	95	96	102	105	106	107	115	117	118	119	120	121	123	128	130	132	139	140	142	143	145
621	846	618	-15	3817	4561	205	620	-1
622	878	418	6	660	1938	130	-1	623	69	2	3	4	5	6	9	11	12	13	14	16	17	18	23	25	27	29	30	31	35	37	39	43	45	46	48	52	55	57	58	59	60	67	71	73	74	77	78	88	89	90	91	94	96	98	100	101	103	105	107	108	109	110	111	116	121	122	123	124	128	130	135	136	138	139	142	143	146	148
623	818	394	-6	2505	3890	157	622	-1
624	225	304	13	1989	3038	234	-1	625	74	2	3	7	8	11	12	13	14	15	16	17	18	19	20	21	22	27	28	31	32	36	38	42	43	45	46	48	50	51	61	63	64	66	67	69	71	72	74	75	76	78	81	82	85	87	92	97	99	103	107	108	110	112	115	116	117	120	121	125	127	128	129	130	131	132	134	136	139	141	142	143	146	147	148
625	230	189	-13	3379	4200	171	624	-1
626	73	687	12	1372	2662	216	-1	627	58	2	7	9	11	13	16	17	19	20	23	29	36	38	39	44	46	49	54	57	58	61	63	64	68	70	73	75	77	78	80	87	88	90	93	94	96	97	98	99	100	101	103	106	107	108	109	114	115	117	123	124	125	127	138	139	144	145	146
627	67	731	-12	743	1934	104	626	-1
628	983	202	18	1452	2756	221	-1	629	-1
629	797	345	-18	1910	3053	210	628	-1
630	983	460	16	851	1868	202	-1	631	-1
631	954	422	-16	3171	3769	237	630	-1
632	159	33	14	161	1367	122	-1	633	-1
633	427	92	-14	2248	3210	210	632	-1
634	464	979	14	3429	4000	212	-1	635	59	5	6	7	15	22	23	26	27	28	30	32	35	38	39	41	42	43	46	50	52	55	56	57	61	63	64	65	67	68	70	71	72	73	78	80	82	88	90	91	92	93	98	100	103	104	107	109	111	113	123	127	129	132	133	134	135	137	138	148
635	370	982	-14	3506	4643	147	634	-1
636	970	927	11	970	2346	217	-1	637	83	2	4	6	7	8	10	13	14	15	16	18	19	25	26	27	31	32	36	37	38	42	43	44	46	47	48	49	51	52	56	57	58	59	60	61	63	64	65	66	71	72	73	74	75	76	77	78	80	81	82	83	85	86	87	90	92	98	99	101	102	107	108	109	111	112	113	114	116	119	121	122	123	124	125	128	130	135	136	137	142	143	147	148
637	875	721	-11	3078	4321	198	636	-1
638	40	910	14	601	1453	228	-1	639	-1
639	244	860	-14	2521	3979	233	638	-1
640	672	999	9	1328	1922	117	-1	641	78	3	4	5	6	7	9	10	12	13	16	17	22	23	26	27	28	30	35	36	37	40	41	43	44	46	48	51	52	54	56	58	61	62	64	65	66	67	68	69	71	73	77	78	80	86	88	90	93	95	96	97	98	102	103	105	106	109	111	112	114	116	117	120	121	122	123	125	129	130	131	132	136	138	139	140	141	142	146
641	773	891	-9	3711	4794	102	640	-1
642	417	694	19	902	2346	243	-1	643	86	2	3	4	5	6	9	11	12	13	14	15	18	19	21	22	23	24	28	30	31	37	39	40	41	43	44	47	49	50	51	52	54	56	57	58	59	60	62	63	64	65	66	68	69	75	77	78	79	80	86	87	88	92	93	94	95	96	98	99	102	104	107	108	110	112	113	114	115	116	118	119	122	123	125	127	128	129	130	134	137	139	144	145	146	147	149
643	437	939	-19	1526	2027	221	642	-1
644	495	123	20	1198	2587	207	-1	645	-1
645	366	65	-20	1901	2795	234	644	-1
646	585	54	10	2725	3896	126	-1	647	48	2	5	8	9	10	16	17	20	23	24	26	29	30	31	40	43	45	47	48	50	58	62	70	71	72	73	74	75	79	81	93	103	105	106	109	113	115	116	117	118	119	121	127	133	134	137	139	146
647	583	195	-10	3525	4965	232	646	-1
648	586	278	12	574	1974	137	-1	649	63	1	4	5	9	10	15	18	21	23	27	28	29	31	33	34	35	36	37	38	40	41	42	45	51	56	61	63	68	70	72	73	75	77	79	81	82	85	86	88	89	91	93	95	97	102	103	104	106	108	109	112	113	117	120	124	125	130	134	136	138	140	142	145
649	421	370	-12	1626	2252	201	648	-1
650	518	915	8	820	2165	115	-1	651	-1
651	639	979	-8	1244	1802	108	650	-1
652	342	576	14	153	1268	130	-1	653	-1
653	581	634	-14	3069	4530	243	652	-1
654	945	813	11	2392	2899	239	-1	655	64	0	2	7	8	9	11	13	14	16	17	23	24	25	27	29	33	34	35	36	40	45	49	50	54	55	60	61	62	63	64	65	67	71	73	75	76	78	79	81	83	84	85	88	89	90	94	96	97	104	106	107	108	112	113	115	117	122	125	137	138	140	143	144	149
655	849	941	-11	3007	4180	227	654	-1
656	428	58	6	2134	3104	212	-1	657	51	0	1	2	4	6	13	16	17	21	22	24	28	35	37	39	44	49	52	58	59	61	81	83	85	94	95	96	99	101	104	106	107	109	110	111	113	114	116	122	127	130	131	133	138	139	140	141	142	143	145	146
657	210	136	-6	1589	2779	123	656	-1
658	923	753	17	2325	3634	122	-1	659	69	2	3	4	7	8	9	12	14	17	19	24	26	27	28	29	30	32	34	35	36	37	39	40	42	43	46	47	49	50	51	55	56	59	60	61	64	68	70	72	74	75	76	81	84	88	89	90	92	96	98	99	102	104	105	106	111	116	123	125	126	128	129	132	133	135	140	141	146	147
659	794	669	-17	2819	3551	110	658	-1
660	653	157	18	2873	3806	178	-1	661	-1
661	508	320	-18	3532	4981	122	660	-1
662	115	305	12	642	1609	165	-1	663	79	1	4	6	7	10	12	13	14	16	17	18	20	21	22	24	27	29	32	33	34	40	41	43	47	48	49	50	51	52	53	56	59	60	62	63	66	67	68	71	72	75	76	78	80	82	83	84	85	86	93	95	98	99	101	102	104	105	107	111	117	119	121	122	123	124	127	128	130	131	132	134	135	136	137	140	142	144	145	146
663	123	518	-12	2413	3289	113	662	-1
664	322	959	7	2322	3557	144	-1	665	-1
665	353	723	-7	1652	2955	125	664	-1
666	564	956	9	1649	2428	215	-1	667	-1
667	570	958	-9	3122	4227	130	666	-1
668	469	184	13	52	729	115	-1	669	55	1	8	14	15	17	19	24	28	29	33	36	37	39	44	45	46	47	53	54	55	57	59	63	64	68	72	74	77	80	81	82	83	84	86	89	91	97	99	102	104	108	109	110	113	121	129	130	131	135	139	142	144	145	146	148
669	346	212	-13	2178	3531	131	668	-1
670	913	798	20	1283	2448	141	-1	671	45	8	9	11	21	22	23	25	28	29	30	31	33	44	47	48	52	57	58	59	68	75	76	77	79	82	83	84	87	88	94	97	100	103	104	111	114	115	121	133	135	137	139	145	146	148
671	784	550	-20	3450	4040	196	670	-1
672	701	976	10	1313	2297	220	-1	673	-1
673	828	798	-10	1706	2701	103	672	-1
674	347	676	10	2522	3136	109	-1	675	51	0	3	4	13	22	23	25	27	28	39	42	45	47	48	51	55	60	61	69	71	72	76	81	82	83	89	90	93	96	97	98	100	101	102	108	109	110	114	116	120	127	130	133	135	142	143	144	145	146	147	148
675	307	875	-10	3914	4986	219	674	-1
676	929	766	6	2057	3136	130	-1	677	84	0	2	3	4	6	7	8	9	10	12	14	15	16	19	20	21	23	25	27	28	29	30	31	32	34	35	36	37	38	40	41	45	46	48	50	53	54	56	57	59	60	61	62	63	64	65	66	70	71	72	73	76	78	79	82	84	86	87	88	89	90	92	94	96	97	100	107	109	111	113	119	122	124	125	127	131	132	133	134	135	137	140	144	145
677	936	724	-6	3217	4377	139	676	-1
678	227	224	18	928	2166	126	-1	679	-1
679	443	332	-18	3156	3999	145	678	-1
680	96	472	17	2142	3506	245	-1	681	82	0	3	4	7	9	11	13	16	17	18	19	20	21	23	24	25	26	27	33	34	35	36	37	38	39	40	42	43	45	46	47	49	50	51	53	56	61	62	65	66	69	70	71	72	74	75	76	78	79	83	87	88	89	92	94	95	96	97	101	103	104	105	106	108	109	110	111	116	117	118	123	124	126	127	128	133	134	139	140	144	147	148
681	134	732	-17	2067	3078	172	680	-1
682	277	773	16	2890	3822	177	-1	683	64	1	2	3	4	6	8	11	13	14	16	19	20	21	22	23	25	28	29	30	31	44	46	47	48	49	51	53	55	59	60	61	62	63	73	78	84	85	87	88	91	92	96	100	101	102	103	109	110	111	113	114	122	123	131	132	133	135	136	137	138	141	142	143	149
683	470	775	-16	4377	4879	241	682	-1
684	298	493	7	974	1965	208	-1	685	-1
685	353	292	-7	2590	3554	249	684	-1
686	280	949	9	3041	3680	187	-1	687	51	2	15	18	19	22	24	28	30	31	32	33	35	36	44	45	52	53	56	57	58	59	63	65	66	67	68	70	73	74	81	85	96	97	101	103	105	106	107	113	114	116	119	121	124	125	126	128	131	133	135	136
687	143	921	-9	3197	4254	171	686	-1
688	938	510	8	289	1113	211	-1	689	-1
689	850	360	-8	1681	2813	246	688	-1
690	937	432	16	716	1659	186	-1	691	51	1	6	10	13	15	17	18	22	23	27	33	35	38	43	44	49	50	53	63	67	68	72	74	77	78	82	91	92	94	95	99	101	102	108	113	118	119	120	122	124	125	127	129	132	135	136	137	140	143	144	147
691	859	444	-16	2088	3503	126	690	-1
692	481	12	16	876	1822	246	-1	693	-1
693	476	182	-16	1275	2629	195	692	-1
694	978	95	6	63	886	220	-1	695	81	0	2	4	5	6	7	8	16	17	20	21	23	24	28	29	30	31	34	35	36	37	39	41	44	46	48	51	52	53	57	58	61	63	65	66	67	68	69	76	77	79	82	84	85	86	87	88	89	90	91	96	98	100	103	104	105	106	110	111	112	113	114	115	116	117	118	123	126	127	128	130	131	132	133	134	136	141	143	145	147	148
695	715	116	-6	2509	3020	109	694	-1
696	160	637	6	1241	2405	198	-1	697	57	1	3	5	8	10	13	16	17	19	23	24	26	33	35	41	42	43	49	50	51	53	54	64	66	67	69	71	72	74	77	78	80	86	87	88	89	92	94	95	102	103	113	114	119	124	129	132	134	135	136	139	140	144	145	146	147	148
697	239	882	-6	3808	4352	228	696	-1
698	337	834	16	1182	2266	164	-1	699	-1
699	587	840	-16	3705	4252	116	698	-1
700	91	216	19	2193	2772	135	-1	701	-1
701	232	139	-19	2978	4343	200	700	-1
702	97	700	18	564	1424	178	-1	703	75	1	3	5	6	8	10	13	15	17	22	24	25	26	27	30	31	35	36	38	41	42	43	45	47	50	51	54	57	61	63	64	66	68	73	74	77	78	79	82	83	84	86	90	91	93	94	95	96	98	100	101	105	108	110	111	112	113	115	116	117	118	120	122	123	124	126	128	131	132	134	136	141	144	146	147
703	42	691	-18	1868	3309	196	702	-1
704	353	551	18	2117	2650	248	-1	705	81	0	1	3	4	7	8	9	10	11	13	14	15	16	17	21	24	28	30	31	33	34	35	36	37	38	39	41	43	45	47	48	49	52	53	55	56	60	64	65	67	69	71	73	80	82	91	92	93	94	95	96	97	98	99	100	101	102	103	105	107	108	110	111	112	116	117	118	121	123	124	125	128	130	132	133	135	137	143	145	146	147
705	585	561	-18	2299	3188	193	704	-1
706	977	837	20	2635	3289	196	-1	707	-1
707	738	723	-20	2597	3518	186	706	-1
708	895	198	7	1675	3037	117	-1	709	-1
709	807	223	-7	957	2346	190	708	-1
710	187	392	13	1081	2420	170	-1	711	81	0	2	3	4	7	10	11	13	14	16	22	24	25	28	31	35	37	38	40	41	42	43	44	45	46	47	49	50	51	52	55	56	57	58	59	61	62	64	66	67	68	73	74	76	78	80	81	84	85	87	88	95	96	99	102	106	107	110	114	115	116	119	121	122	123	124	125	126	127	128	129	132	133	134	135	136	140	142	145	146	148
711	191	429	-13	3043	4085	197	710	-1
712	214	664	7	293	1614	185	-1	713	56	3	8	16	17	19	23	24	26	28	30	35	36	38	41	47	49	52	53	54	55	57	58	66	73	76	77	78	79	80	81	83	88	89	93	94	97	98	100	110	112	116	118	119	123	125	127	129	130	133	135	138	139	140	141	143	146
713	129	762	-7	593	2007	212	712	-1
714	142	64	17	852	2227	106	-1	715	-1
715	109	339	-17	380	1563	168	714	-1
716	731	661	17	773	1279	127	-1	717	-1
717	667	417	-17	3831	4832	112	716	-1
718	415	170	7	898	2303	195	-1	719	-1
719	563	190	-7	2688	4168	145	718	-1
720	625	666	10	72	714	191	-1	721	74	1	5	6	9	13	16	17	18	19	26	28	29	30	31	33	35	36	38	39	42	43	45	46	47	48	51	53	55	58	61	64	66	67	68	71	72	73	74	77	79	80	81	82	85	87	88	89	90	92	93	94	96	97	99	101	103	104	106	111	112	115	121	123	124	128	130	131	132	134	138	139	140	141	143
721	840	669	-10	3314	4001	190	720	-1
722	167	343	10	1988	2701	147	-1	723	-1
723	241	482	-10	3892	4456	148	722	-1
724	443	732	12	2218	2913	142	-1	725	-1
725	474	918	-12	3694	4322	107	724	-1
726	573	780	12	3717	4366	191	-1	727	-1
727	497	683	-12	3503	4878	102	726	-1
728	171	859	20	1990	3131	238	-1	729	52	1	2	8	10	11	16	17	18	21	23	28	29	30	31	34	35	43	45	46	57	63	64	69	70	77	85	88	94	97	98	99	100	102	108	110	113	114	117	123	124	126	127	131	132	133	134	136	137	139	143	145	147
729	368	796	-20	2329	3330	223	728	-1
730	787	584	11	1620	2258	136	-1	731	64	1	2	3	4	5	10	21	22	23	24	25	27	29	33	38	39	43	44	45	46	47	50	52	58	59	61	62	63	67	70	72	73	75	78	79	80	84	87	89	90	98	104	105	106	107	113	116	118	119	120	125	126	130	132	134	136	137	138	140	142	144	146	147	148
731	794	490	-11	3972	4922	231	730	-1
732	148	549	6	787	2106	143	-1	733	-1
733	72	624	-6	3155	4102	176	732	-1
734	512	129	12	1996	2579	184	-1	735	72	8	11	12	14	15	16	17	19	20	22	26	27	30	35	37	39	40	41	43	44	45	48	49	50	51	52	53	54	58	59	61	62	63	65	67	70	73	74	76	81	82	84	89	96	99	100	103	105	107	108	110	111	112	114	115	116	117	118	120	122	125	128	132	135	136	137	139	140	141	142	147	148
735	689	2	-12	1454	2741	247	734	-1
736	280	382	17	1668	2549	143	-1	737	-1
737	198	297	-17	3681	4247	199	736	-1
738	268	630	16	3093	4432	233	-1	739	64	2	4	8	12	13	15	16	19	20	21	22	23	25	26	28	29	31	32	34	38	43	44	47	48	51	58	62	66	67	73	74	75	76	77	79	81	84	86	88	89	91	98	101	102	104	107	108	110	112	117	118	119	120	125	127	128	132	135	136	137	138	139	143	148
739	390	517	-16	3568	4468	199	738	-1
740	180	391	18	3092	4371	233	-1	741	-1
741	405	450	-18	3702	4233	187	740	-1
742	595	620	17	1698	2380	101	-1	743	-1
743	322	614	-17	1817	3238	204	742	-1
744	952	504	13	755	1914	221	-1	745	63	3	8	10	13	17	18	19	25	26	27	28	29	30	32	36	40	41	45	51	52	53	54	59	60	65	67	68	75	78	79	80	81	84	93	95	98	99	100	101	103	104	105	109	111	112	113	114	116	119	120	128	131	132	135	136	137	138	139	144	145	146	147	149
745	708	605	-13	2756	4127	188	744	-1
746	923	508	19	1845	3073	189	-1	747	57	0	1	4	9	10	12	15	17	21	24	26	32	33	40	41	42	43	46	48	50	55	61	70	71	72	73	74	75	81	82	83	87	92	93	97	98	99	103	104	105	106	107	109	110	118	121	124	125	126	130	131	133	137	140	141	142	148
747	753	494	-19	3873	4762	147	746	-1
748	893	817	9	2365	2941	144	-1	749	-1
749	816	848	-9	2387	3753	179	748	-1
750	457	784	9	309	1540	176	-1	751	-1
751	418	504	-9	2873	3704	190	750	-1
752	728	614	19	267	1462	104	-1	753	46	1	2	11	12	14	16	20	21	24	28	30	32	34	44	46	47	50	55	56	57	58	61	65	70	71	76	84	86	89	91	92	95	105	110	112	114	117	121	122	123	125	129	136	137	138	139
753	750	426	-19	1510	2712	226	752	-1
754	776	89	19	221	1372	207	-1	755	68	6	7	8	12	13	15	17	20	23	24	25	28	29	31	32	34	39	40	44	45	47	51	54	55	60	63	64	65	66	67	68	74	75	77	80	82	83	84	87	89	90	91	97	98	101	106	108	110	111	114	115	116	118	119	120	121	122	124	126	130	131	133	134	135	141	142	147	148
755	510	174	-19	2683	4111	107	754	-1
756	545	952	7	116	1298	121	-1	757	-1
757	375	769	-7	2366	3630	140	756	-1
758	124	577	11	338	867	180	-1	759	-1
759	64	749	-11	813	1411	224	758	-1
760	152	716	16	3208	3816	166	-1	761	-1
761	321	908	-16	2515	3757	124	760	-1
762	94	869	17	1957	3369	183	-1	763	-1
763	6	836	-17	2897	3628	152	762	-1
764	99	956	16	2884	3418	166	-1	765	-1
765	257	940	-16	3896	4476	164	764	-1
766	106	190	7	682	2096	161	-1	767	-1
767	184	261	-7	3094	3645	212	766	-1
768	902	474	13	900	1514	244	-1	769	-1
769	881	466	-13	1351	1983	144	768	-1
770	349	983	19	319	1759	203	-1	771	-1
771	271	923	-19	3402	4313	185	770	-1
772	868	31	17	138	1176	216	-1	773	81	0	1	2	3	7	8	10	11	12	17	18	20	21	22	23	24	25	27	28	29	31	34	35	36	39	40	42	45	47	48	50	53	54	55	56	58	61	63	64	68	69	78	81	85	86	87	88	92	95	96	97	98	100	102	104	105	107	108	109	111	112	113	115	116	117	118	119	123	124	125	126	128	134	135	136	137	138	141	142	145	148
773	866	54	-17	1337	2348	164	772	-1
774	746	135	19	2533	3726	199	-1	775	-1
775	626	233	-19	3346	4013	248	774	-1
776	95	750	12	455	1845	103	-1	777	-1
777	188	499	-12	1801	2363	121	776	-1
778	782	587	14	770	2148	214	-1	779	-1
779	848	624	-14	3691	4967	201	778	-1
780	68	225	9	1825	3073	120	-1	781	-1
781	200	328	-9	2992	4089	229	780	-1
782	788	585	8	528	1609	107	-1	783	-1
783	684	422	-8	2091	3212	110	782	-1
784	632	720	12	2716	3969	228	-1	785	-1
785	587	976	-12	2970	4267	162	784	-1
786	646	958	12	149	1422	183	-1	787	72	1	3	5	8	10	12	13	14	15	16	17	20	22	23	33	34	41	45	47	52	53	59	60	61	62	64	66	67	68	69	70	71	73	76	79	81	83	84	86	87	92	93	96	97	98	99	100	101	102	103	109	111	112	114	116	120	122	124	125	126	129	130	134	135	136	138	140	142	145	147	148	149
787	422	828	-12	1017	2126	146	786	-1
788	932	893	14	1230	1739	219	-1	789	-1
789	753	754	-14	670	2115	182	788	-1
790	192	404	9	2124	2655	136	-1	791	58	2	4	5	10	12	14	15	18	19	23	24	26	27	31	36	39	41	43	44	45	50	51	52	53	54	55	56	57	59	62	63	66	71	73	74	75	76	78	83	84	85	88	89	94	96	97	99	104	114	123	127	134	136	137	138	140	145	148
791	113	507	-9	3692	4843	241	790	-1
792	515	866	5	1140	1838	158	-1	793	54	0	6	7	11	13	18	20	22	24	27	30	32	34	39	44	46	49	52	56	60	62	64	65	67	69	74	80	84	86	89	92	95	96	97	100	106	108	110	111	112	115	118	122	123	127	129	133	134	135	138	141	142	145	148
793	334	962	-5	1870	3280	217	792	-1
794	480	284	11	2456	3786	151	-1	795	73	0	2	3	4	6	7	10	12	18	20	22	23	27	28	29	31	34	37	38	39	40	43	45	46	47	48	50	51	52	56	60	61	62	63	65	68	69	70	74	75	77	79	80	81	82	83	85	86	87	88	92	93	97	99	102	106	109	112	114	118	119	123	126	129	130	131	134	135	137	139	142	145	147
795	459	252	-11	3010	3826	221	794	-1
796	948	2	7	2295	3509	212	-1	797	50	5	12	13	15	21	23	31	33	34	35	36	37	38	39	40	41	44	54	58	60	65	67	69	70	73	74	76	80	82	84	87	92	93	94	96	98	99	102	108	111	114	117	123	127	130	132	133	134	135	140
797	990	247	-7	2914	4226	121	796	-1
798	447	591	20	2597	3666	235	-1	799	-1
799	423	757	-20	3536	4218	187	798	-1
800	772	361	8	564	1511	191	-1	801	66	0	1	6	7	8	9	13	18	19	20	23	25	27	28	29	33	35	37	38	40	43	44	45	46	47	52	53	54	56	58	60	62	68	69	72	73	74	76	84	85	89	90	91	94	95	100	103	105	108	113	115	122	123	125	127	130	131	133	136	138	139	140	141	144	146	148
801	956	205	-8	2145	3463	112	800	-1
802	107	241	19	2016	2892	212	-1	803	65	0	4	7	10	13	14	15	16	18	21	23	24	26	27	29	30	32	33	34	37	38	39	40	41	42	46	47	50	53	56	65	66	67	69	70	74	77	78	80	81	82	85	87	90	101	103	105	106	109	110	112	113	116	117	118	121	126	127	129	133	139	140	141	142	148
803	250	427	-19	1621	2742	126	802	-1
804	918	3	8	940	1512	243	-1	805	63	0	1	2	3	5	6	8	10	12	17	18	22	25	28	31	32	36	38	41	43	46	50	55	60	62	63	64	67	69	70	71	74	80	81	84	85	88	90	92	93	97	102	103	106	107	109	111	113	118	120	121	123	124	125	129	131	133	135	138	139	143	144	148
805	987	136	-8	1872	2517	218	804	-1
806	944	29	6	2739	3674	117	-1	807	-1
807	879	224	-6	2671	3223	137	806	-1
808	20	926	11	26	1264	216	-1	809	-1
809	190	847	-11	54	1322	138	808	-1
810	27	393	5	828	1663	106	-1	811	50	1	3	4	6	7	13	15	27	28	30	31	39	40	42	48	51	55	58	59	60	63	69	70	72	73	75	76	77	80	84	87	88	90	98	99	111	113	115	121	122	124	125	130	131	138	141	142	143	145	149
811	230	306	-5	4192	4954	120	810	-1
812	410	715	7	1773	3191	178	-1	813	-1
813	446	904	-7	2123	2849	226	812	-1
814	280	872	10	1763	2913	120	-1	815	-1
815	305	619	-10	1342	2352	129	814	-1
816	949	757	14	3444	4299	226	-1	817	57	1	4	6	7	11	12	14	23	24	27	28	34	35	36	40	50	51	52	53	54	55	57	62	63	64	65	68	74	75	78	79	81	82	83	88	91	94	95	99	100	101	102	108	112	114	117	118	120	121	123	126	130	131	132	134	136	142
817	769	674	-14	3571	4645	243	816	-1
818	769	321	19	2255	3160	221	-1	819	58	1	5	6	8	11	12	15	19	20	25	29	31	32	41	42	48	49	50	60	61	66	68	69	71	74	80	84	85	86	89	90	91	94	97	98	99	100	101	104	106	109	110	116	117	119	120	121	122	124	126	127	129	131	132	136	137	141	146
819	609	457	-19	3160	4318	190	818	-1
820	384	399	6	2429	3274	105	-1	821	51	13	15	16	19	20	23	24	25	26	27	29	33	35	47	51	52	55	56	59	62	64	66	67	68	70	71	72	75	82	83	88	89	99	103	104	106	107	108	109	113	115	117	122	129	131	137	138	139	140	141	147
821	453	144	-6	2024	3250	195	820	-1
822	968	112	17	1172	2464	164	-1	823	-1
823	893	288	-17	3558	4437	102	822	-1
824	373	256	12	1574	2477	241	-1	825	-1
825	579	303	-12	3876	4959	224	824	-1
826	629	700	17	1821	3309	124	-1	827	68	0	5	6	7	10	11	12	13	14	15	16	17	21	24	25	28	30	34	35	37	44	45	46	48	49	51	54	55	56	58	61	63	64	67	68	72	73	78	81	82	84	85	87	88	93	94	95	96	103	105	107	109	112	113	114	115	120	123	124	126	127	128	129	131	132	136	142	148
827	796	481	-17	2354	3448	109	826	-1
828	178	39	7	128	1256	116	-1	829	-1
829	439	76	-7	1803	2652	206	828	-1
830	984	178	17	453	1176	194	-1	831	-1
831	774	99	-17	2712	4072	182	830	-1
832	594	386	18	1295	2496	167	-1	833	-1
833	449	591	-18	957	2395	206	832	-1
834	388	901	8	2045	3449	139	-1	835	66	2	3	4	7	11	16	17	18	21	22	23	24	26	29	34	36	39	42	46	49	52	53	57	60	62	64	65	66	68	69	70	71	72	74	77	78	82	83	85	87	88	89	91	97	101	104	105	106	107	111	113	114	115	117	118	120	126	128	129	131	133	137	138	142	145	148
835	238	694	-8	4234	4877	215	834	-1
836	518	922	13	136	1109	186	-1	837	86	1	2	8	10	11	12	13	14	15	16	17	18	19	20	21	22	23	25	26	27	28	29	30	31	33	34	35	37	38	40	44	45	46	47	50	52	54	55	59	60	63	64	65	66	70	71	73	74	76	78	79	80	83	85	86	90	91	94	98	99	102	104	105	108	109	110	111	112	113	114	116	120	121	122	124	128	129	130	132	134	135	136	142	143	144	147
837	728	812	-13	33	1418	220	836	-1
838	621	780	12	943	1702	167	-1	839	46	0	3	4	6	8	10	12	13	19	22	31	33	35	36	43	47	53	64	65	67	68	75	77	80	82	89	93	94	95	106	109	113	116	117	119	121	122	125	126	131	134	136	140	142	145	148
839	800	764	-12	2323	2903	194	838	-1
840	561	986	11	1612	2672	142	-1	841	46	1	2	4	6	11	18	24	27	36	47	48	51	52	54	56	59	61	62	63	71	73	74	75	79	82	84	86	92	96	97	102	103	106	108	112	113	117	119	120	123	130	132	134	145	146	147
841	291	953	-11	1967	3276	126	840	-1
842	185	161	10	2366	3833	177	-1	843	-1
843	243	282	-10	2735	3659	142	842	-1
844	338	569	13	3083	4380	186	-1	845	-1
845	500	799	-13	3001	4045	128	844	-1
846	60	941	15	2716	3969	134	-1	847	-1
847	24	776	-15	3196	4449	186	846	-1
848	451	55	19	144	1302	232	-1	849	45	2	3	5	6	10	17	18	21	22	23	28	29	31	32	33	40	62	65	66	72	76	77	78	82	84	89	90	95	96	99	102	104	105	107	109	110	113	116	121	124	129	131	134	138	140
849	426	76	-19	3345	4546	166	848	-1
850	657	806	11	2330	3097	127	-1	851	-1
851	753	636	-11	3914	4830	107	850	-1
852	938	443	18	1098	2157	147	-1	853	81	1	3	4	5	6	7	8	9	10	11	12	14	17	18	21	22	24	25	27	29	30	31	39	41	44	45	47	48	49	50	51	53	54	57	60	62	64	66	69	73	74	75	76	77	78	79	80	81	83	85	92	94	96	99	100	103	104	105	106	109	114	115	116	117	120	123	124	126	127	129	130	131	132	133	135	139	142	144	145	146	148
853	919	648	-18	3298	3889	169	852	-1
854	773	112	8	291	1169	146	-1	855	-1
855	612	48	-8	3068	3695	169	854	-1
856	290	547	11	3163	3885	210	-1	857	-1
857	113	644	-11	3593	4719	221	856	-1
858	889	667	19	1787	2662	146	-1	859	-1
859	994	837	-19	1861	2522	199	858	-1
860	287	525	17	59	1207	245	-1	861	64	2	6	8	16	21	22	28	29	37	39	41	46	47	48	50	51	52	59	60	61	64	66	67	69	70	71	72	74	75	76	77	80	81	83	84	85	86	88	97	98	99	100	102	103	105	106	108	109	110	112	119	120	125	126	127	132	133	135	136	138	140	141	144	145
861	75	377	-17	886	1682	121	860	-1
862	874	944	9	1927	2675	195	-1	863	-1
863	994	902	-9	3236	3856	245	862	-1
864	582	861	20	2817	3878	239	-1	865	-1
865	325	917	-20	2558	3732	223	864	-1
866	590	875	11	1986	3420	136	-1	867	88	3	4	8	9	11	12	13	14	15	17	18	19	20	21	22	23	24	28	30	32	34	36	38	41	42	44	46	47	48	49	50	51	53	55	56	58	61	63	64	65	66	68	70	71	72	75	76	78	80	83	89	91	92	94	98	99	100	102	103	105	106	107	108	111	112	115	117	118	119	121	124	125	126	127	128	129	131	132	133	135	136	137	138	142	145	146	147	148
867	810	867	-11	1818	2920	152	866	-1
868	358	442	8	604	1721	248	-1	869	88	1	2	3	7	8	10	12	13	15	17	18	19	20	21	22	24	25	26	27	29	32	33	36	37	38	39	40	41	42	44	45	47	49	50	51	52	53	58	59	60	61	62	65	66	67	70	71	72	74	76	79	80	81	82	83	84	85	88	89	90	91	92	93	94	96	97	99	104	105	108	109	111	116	118	119	122	123	126	129	130	132	133	137	141	142	144	145	147
869	156	459	-8	3099	4409	178	868	-1
870	555	983	6	3206	3993	168	-1	871	-1
871	807	896	-6	2577	3848	161	870	-1
872	174	799	12	1833	2538	181	-1	873	-1
873	129	583	-12	2789	3535	138	872	-1
874	114	822	9	193	1072	198	-1	875	-1
875	334	883	-9	2112	3174	139	874	-1
876	658	160	13	2568	3886	229	-1	877	45	5	6	11	13	14	17	18	31	32	35	43	45	46	47	50	51	54	61	63	64	68	71	73	80	82	86	92	97	99	100	102	103	107	112	125	127	130	131	132	134	135	137	139	141	147
877	523	399	-13	2734	3660	199	876	-1
878	122	379	5	2363	3521	160	-1	879	64	4	6	7	8	10	11	13	15	16	21	28	29	31	36	37	39	42	43	45	48	50	52	58	59	62	63	64	66	67	70	72	73	74	75	78	79	80	81	82	85	86	88	90	95	96	98	99	100	101	110	112	114	116	117	124	126	131	132	133	134	137	139	144	145
879	43	167	-5	2654	4026	127	878	-1
880	162	611	10	1851	2734	104	-1	881	85	2	4	5	6	10	12	13	15	16	18	19	20	21	23	25	27	28	29	30	31	36	37	38	39	40	41	42	43	44	45	46	49	52	53	54	58	59	62	65	66	67	68	73	76	78	80	81	82	84	88	90	91	97	102	103	104	105	106	107	108	110	113	114	117	118	119	120	122	124	125	126	127	129	131	132	133	134	135	136	137	138	141	142	143	148
881	220	493	-10	1770	2999	129	880	-1
882	380	658	10	1165	2084	100	-1	883	-1
883	325	431	-10	1241	2375	162	882	-1
884	703	617	13	899	2179	197	-1	885	87	0	2	3	4	6	7	10	11	13	14	15	16	17	20	21	22	23	24	26	27	28	31	33	34	37	38	40	42	43	44	46	48	51	52	59	60	61	62	63	67	69	71	73	77	79	80	81	83	84	85	87	90	91	92	93	94	95	96	99	100	101	102	103	108	111	112	113	115	116	118	120	121	122	124	126	130	133	138	140	141	142	143	144	145	147	148	149
885	670	792	-13	3937	4861	211	884	-1
886	852	993	12	1566	2490	115	-1	887	62	1	5	8	10	11	12	14	15	18	23	31	32	34	35	36	38	39	40	44	46	49	51	54	55	58	60	62	63	65	68	71	72	77	78	80	81	82	83	86	92	96	103	107	109	112	113	115	116	118	120	121	122	123	124	125	130	133	137	142	143	144	146
887	704	782	-12	1851	2844	109	886	-1
888	375	598	16	3027	3694	177	-1	889	-1
889	426	501	-16	3690	4870	244	888	-1
890	155	519	9	405	1500	247	-1	891	-1
891	39	746	-9	3691	4441	179	890	-1
892	240	807	12	936	1523	211	-1	893	50	0	1	4	6	8	9	15	19	20	21	28	34	36	37	40	45	48	49	57	62	64	65	67	68	69	72	75	76	79	84	85	87	90	101	102	103	107	120	121	123	128	132	133	134	141	142	143	144	145	148
893	3	708	-12	1935	2789	155	892	-1
894	389	805	16	2636	3405	236	-1	895	-1
895	253	997	-16	3094	4193	228	894	-1
896	581	45	12	228	1001	116	-1	897	-1
897	848	135	-12	3506	4405	238	896	-1
898	852	703	6	2821	3934	138	-1	899	76	0	2	5	7	9	11	13	14	15	17	19	24	27	30	33	35	38	40	41	43	44	45	46	50	52	53	54	58	60	61	62	64	65	67	69	72	75	77	78	79	83	85	87	90	93	94	95	98	100	101	102	103	104	107	111	112	114	115	116	117	118	119	123	124	125	127	128	129	130	131	132	133	138	139	141	143
899	810	467	-6	3827	4786	108	898	-1
900	342	918	17	1294	1964	212	-1	901	-1
901	403	721	-17	3182	4656	111	900	-1
902	357	743	20	1356	2333	133	-1	903	48	5	7	13	17	18	19	20	22	25	26	28	36	41	44	52	65	68	69	72	75	79	81	82	86	89	90	94	95	97	103	109	110	112	113	115	117	118	122	123	127	130	134	135	137	140	144	145	147
903	506	777	-20	3497	4103	184	902	-1
904	586	901	13	1969	2807	200	-1	905	-1
905	367	794	-13	4264	4900	165	904	-1
906	899	64	18	1916	3191	246	-1	907	82	1	2	3	5	6	7	8	9	12	14	15	18	19	20	21	24	25	26	27	28	29	30	31	33	34	35	36	37	38	44	47	48	49	52	53	54	56	58	60	61	62	63	68	70	72	74	75	76	77	79	80	81	83	84	85	86	90	94	95	97	99	109	110	114	115	116	117	118	119	124	125	127	128	130	132	135	139	140	141	142	143	148
907	862	264	-18	3835	4433	195	906	-1
908	483	569	13	1782	2515	134	-1	909	67	1	4	11	12	14	15	17	18	19	21	23	24	27	32	34	35	36	38	45	49	50	53	56	59	62	63	64	67	68	70	72	73	75	76	80	83	86	87	91	92	94	96	101	102	103	104	109	113	114	116	117	119	124	125	126	128	130	131	132	134	135	136	140	142	144	146	148
909	520	412	-13	2150	2843	131	908	-1
910	133	529	17	186	1333	157	-1	911	-1
911	200	494	-17	3811	4802	194	910	-1
912	98	912	7	2086	3131	223	-1	913	-1
913	52	764	-7	1805	3187	242	912	-1
914	431	378	10	471	1026	227	-1	915	84	0	1	2	4	6	7	8	11	12	13	19	22	23	25	26	27	31	32	33	34	35	37	38	39	42	45	46	47	49	50	51	56	57	60	62	63	65	66	72	74	77	78	83	84	85	86	88	89	90	92	97	100	101	102	103	104	106	107	108	109	112	113	115	117	120	122	124	125	126	127	128	132	133	134	138	139	140	141	142	143	146	147	148	149
915	575	614	-10	479	1452	134	914	-1
916	237	37	19	4122	4677	181	-1	917	71	1	2	5	10	11	14	17	20	23	26	28	30	31	33	37	39	41	44	46	48	53	55	57	58	62	64	65	68	69	70	71	74	75	76	77	79	80	81	84	85	87	88	89	96	97	99	100	101	105	107	108	109	111	113	115	117	119	120	124	129	130	132	133	136	137	138	139	140	141	144	147
917	323	170	-19	3516	4971	200	916	-1
918	794	117	14	689	1510	105	-1	919	86	4	7	8	10	12	13	15	16	18	21	22	23	24	28	31	33	34	37	42	43	44	47	49	50	53	56	57	61	62	63	64	65	66	68	69	70	71	74	75	76	78	79	81	84	86	87	89	91	93	94	95	96	99	100	101	102	104	105	107	110	113	114	115	117	118	119	122	123	124	125	126	127	129	130	132	135	137	138	139	140	141	143	144	145	147	149
919	986	220	-14	1509	2122	108	918	-1
920	409	644	17	403	1533	102	-1	921	-1
921	301	648	-17	1768	2300	157	920	-1
922	898	398	7	610	1871	175	-1	923	83	2	5	6	7	9	10	11	13	14	15	18	23	24	26	28	29	30	31	32	33	34	36	37	38	39	42	43	45	46	47	50	51	52	53	54	55	57	58	61	62	63	65	68	69	70	71	73	74	75	77	78	82	83	84	85	88	89	90	93	97	98	101	105	108	109	112	115	117	120	122	123	124	125	126	127	130	132	133	138	139	140	141	147
923	989	311	-7	1733	2744	227	922	-1
924	325	599	17	3622	4874	165	-1	925	-1
925	307	701	-17	3016	4299	181	924	-1
926	647	118	12	2240	3405	190	-1	927	69	0	1	9	11	13	14	18	24	25	29	30	34	36	37	38	39	41	42	44	45	46	50	51	52	53	55	59	60	62	64	67	68	72	74	75	76	77	78	79	80	84	91	92	93	95	96	98	101	104	105	108	109	111	112	113	115	117	118	119	120	128	130	131	135	138	143	145	146	148
927	487	26	-12	2943	3568	106	926	-1
928	840	703	8	1831	2534	173	-1	929	80	1	3	4	6	7	8	10	11	12	13	14	15	19	20	23	25	26	27	29	31	33	35	36	37	40	43	49	50	51	52	58	62	64	65	66	67	68	70	72	74	78	79	82	84	86	87	89	90	94	97	101	102	104	106	107	110	112	117	118	119	120	121	122	123	124	125	129	130	132	134	135	136	137	139	141	142	144	145	146	149
929	751	767	-8	2872	3579	159	928	-1
930	74	194	20	2080	2980	106	-1	931	79	0	1	2	3	5	6	7	9	10	11	12	13	15	16	17	18	19	20	22	23	24	29	30	35	36	37	38	39	43	44	46	48	52	54	57	58	62	69	72	74	75	76	77	78	81	84	85	86	89	90	94	96	97	100	102	105	107	108	111	115	119	122	124	127	128	130	131	132	135	136	137	138	139	140	141	143	144	147	149
931	155	372	-20	3391	4735	143	930	-1
932	42	65	9	1731	2847	195	-1	933	-1
933	37	170	-9	1703	3150	248	932	-1
934	993	217	19	496	1640	176	-1	935	70	3	4	6	12	17	19	20	21	28	30	31	36	40	43	45	46	47	49	52	54	55	57	61	62	63	65	67	69	73	74	75	77	78	81	82	83	84	85	87	88	89	93	94	95	97	99	100	101	102	104	105	106	107	109	111	114	120	122	123	128	129	131	132	140	141	142	145	146	147	148
935	912	41	-19	4105	4951	174	934	-1
936	303	492	13	1170	1692	139	-1	937	84	4	7	8	10	11	14	15	16	17	18	20	22	23	24	26	28	30	32	34	35	36	39	40	41	43	45	47	48	49	50	51	53	56	57	58	61	64	65	69	70	72	74	75	78	79	80	81	82	83	84	86	91	92	93	94	96	97	99	100	101	102	103	106	107	108	109	110	115	117	118	119	121	122	123	130	131	132	133	134	135	139	141	145	147
937	444	272	-13	1784	3074	158	936	-1
938	470	87	10	384	1526	247	-1	939	-1
939	292	78	-10	1850	2431	206	938	-1
940	510	329	19	369	1210	219	-1	941	76	1	3	5	8	10	11	14	15	19	21	23	24	27	28	29	31	32	33	35	37	39	40	42	46	48	49	52	53	56	58	60	63	65	79	80	86	89	90	93	95	96	99	100	101	103	104	106	107	108	110	111	112	113	114	117	119	120	121	123	124	125	126	129	132	134	135	136	138	139	140	141	142	145	146	147	149
941	389	241	-19	706	2132	116	940	-1
942	646	181	12	298	1595	157	-1	943	-1
943	589	84	-12	2187	3064	223	942	-1
944	742	142	15	3356	4631	131	-1	945	-1
945	637	190	-15	3764	4429	233	944	-1
946	262	388	8	1497	2105	195	-1	947	-1
947	210	523	-8	2621	3844	161	946	-1
948	221	188	19	385	1827	101	-1	949	80	0	2	3	4	7	9	10	11	15	19	20	21	22	23	25	26	29	32	33	37	39	40	41	42	47	48	49	54	55	56	57	59	60	61	62	63	67	68	69	70	72	73	76	79	83	85	87	90	92	94	95	96	97	98	99	100	102	103	106	108	110	111	112	116	118	119	120	122	123	129	134	135	136	137	142	143	144	146	147	148
949	323	141	-19	3232	4551	103	948	-1
950	707	59	19	1522	2434	145	-1	951	60	0	5	6	14	16	20	21	27	30	32	33	34	36	38	39	40	42	43	44	48	51	53	55	58	59	60	64	65	70	71	72	73	76	77	78	83	84	86	87	90	91	92	93	97	101	103	104	111	114	116	117	118	121	123	130	139	141	142	143	147
951	718	302	-19	1983	3301	215	950	-1
952	914	642	8	269	1379	174	-1	953	-1
953	908	813	-8	1590	2669	158	952	-1
954	332	423	12	1614	2519	134	-1	955	61	1	2	6	9	10	13	15	16	17	20	21	24	28	29	30	31	35	37	38	44	51	54	57	59	61	62	64	71	72	73	74	77	79	80	89	91	96	97	100	102	103	105	107	109	110	113	116	117	119	120	123	126	127	131	133	137	143	144	146	147	148
955	328	705	-12	3576	4330	241	954	-1
956	408	62	15	1146	1719	146	-1	957	59	3	5	8	9	11	13	17	22	23	25	26	28	33	35	40	42	44	45	49	50	51	53	55	59	65	67	71	80	81	84	90	91	94	96	97	98	103	104	105	106	107	108	109	110	113	115	119	120	122	126	130	133	134	137	138	141	142	148	149
957	626	0	-15	2902	4150	162	956	-1
958	973	624	15	47	961	186	-1	959	53	2	10	12	14	15	18	25	28	29	30	32	34	35	36	39	42	43	44	46	51	52	54	55	60	61	62	64	68	70	72	74	79	83	85	94	104	108	109	110	112	121	125	128	129	133	135	136	138	142	143	144	145	147
959	977	505	-15	553	2044	110	958	-1
960	650	241	9	759	1865	179	-1	961	-1
961	635	523	-9	1830	2866	227	960	-1
962	510	898	8	1030	1749	103	-1	963	-1
963	394	874	-8	1837	2963	135	962	-1
964	820	997	19	609	2064	201	-1	965	-1
965	781	752	-19	639	2125	155	964	-1
966	634	36	6	5	1223	143	-1	967	-1
967	748	285	-6	3279	4720	241	966	-1
968	84	506	18	2457	3281	192	-1	969	83	1	5	6	8	9	10	11	12	14	15	17	18	20	22	23	25	30	31	32	35	36	37	38	41	45	47	48	50	51	52	53	61	63	64	66	67	68	71	75	76	77	78	80	81	82	83	84	86	87	93	95	96	97	98	99	100	102	103	104	105	108	109	110	112	114	115	117	118	120	123	124	125	126	128	130	132	133	136	137	139	144	147	148
969	74	335	-18	3459	4854	182	968	-1
970	505	0	6	1290	2781	243	-1	971	54	4	7	20	21	22	23	25	30	31	34	39	41	42	45	47	48	51	53	55	57	61	62	63	69	74	75	80	83	84	86	88	89	90	93	101	103	106	111	113	115	123	127	129	132	133	135	136	137	138	141	142	143	146	149
971	690	188	-6	2273	3071	112	970	-1
972	44	859	14	2283	3739	239	-1	973	-1
973	66	618	-14	2663	3377	119	972	-1
974	580	728	17	3490	4455	246	-1	975	-1
975	307	673	-17	3048	4288	113	974	-1
976	889	1	16	3858	4404	131	-1	977	-1
977	718	19	-16	3286	4642	192	976	-1
978	672	559	13	3462	4913	146	-1	979	-1
979	607	533	-13	3187	4279	163	978	-1
980	131	315	19	2947	4007	186	-1	981	71	0	7	8	10	11	12	15	16	17	19	21	22	23	25	31	32	33	35	39	43	45	46	47	48	50	52	56	59	61	62	63	64	66	67	68	70	71	73	74	75	77	79	82	86	88	89	91	93	95	98	104	111	113	114	116	117	123	124	127	128	129	130	132	137	138	140	141	144	145	147	148
981	48	398	-19	2335	3728	157	980	-1
982	110	585	10	999	2351	105	-1	983	59	1	3	5	9	11	13	16	17	19	21	22	23	26	30	32	35	36	38	41	44	45	46	47	50	54	56	57	59	60	61	62	63	64	66	68	82	84	85	86	88	93	94	95	97	99	101	103	106	111	116	121	126	129	131	134	139	144	146	147
983	270	523	-10	903	2143	129	982	-1
984	837	738	15	2546	3543	105	-1	985	52	1	2	3	5	8	9	11	21	22	23	27	28	32	36	37	40	42	43	44	46	49	53	57	61	64	66	67	69	70	73	74	76	78	79	83	99	100	101	104	112	115	116	121	125	130	132	134	137	138	139	141	148
985	920	777	-15	3077	3989	166	984	-1
986	329	1	17	803	1929	248	-1	987	89	0	3	5	7	8	10	11	12	13	14	16	17	18	20	25	26	27	28	30	31	32	33	34	35	38	39	41	42	43	44	45	47	48	53	54	55	57	60	62	65	66	67	68	69	70	71	72	74	75	77	79	81	83	84	85	86	87	89	90	91	92	94	97	98	100	103	105	107	109	111	114	115	117	120	123	126	127	128	129	130	131	136	137	138	143	145	146	147	148
987	444	156	-17	1476	2934	218	986	-1
988	335	702	15	966	2336	241	-1	989	-1
989	561	720	-15	2634	3390	116	988	-1
990	604	129	13	2720	3881	121	-1	991	-1
991	873	212	-13	3510	4295	231	990	-1
992	880	245	18	1112	2161	241	-1	993	-1
993	861	49	-18	488	1807	194	992	-1
994	135	900	15	1936	2968	187	-1	995	-1
995	305	875	-15	1412	2677	242	994	-1
996	94	780	5	1367	2221	123	-1	997	53	0	3	7	12	18	21	22	23	26	28	30	34	36	38	41	42	45	47	48	49	51	52	54	57	58	60	61	66	67	69	72	74	76	78	80	82	84	92	96	102	108	120	122	125	126	128	129	131	137	141	144	147	148
997	131	929	-5	1950	3402	118	996	-1
998	343	132	9	2140	2787	196	-1	999	-1
999	466	3	-9	3742	4955	116	998	-1
0	342	127	342	127	50	0	5000
1	675	796	675	796	50	0	5000
2	115	718	115	718	50	0	5000
3	556	549	556	549	50	0	5000
4	252	602	252	602	50	0	5000
5	342	127	342	127	50	0	5000
6	675	796	675	796	50	0	5000
7	115	718	115	718	50	0	5000
8	556	549	556	549	50	0	5000
9	252	602	252	602	50	0	5000
10	342	127	342	127	50	0	5000
11	675	796	675	796	50	0	5000
12	115	718	115	718	50	0	5000
13	556	549	556	549	50	0	5000
14	252	602	252	602	50	0	5000
15	342	127	342	127	50	0	5000
16	675	796	675	796	50	0	5000
17	115	718	115	718	50	0	5000
18	556	549	556	549	50	0	5000
19	252	602	252	602	50	0	5000
20	342	127	342	127	50	0	5000
21	675	796	675	796	50	0	5000
22	115	718	115	718	50	0	5000
23	556	549	556	549	50	0	5000
24	252	602	252	602	50	0	5000
25	342	127	342	127	50	0	5000
26	675	796	675	796	50	0	5000
27	115	718	115	718	50	0	5000
28	556	549	556	549	50	0	5000
29	252	602	252	602	50	0	5000
30	342	127	342	127	50	0	5000
31	675	796	675	796	50	0	5000
32	115	718	115	718	50	0	5000
33	556	549	556	549	50	0	5000
34	252	602	252	602	50	0	5000
35	342	127	342	127	50	0	5000
36	675	796	675	796	50	0	5000
37	115	718	115	718	50	0	5000
38	556	549	556	549	50	0	5000
39	252	602	252	602	50	0	5000
40	342	127	342	127	50	0	5000
41	675	796	675	796	50	0	5000
42	115	718	115	718	50	0	5000
43	556	549	556	549	50	0	5000
44	252	602	252	602	50	0	5000
45	342	127	342	127	50	0	5000
46	675	796	675	796	50	0	5000
47	115	718	115	718	50	0	5000
48	556	549	556	549	50	0	5000
49	252	602	252	602	50	0	5000
50	342	127	342	127	50	0	5000
51	675	796	675	796	50	0	5000
52	115	718	115	718	50	0	5000
53	556	549	556	549	50	0	5000
54	252	602	252	602	50	0	5000
55	342	127	342	127	50	0	5000
56	675	796	675	796	50	0	5000
57	115	718	115	718	50	0	5000
58	556	549	556	549	50	0	5000
59	252	602	252	602	50	0	5000
60	342	127	342	127	50	0	5000
61	675	796	675	796	50	0	5000
62	115	718	115	718	50	0	5000
63	556	549	556	549	50	0	5000
64	252	602	252	602	50	0	5000
65	342	127	342	127	50	0	5000
66	675	796	675	796	50	0	5000
67	115	718	115	718	50	0	5000
68	556	549	556	549	50	0	5000
69	252	602	252	602	50	0	5000
70	342	127	342	127	50	0	5000
71	675	796	675	796	50	0	5000
72	115	718	115	718	50	0	5000
73	556	549	556	549	50	0	5000
74	252	602	252	602	50	0	5000
75	342	127	342	127	50	0	5000
76	675	796	675	796	50	0	5000
77	115	718	115	718	50	0	5000
78	556	549	556	549	50	0	5000
79	252	602	252	602	50	0	5000
80	342	127	342	127	50	0	5000
81	675	796	675	796	50	0	5000
82	115	718	115	718	50	0	5000
83	556	549	556	549	50	0	5000
84	252	602	252	602	50	0	5000
85	342	127	342	127	50	0	5000
86	675	796	675	796	50	0	5000
87	115	718	115	718	50	0	5000
88	556	549	556	549	50	0	5000
89	252	602	252	602	50	0	5000
90	342	127	342	127	50	0	5000
91	675	796	675	796	50	0	5000
92	115	718	115	718	50	0	5000
93	556	549	556	549	50	0	5000
94	252	602	252	602	50	0	5000
95	342	127	342	127	50	0	5000
96	675	796	675	796	50	0	5000
97	115	718	115	718	50	0	5000
98	556	549	556	549	50	0	5000
99	252	602	252	602	50	0	5000
100	342	127	342	127	50	0	5000
101	675	796	675	796	50	0	5000
102	115	718	115	718	50	0	5000
103	556	549	556	549	50	0	5000
104	252	602	252	602	50	0	5000
105	342	127	342	127	50	0	5000
106	675	796	675	796	50	0	5000
107	115	718	115	718	50	0	5000
108	556	549	556	549	50	0	5000
109	252	602	252	602	50	0	5000
110	342	127	342	127	50	0	5000
111	675	796	675	796	50	0	5000
112	115	718	115	718	50	0	5000
113	556	549	556	549	50	0	5000
114	252	602	252	602	50	0	5000
115	342	127	342	127	50	0	5000
116	675	796	675	796	50	0	5000
117	115	718	115	718	50	0	5000
118	556	549	556	549	50	0	5000
119	252	602	252	602	50	0	5000
120	342	127	342	127	50	0	5000
121	675	796	675	796	50	0	5000
122	115	718	115	718	50	0	5000
123	556	549	556	549	50	0	5000
124	252	602	252	602	50	0	5000
125	342	127	342	127	50	0	5000
126	675	796	675	796	50	0	5000
127	115	718	115	718	50	0	5000
128	556	549	556	549	50	0	5000
129	252	602	252	602	50	0	5000
130	342	127	342	127	50	0	5000
131	675	796	675	796	50	0	5000
132	115	718	115	718	50	0	5000
133	556	549	556	549	50	0	5000
134	252	602	252	602	50	0	5000
135	342	127	342	127	50	0	5000
136	675	796	675	796	50	0	5000
137	115	718	115	718	50	0	5000
138	556	549	556	549	50	0	5000
139	252	602	252	602	50	0	5000
140	342	127	342	127	50	0	5000
141	675	796	675	796	50	0	5000
142	115	718	115	718	50	0	5000
143	556	549	556	549	50	0	5000
144	252	602	252	602	50	0	5000
145	342	127	342	127	50	0	5000
146	675	796	675	796	50	0	5000
147	115	718	115	718	50	0	5000
148	556	549	556	549	50	0	5000
149	252	602	252	602	50	0	5000
