100	30	1	1	100000
0	816	828	6	2875	3602	192	-1	1	-1
1	801	820	-6	2640	3846	209	0	-1
2	541	69	15	1132	2631	245	-1	3	-1
3	475	15	-15	2748	3475	110	2	-1
4	913	699	9	2694	3852	108	-1	5	-1
5	971	738	-9	2398	3368	174	4	-1
6	512	29	10	1705	2636	126	-1	7	-1
7	452	65	-10	3024	4392	205	6	-1
8	813	824	5	2216	2858	232	-1	9	-1
9	871	839	-5	2576	3659	113	8	-1
10	1	103	15	455	1508	111	-1	11	-1
11	11	153	-15	3579	4611	145	10	-1
12	511	27	16	781	2249	235	-1	13	-1
13	512	26	-16	2069	3537	120	12	-1
14	895	734	13	3344	3956	139	-1	15	-1
15	950	720	-13	2965	3851	160	14	-1
16	5	135	7	687	1780	232	-1	17	-1
17	0	200	-7	1962	2903	235	16	-1
18	840	969	13	3690	4739	173	-1	19	-1
19	912	701	-13	3001	4497	129	18	-1
20	813	825	13	1876	2534	192	-1	21	-1
21	850	789	-13	2937	4321	196	20	-1
22	808	995	18	2120	2705	229	-1	23	-1
23	841	831	-18	3199	3759	129	22	-1
24	589	368	17	2880	3973	202	-1	25	-1
25	663	548	-17	2660	3560	231	24	-1
26	717	666	19	372	1748	249	-1	27	-1
27	721	681	-19	1527	2884	112	26	-1
28	506	35	11	2046	3338	216	-1	29	-1
29	513	27	-11	3074	4085	248	28	-1
30	686	472	12	1459	2016	213	-1	31	-1
31	720	678	-12	2143	3583	145	30	-1
32	869	872	17	141	1099	158	-1	33	-1
33	823	813	-17	1690	2332	224	32	-1
34	430	386	9	2144	2769	238	-1	35	-1
35	641	564	-9	3243	4456	188	34	-1
36	926	754	12	3	992	140	-1	37	-1
37	819	821	-12	674	2073	207	36	-1
38	941	721	12	133	1052	164	-1	39	-1
39	913	699	-12	3511	4447	240	38	-1
40	548	388	19	320	1312	162	-1	41	-1
41	606	518	-19	2510	3571	228	40	-1
42	870	941	7	2845	3573	242	-1	43	-1
43	841	962	-7	3265	4374	163	42	-1
44	29	578	7	2022	3346	185	-1	45	-1
45	0	571	-7	1853	3244	111	44	-1
46	549	382	8	29	893	136	-1	47	-1
47	498	386	-8	2005	3213	151	46	-1
48	914	700	9	3285	4311	133	-1	49	-1
49	810	823	-9	4292	4994	161	48	-1
50	36	578	10	1069	2278	108	-1	51	-1
51	20	528	-10	1676	2304	133	50	-1
52	948	685	10	1281	2761	169	-1	53	-1
53	703	596	-10	1367	2705	222	52	-1
54	815	830	8	38	1344	168	-1	55	-1
55	820	847	-8	1767	2632	163	54	-1
56	539	374	10	2957	3715	132	-1	57	-1
57	576	420	-10	2912	3619	235	56	-1
58	22	556	12	3184	4525	199	-1	59	-1
59	21	560	-12	3646	4664	172	58	-1
60	833	965	15	1242	2169	108	-1	61	-1
61	854	975	-15	1819	2747	241	60	-1
62	26	153	14	1204	2188	160	-1	63	-1
63	49	148	-14	1553	2297	195	62	-1
64	100	146	19	1100	1933	133	-1	65	-1
65	25	152	-19	3140	4606	237	64	-1
66	720	678	8	2271	3589	179	-1	67	-1
67	700	712	-8	1615	2839	109	66	-1
68	813	824	7	3331	4388	119	-1	69	-1
69	771	845	-7	2780	4193	103	68	-1
70	813	823	11	1519	2439	107	-1	71	-1
71	785	908	-11	4392	4977	231	70	-1
72	931	703	8	315	1536	243	-1	73	-1
73	840	969	-8	3770	4984	137	72	-1
74	660	330	18	1419	2462	136	-1	75	-1
75	678	470	-18	3166	4557	112	74	-1
76	17	551	6	1057	1825	115	-1	77	-1
77	83	524	-6	1309	2507	100	76	-1
78	554	44	12	891	1660	150	-1	79	-1
79	512	27	-12	2874	3718	202	78	-1
80	671	486	8	247	1102	208	-1	81	-1
81	723	679	-8	2722	3939	150	80	-1
82	579	516	8	2838	3751	155	-1	83	-1
83	698	768	-8	3540	4412	143	82	-1
84	816	825	13	1295	2252	226	-1	85	-1
85	800	787	-13	2588	3981	162	84	-1
86	721	682	9	1130	2291	214	-1	87	-1
87	732	634	-9	3308	3996	106	86	-1
88	9	633	16	867	2201	101	-1	89	-1
89	13	586	-16	3230	4439	229	88	-1
90	537	395	19	2747	4113	102	-1	91	-1
91	677	478	-19	1971	3380	190	90	-1
92	49	188	12	3164	4561	190	-1	93	-1
93	53	166	-12	2572	3524	142	92	-1
94	826	830	14	3277	4402	118	-1	95	-1
95	807	830	-14	2725	3929	236	94	-1
96	547	380	11	283	1339	212	-1	97	-1
97	680	490	-11	3238	4496	177	96	-1
98	895	661	5	963	1502	205	-1	99	-1
99	910	709	-5	2316	2948	238	98	-1
100	957	706	11	1878	2447	114	-1	101	-1
101	725	680	-11	2260	3707	162	100	-1
102	14	561	15	2933	4214	144	-1	103	-1
103	24	591	-15	2619	3321	123	102	-1
104	917	675	13	234	1210	151	-1	105	-1
105	812	824	-13	1417	2519	128	104	-1
106	25	583	12	1736	2239	220	-1	107	-1
107	46	576	-12	3975	4995	120	106	-1
108	48	168	15	853	1585	162	-1	109	-1
109	100	122	-15	3144	4644	198	108	-1
110	540	381	18	1387	2848	183	-1	111	-1
111	731	526	-18	2998	4311	215	110	-1
112	33	621	11	1955	2742	109	-1	113	-1
113	21	557	-11	1110	2418	217	112	-1
114	723	673	8	1700	2628	165	-1	115	-1
115	913	699	-8	2629	3833	127	114	-1
116	698	514	16	2893	4145	157	-1	117	-1
117	731	657	-16	2717	3734	242	116	-1
118	928	695	12	107	1356	123	-1	119	-1
119	938	658	-12	2542	3506	193	118	-1
120	913	699	11	1215	2653	219	-1	121	-1
121	816	961	-11	1090	2083	175	120	-1
122	31	581	17	2160	3018	218	-1	123	-1
123	56	460	-17	2799	4009	216	122	-1
124	855	808	5	1170	2151	193	-1	125	-1
125	741	666	-5	3300	3913	184	124	-1
126	718	682	10	307	1707	151	-1	127	-1
127	666	475	-10	3132	4264	202	126	-1
128	22	153	14	2516	3938	144	-1	129	-1
129	43	222	-14	4274	4835	147	128	-1
130	696	677	6	479	1936	126	-1	131	-1
131	818	827	-6	136	1099	178	130	-1
132	667	529	13	36	1113	212	-1	133	-1
133	716	697	-13	4388	4906	133	132	-1
134	755	897	16	793	1518	138	-1	135	-1
135	713	681	-16	2931	4119	227	134	-1
136	802	802	18	553	1129	139	-1	137	-1
137	824	942	-18	1909	3060	212	136	-1
138	25	153	8	2343	3247	128	-1	139	-1
139	36	104	-8	2702	4163	194	138	-1
140	538	381	6	663	1784	204	-1	141	-1
141	704	589	-6	1074	2567	169	140	-1
142	676	504	7	2046	2663	150	-1	143	-1
143	672	485	-7	2857	3746	110	142	-1
144	841	971	14	3550	4921	106	-1	145	-1
145	840	969	-14	3457	4767	174	144	-1
146	720	678	14	784	1642	161	-1	147	-1
147	720	678	-14	1520	2808	241	146	-1
148	840	970	19	2527	3082	230	-1	149	-1
149	814	823	-19	3455	4516	214	148	-1
150	910	694	5	118	646	186	-1	151	-1
151	817	840	-5	595	1258	123	150	-1
152	812	824	17	3599	4217	110	-1	153	-1
153	720	678	-17	3535	4986	217	152	-1
154	777	893	8	614	1990	187	-1	155	-1
155	836	968	-8	2356	3238	213	154	-1
156	885	686	16	55	886	146	-1	157	-1
157	807	877	-16	767	2065	246	156	-1
158	681	449	10	1249	2673	163	-1	159	-1
159	671	485	-10	3308	4138	116	158	-1
160	552	379	6	839	1545	212	-1	161	-1
161	671	485	-6	1575	3073	218	160	-1
162	544	22	14	1109	2069	118	-1	163	-1
163	508	22	-14	3609	4283	177	162	-1
164	26	147	5	102	1036	182	-1	165	-1
165	28	123	-5	2411	3615	239	164	-1
166	846	966	7	336	1795	164	-1	167	-1
167	842	969	-7	1254	2689	185	166	-1
168	35	578	13	1539	2812	116	-1	169	-1
169	21	558	-13	1658	2184	142	168	-1
170	28	151	18	3378	4009	114	-1	171	-1
171	28	155	-18	4122	4726	132	170	-1
172	671	485	7	806	1633	145	-1	173	-1
173	670	485	-7	3375	4134	153	172	-1
174	809	818	12	1671	3123	171	-1	175	-1
175	840	969	-12	2989	4488	160	174	-1
176	671	485	15	1033	1765	117	-1	177	-1
177	539	376	-15	3071	3902	166	176	-1
178	58	81	17	3318	4245	181	-1	179	-1
179	80	159	-17	3094	4330	129	178	-1
180	915	699	15	473	1850	223	-1	181	-1
181	719	678	-15	58	1291	117	180	-1
182	672	473	13	82	1123	165	-1	183	-1
183	726	687	-13	2120	2843	162	182	-1
184	25	582	19	2004	2951	223	-1	185	-1
185	20	558	-19	2694	4065	155	184	-1
186	26	154	19	1956	3448	113	-1	187	-1
187	50	162	-19	2690	3487	184	186	-1
188	38	236	10	1066	2226	128	-1	189	-1
189	8	478	-10	614	2036	173	188	-1
190	539	372	13	506	1253	101	-1	191	-1
191	671	483	-13	3506	4034	157	190	-1
192	678	709	7	707	1323	123	-1	193	-1
193	665	488	-7	1240	1926	227	192	-1
194	841	969	6	3472	4853	174	-1	195	-1
195	831	710	-6	2773	4129	134	194	-1
196	817	803	11	702	1437	220	-1	197	-1
197	895	601	-11	3488	4103	230	196	-1
198	671	485	18	784	1769	119	-1	199	-1
199	659	715	-18	2577	3756	173	198	-1
0	101	965	342	985	50	0	5000
1	740	165	976	105	50	0	5000
2	390	625	421	216	50	0	5000
3	923	617	939	329	50	0	5000
4	793	220	714	619	50	0	5000
5	920	822	986	507	50	0	5000
6	97	348	62	474	50	0	5000
7	91	906	224	759	50	0	5000
8	40	272	344	216	50	0	5000
9	124	431	364	275	50	0	5000
10	817	995	745	582	50	0	5000
11	366	885	68	776	50	0	5000
12	179	534	369	836	50	0	5000
13	845	573	641	720	50	0	5000
14	404	501	194	588	50	0	5000
15	455	832	665	848	50	0	5000
16	970	343	666	80	50	0	5000
17	633	636	771	921	50	0	5000
18	51	166	245	436	50	0	5000
19	844	46	578	177	50	0	5000
20	606	182	658	328	50	0	5000
21	675	314	751	28	50	0	5000
22	102	360	310	209	50	0	5000
23	529	50	368	240	50	0	5000
24	474	751	80	605	50	0	5000
25	443	213	824	125	50	0	5000
26	65	270	294	476	50	0	5000
27	396	820	392	749	50	0	5000
28	418	20	435	149	50	0	5000
29	195	200	47	4	50	0	5000
