50	15	1	1	100000
0	382	53	7	227	1315	161	-1	1	5	2	6	9	10	11
1	370	59	-7	3400	4662	125	0	-1
2	385	491	9	3233	4058	213	-1	3	-1
3	441	233	-9	4127	4944	121	2	-1
4	726	436	17	36	784	109	-1	5	-1
5	719	256	-17	3063	4078	246	4	-1
6	415	104	7	2617	4114	197	-1	7	6	1	2	4	5	13	14
7	369	62	-7	4051	4555	199	6	-1
8	65	533	16	946	2324	247	-1	9	-1
9	67	535	-16	3234	3914	141	8	-1
10	52	542	13	3404	4434	247	-1	11	-1
11	69	535	-13	3043	4311	109	10	-1
12	382	504	18	2287	3673	190	-1	13	-1
13	320	582	-18	3017	4176	167	12	-1
14	367	62	15	1045	2395	207	-1	15	6	2	3	4	6	8	13
15	376	61	-15	1785	2926	100	14	-1
16	334	281	6	2045	2912	117	-1	17	5	2	5	8	10	11
17	322	524	-6	3659	4504	245	16	-1
18	82	520	18	345	1308	175	-1	19	7	2	3	6	7	9	10	12
19	344	493	-18	2403	3801	236	18	-1
20	37	560	14	1592	2760	157	-1	21	8	1	3	5	7	9	11	12	13
21	120	479	-14	2453	3390	153	20	-1
22	709	439	14	272	1003	130	-1	23	8	0	2	3	4	7	9	13	14
23	785	210	-14	3210	4303	244	22	-1
24	340	494	12	2773	3615	136	-1	25	-1
25	67	535	-12	2788	3756	233	24	-1
26	382	53	11	1254	2132	168	-1	27	5	2	6	7	8	11
27	338	244	-11	1203	2634	102	26	-1
28	457	227	16	3104	4184	203	-1	29	6	3	5	6	9	13	14
29	368	55	-16	3133	3879	135	28	-1
30	52	546	8	2649	3722	184	-1	31	5	1	7	9	11	14
31	67	534	-8	3262	4745	125	30	-1
32	308	71	14	44	1295	207	-1	33	4	0	3	5	6
33	423	236	-14	2701	3972	176	32	-1
34	739	213	16	2628	3286	139	-1	35	5	3	8	9	13	14
35	648	277	-16	2935	4141	149	34	-1
36	41	568	17	726	1566	172	-1	37	6	1	4	9	10	11	14
37	73	547	-17	3468	4781	183	36	-1
38	342	492	18	42	1482	227	-1	39	-1
39	275	452	-18	2287	3357	210	38	-1
40	608	261	16	1006	1726	101	-1	41	-1
41	429	239	-16	399	1721	209	40	-1
42	830	221	11	2657	3715	112	-1	43	-1
43	725	439	-11	3518	4712	119	42	-1
44	814	227	9	2676	3308	222	-1	45	-1
45	592	197	-9	3502	4809	177	44	-1
46	288	454	7	803	1764	199	-1	47	-1
47	446	234	-7	2955	4272	102	46	-1
48	768	215	18	1234	1746	248	-1	49	-1
49	787	195	-18	2678	4054	215	48	-1
50	359	572	11	628	1328	208	-1	51	8	0	2	4	5	8	11	12	13
51	315	531	-11	2647	3446	243	50	-1
52	719	452	9	2261	3632	232	-1	53	-1
53	724	429	-9	2775	3788	192	52	-1
54	388	255	17	3752	4691	188	-1	55	-1
55	652	276	-17	3869	4744	172	54	-1
56	68	533	10	1908	3393	171	-1	57	-1
57	67	535	-10	3160	3800	220	56	-1
58	423	257	10	3203	4601	131	-1	59	-1
59	446	255	-10	3802	4732	137	58	-1
60	699	234	18	2141	3207	193	-1	61	7	0	2	3	5	10	11	12
61	769	215	-18	4220	4797	161	60	-1
62	765	505	10	2622	3974	242	-1	63	-1
63	647	294	-10	2152	3544	244	62	-1
64	774	220	18	145	753	158	-1	65	6	1	3	6	9	10	12
65	728	426	-18	2872	3952	158	64	-1
66	58	541	18	1652	2262	154	-1	67	-1
67	335	580	-18	3955	4669	202	66	-1
68	68	152	11	1179	2185	168	-1	69	-1
69	68	155	-11	952	1903	196	68	-1
70	415	232	15	2001	3457	174	-1	71	8	2	3	6	7	9	11	13	14
71	345	491	-15	2044	2849	151	70	-1
72	341	100	6	304	1576	117	-1	73	6	4	6	7	8	9	11
73	402	69	-6	1453	2908	149	72	-1
74	365	61	15	3538	4999	202	-1	75	8	2	3	7	8	9	10	11	14
75	339	51	-15	4069	4576	205	74	-1
76	430	238	20	1242	2692	114	-1	77	-1
77	364	67	-20	3229	4710	191	76	-1
78	723	452	14	1782	2325	115	-1	79	-1
79	712	443	-14	3171	4470	154	78	-1
80	339	492	8	2188	2776	200	-1	81	-1
81	448	306	-8	2324	3731	165	80	-1
82	714	213	9	861	1466	213	-1	83	5	3	4	7	10	12
83	722	220	-9	217	1672	176	82	-1
84	325	612	17	461	1920	141	-1	85	-1
85	333	594	-17	274	1466	242	84	-1
86	369	62	9	528	1560	225	-1	87	5	3	7	9	10	13
87	368	63	-9	3257	4709	228	86	-1
88	736	231	10	1531	2257	206	-1	89	-1
89	769	214	-10	1512	2133	193	88	-1
90	661	497	14	823	1703	146	-1	91	8	1	3	4	5	6	7	8	12
91	698	390	-14	451	1503	182	90	-1
92	648	277	6	1	864	127	-1	93	7	0	1	2	4	6	8	12
93	714	233	-6	2029	2591	203	92	-1
94	106	483	12	3511	4505	191	-1	95	-1
95	335	488	-12	3918	4452	191	94	-1
96	732	234	11	2486	3731	120	-1	97	7	0	1	2	6	8	9	12
97	736	232	-11	2383	3357	231	96	-1
98	729	481	7	378	1677	159	-1	99	6	6	7	9	11	13	14
99	731	243	-7	2889	3624	238	98	-1
0	356	413	141	675	50	0	5000
1	64	102	175	270	50	0	5000
2	648	915	538	557	50	0	5000
3	225	583	57	363	50	0	5000
4	172	673	482	633	50	0	5000
5	242	943	230	644	50	0	5000
6	662	626	914	509	50	0	5000
7	310	512	308	197	50	0	5000
8	631	370	989	227	50	0	5000
9	558	543	412	258	50	0	5000
10	929	234	717	439	50	0	5000
11	917	769	960	430	50	0	5000
12	360	715	134	923	50	0	5000
13	912	629	743	278	50	0	5000
14	88	959	164	929	50	0	5000
