500	150	1	1	100000
0	439	761	11	3271	4454	218	-1	1	-1
1	627	737	-11	3138	3870	171	0	-1
2	646	884	11	1004	1956	161	-1	3	-1
3	629	745	-11	3115	3824	196	2	-1
4	231	806	15	3165	4068	171	-1	5	-1
5	472	663	-15	4100	4709	133	4	-1
6	601	369	6	500	1170	134	-1	7	-1
7	612	381	-6	218	1336	146	6	-1
8	213	779	15	1667	2397	185	-1	9	-1
9	271	539	-15	4016	4585	241	8	-1
10	110	371	10	1112	1655	219	-1	11	-1
11	248	519	-10	3265	4747	199	10	-1
12	273	75	17	2986	3768	228	-1	13	-1
13	332	147	-17	2163	3619	231	12	-1
14	345	539	18	1663	3116	138	-1	15	-1
15	267	549	-18	1598	2522	225	14	-1
16	260	754	19	933	1811	178	-1	17	-1
17	243	787	-19	3009	3664	125	16	-1
18	78	380	15	1292	2209	119	-1	19	-1
19	155	582	-15	1058	2178	121	18	-1
20	707	305	13	1858	2468	130	-1	21	-1
21	799	456	-13	3945	4581	132	20	-1
22	430	752	15	177	1101	191	-1	23	-1
23	254	786	-15	3830	4367	171	22	-1
24	395	808	19	519	1878	130	-1	25	-1
25	179	883	-19	761	2152	178	24	-1
26	527	278	18	82	1185	232	-1	27	-1
27	453	133	-18	635	1422	231	26	-1
28	205	404	9	1224	2559	193	-1	29	-1
29	37	394	-9	3583	4489	172	28	-1
30	451	876	17	1887	3015	187	-1	31	-1
31	650	846	-17	3360	3953	226	30	-1
32	430	753	15	1121	1858	145	-1	33	-1
33	505	994	-15	922	2017	224	32	-1
34	241	788	6	371	1015	249	-1	35	-1
35	441	902	-6	1080	1984	165	34	-1
36	894	714	9	1338	2206	201	-1	37	-1
37	945	702	-9	1133	2188	157	36	-1
38	661	482	19	66	780	177	-1	39	-1
39	766	319	-19	2040	2698	238	38	-1
40	413	618	6	462	1027	184	-1	41	-1
41	429	750	-6	2314	3624	145	40	-1
42	561	443	10	1812	2776	162	-1	43	-1
43	620	380	-10	3678	4519	205	42	-1
44	592	728	15	1328	2825	117	-1	45	-1
45	531	509	-15	1594	2686	119	44	-1
46	530	949	9	3	520	183	-1	47	-1
47	611	730	-9	914	1572	173	46	-1
48	726	7	15	3343	3887	195	-1	49	-1
49	651	102	-15	3236	4289	244	48	-1
50	632	191	17	1286	2273	119	-1	51	-1
51	758	120	-17	1797	3276	208	50	-1
52	595	371	16	1350	2460	131	-1	53	-1
53	727	565	-16	2802	3823	130	52	-1
54	167	842	19	698	1584	222	-1	55	-1
55	240	789	-19	1660	2567	187	54	-1
56	838	586	15	1154	2456	233	-1	57	-1
57	722	674	-15	1162	2367	143	56	-1
58	238	776	15	1918	2857	113	-1	59	-1
59	158	882	-15	1829	3318	154	58	-1
60	913	335	13	4060	4983	192	-1	61	-1
61	966	121	-13	4155	4982	229	60	-1
62	689	798	12	283	1781	188	-1	63	-1
63	846	662	-12	420	1553	143	62	-1
64	289	547	13	663	1306	154	-1	65	-1
65	154	362	-13	2109	2835	131	64	-1
66	376	69	16	1810	3075	116	-1	67	-1
67	463	142	-16	1706	3038	199	66	-1
68	625	732	18	428	1479	189	-1	69	-1
69	851	598	-18	184	1660	159	68	-1
70	428	757	17	323	1432	154	-1	71	-1
71	311	503	-17	2011	2900	219	70	-1
72	686	194	6	517	1694	115	-1	73	-1
73	622	54	-6	3566	4344	235	72	-1
74	459	250	19	1215	2339	136	-1	75	-1
75	603	307	-19	1440	2417	142	74	-1
76	323	886	14	1003	2388	204	-1	77	-1
77	159	875	-14	1181	2062	165	76	-1
78	532	107	15	574	1973	114	-1	79	-1
79	590	377	-15	801	2017	164	78	-1
80	182	74	12	929	2211	241	-1	81	-1
81	77	231	-12	3035	3988	242	80	-1
82	429	755	11	297	1352	155	-1	83	-1
83	430	752	-11	1807	2475	226	82	-1
84	644	357	7	3104	4298	172	-1	85	-1
85	765	522	-7	3667	4757	211	84	-1
86	927	36	10	42	916	137	-1	87	-1
87	911	181	-10	3061	3562	127	86	-1
88	476	652	6	64	1091	125	-1	89	-1
89	431	747	-6	2744	4052	211	88	-1
90	138	871	11	2536	3424	143	-1	91	-1
91	167	868	-11	1514	2973	239	90	-1
92	588	382	7	908	1709	105	-1	93	-1
93	705	407	-7	2779	3927	171	92	-1
94	75	795	13	1013	1943	103	-1	95	-1
95	151	866	-13	4026	4952	196	94	-1
96	819	515	13	2375	3497	238	-1	97	-1
97	662	747	-13	2957	3464	147	96	-1
98	172	366	11	2938	4252	104	-1	99	-1
99	291	419	-11	2521	3865	237	98	-1
100	829	618	11	1059	2260	212	-1	101	-1
101	635	722	-11	1579	2805	109	100	-1
102	802	570	9	171	855	177	-1	103	-1
103	703	779	-9	308	1388	190	102	-1
104	188	999	20	1276	2007	207	-1	105	-1
105	148	971	-20	2361	3825	176	104	-1
106	637	722	16	1010	1690	154	-1	107	-1
107	434	698	-16	2712	3364	242	106	-1
108	570	289	6	1767	2279	235	-1	109	-1
109	716	388	-6	1492	2478	115	108	-1
110	818	123	9	510	1093	189	-1	111	-1
111	858	334	-9	3228	4167	122	110	-1
112	405	420	6	1204	2164	110	-1	113	-1
113	247	549	-6	1088	2233	116	112	-1
114	278	530	16	2210	3418	173	-1	115	-1
115	430	752	-16	2656	4029	131	114	-1
116	584	111	12	1067	2288	184	-1	117	-1
117	746	262	-12	3023	3707	140	116	-1
118	243	806	10	3035	4512	144	-1	119	-1
119	430	752	-10	3696	4592	213	118	-1
120	125	961	17	2232	3462	119	-1	121	-1
121	155	861	-17	4016	4998	213	120	-1
122	922	664	19	164	1418	222	-1	123	-1
123	836	583	-19	3486	4315	150	122	-1
124	870	580	7	1616	2990	231	-1	125	-1
125	732	370	-7	2220	2943	167	124	-1
126	569	755	18	784	2237	131	-1	127	-1
127	432	752	-18	1956	3098	123	126	-1
128	145	915	13	1101	1923	210	-1	129	-1
129	282	974	-13	3392	4831	244	128	-1
130	550	55	6	1849	3028	169	-1	131	-1
131	285	60	-6	3067	4351	194	130	-1
132	933	442	11	2335	3074	102	-1	133	-1
133	747	484	-11	2411	3735	112	132	-1
134	183	432	17	1015	2266	131	-1	135	-1
135	176	402	-17	3640	4878	160	134	-1
136	186	375	18	2287	3752	109	-1	137	-1
137	161	331	-18	2630	3906	150	136	-1
138	150	879	12	2699	4124	190	-1	139	-1
139	291	809	-12	2625	4002	173	138	-1
140	963	974	16	1585	2698	152	-1	141	-1
141	828	866	-16	4136	4963	231	140	-1
142	961	24	8	469	1630	247	-1	143	-1
143	703	4	-8	836	1961	146	142	-1
144	829	598	19	692	2085	143	-1	145	-1
145	599	605	-19	1929	2984	241	144	-1
146	101	576	20	2196	3465	181	-1	147	-1
147	242	780	-20	1526	2861	126	146	-1
148	721	406	5	457	1459	167	-1	149	-1
149	867	618	-5	1948	2819	159	148	-1
150	836	582	18	1975	2678	221	-1	151	-1
151	839	584	-18	1933	2688	106	150	-1
152	681	347	10	192	888	218	-1	153	-1
153	823	554	-10	316	1425	180	152	-1
154	705	406	9	3534	4845	194	-1	155	-1
155	601	369	-9	3439	4766	209	154	-1
156	224	531	9	1859	2753	164	-1	157	-1
157	176	382	-9	2036	3356	176	156	-1
158	821	28	16	229	817	241	-1	159	-1
159	618	107	-16	2675	3712	180	158	-1
160	875	651	12	496	1082	145	-1	161	-1
161	843	595	-12	3671	4344	210	160	-1
162	655	263	8	1148	2146	150	-1	163	-1
163	604	408	-8	2378	3806	136	162	-1
164	350	100	15	124	1313	124	-1	165	-1
165	385	73	-15	1589	2353	205	164	-1
166	836	584	19	452	1213	198	-1	167	-1
167	631	766	-19	575	1751	206	166	-1
168	359	79	10	121	1153	155	-1	169	-1
169	139	56	-10	2810	3745	178	168	-1
170	175	360	11	783	2067	208	-1	171	-1
171	269	500	-11	2335	3779	131	170	-1
172	165	337	12	397	1325	237	-1	173	-1
173	222	243	-12	2405	2905	143	172	-1
174	263	86	17	2335	3774	220	-1	175	-1
175	168	289	-17	2695	3699	199	174	-1
176	598	754	8	889	2006	107	-1	177	-1
177	633	714	-8	2725	3338	158	176	-1
178	145	236	8	1797	3172	166	-1	179	-1
179	188	349	-8	1807	3296	230	178	-1
180	840	579	17	96	1002	205	-1	181	-1
181	729	391	-17	399	1065	168	180	-1
182	410	739	15	17	1154	181	-1	183	-1
183	286	543	-15	3876	4445	230	182	-1
184	498	709	13	1681	2714	196	-1	185	-1
185	433	751	-13	2392	2899	182	184	-1
186	836	594	19	14	925	120	-1	187	-1
187	626	739	-19	2073	2895	228	186	-1
188	254	777	11	2257	3501	173	-1	189	-1
189	430	752	-11	3165	3804	230	188	-1
190	172	366	8	894	1973	147	-1	191	-1
191	115	337	-8	2888	4181	142	190	-1
192	139	715	10	1620	2352	187	-1	193	-1
193	242	788	-10	2829	3700	110	192	-1
194	430	874	18	3362	3906	234	-1	195	-1
195	599	982	-18	3285	4467	183	194	-1
196	112	828	12	704	1259	222	-1	197	-1
197	245	781	-12	4284	4964	178	196	-1
198	6	572	6	301	859	135	-1	199	-1
199	269	539	-6	1550	2119	131	198	-1
200	433	752	14	2804	4027	102	-1	201	-1
201	620	738	-14	2696	3867	182	200	-1
202	502	381	8	2502	3403	161	-1	203	-1
203	525	448	-8	1903	3182	226	202	-1
204	229	468	17	1668	2168	146	-1	205	-1
205	260	284	-17	2114	3020	131	204	-1
206	229	321	16	3629	4385	180	-1	207	-1
207	307	142	-16	3484	4409	221	206	-1
208	913	465	19	2259	3226	134	-1	209	-1
209	972	553	-19	2156	2894	221	208	-1
210	667	462	8	2736	3377	241	-1	211	-1
211	771	309	-8	3390	4704	110	210	-1
212	853	568	6	694	1474	195	-1	213	-1
213	868	790	-6	1722	2585	111	212	-1
214	878	618	8	3448	4849	124	-1	215	-1
215	782	473	-8	3909	4557	122	214	-1
216	845	775	15	3513	4962	174	-1	217	-1
217	778	698	-15	4045	4990	191	216	-1
218	207	385	20	2477	3745	171	-1	219	-1
219	313	250	-20	1921	3420	155	218	-1
220	242	788	7	2007	3040	170	-1	221	-1
221	429	749	-7	2155	3614	113	220	-1
222	110	351	10	485	1252	153	-1	223	-1
223	153	340	-10	1740	2431	245	222	-1
224	731	391	12	1827	2656	133	-1	225	-1
225	836	596	-12	2642	3731	211	224	-1
226	593	800	10	763	1549	233	-1	227	-1
227	709	742	-10	2781	3963	175	226	-1
228	148	352	17	990	1664	189	-1	229	-1
229	199	266	-17	422	1878	204	228	-1
230	204	279	15	1958	2911	192	-1	231	-1
231	269	510	-15	3361	4270	179	230	-1
232	977	215	14	1313	2487	194	-1	233	-1
233	731	187	-14	2833	4041	239	232	-1
234	902	126	19	462	1129	117	-1	235	-1
235	735	186	-19	204	1643	169	234	-1
236	547	743	17	3376	4024	212	-1	237	-1
237	478	628	-17	3460	4728	227	236	-1
238	407	747	11	348	1626	162	-1	239	-1
239	313	797	-11	1042	1791	139	238	-1
240	603	372	19	2055	2731	110	-1	241	-1
241	727	394	-19	3227	4538	143	240	-1
242	462	945	11	2223	3287	180	-1	243	-1
243	242	788	-11	1793	3024	234	242	-1
244	408	771	14	3139	4408	183	-1	245	-1
245	426	743	-14	3032	3809	135	244	-1
246	90	350	12	1968	2943	175	-1	247	-1
247	66	338	-12	4233	4874	228	246	-1
248	112	267	17	1683	3175	160	-1	249	-1
249	178	227	-17	895	2122	157	248	-1
250	729	388	9	193	1229	227	-1	251	-1
251	834	567	-9	2634	3929	205	250	-1
252	837	586	6	853	2251	169	-1	253	-1
253	627	737	-6	3500	4256	208	252	-1
254	230	730	17	1321	1843	246	-1	255	-1
255	125	874	-17	4003	4915	243	254	-1
256	591	442	9	3990	4763	215	-1	257	-1
257	606	609	-9	3491	4653	187	256	-1
258	359	50	14	1843	3002	147	-1	259	-1
259	561	154	-14	3260	4398	106	258	-1
260	65	511	10	2710	4036	209	-1	261	-1
261	162	588	-10	2833	4148	249	260	-1
262	996	729	15	1622	3022	122	-1	263	-1
263	967	479	-15	3404	4412	154	262	-1
264	499	856	10	33	967	176	-1	265	-1
265	626	738	-10	2104	2632	149	264	-1
266	785	772	14	2489	3477	138	-1	267	-1
267	692	792	-14	2288	3068	178	266	-1
268	435	756	13	821	1890	224	-1	269	-1
269	643	686	-13	1130	2040	159	268	-1
270	264	849	14	232	1649	192	-1	271	-1
271	429	738	-14	822	2151	139	270	-1
272	524	63	18	3304	4083	178	-1	273	-1
273	421	71	-18	3519	4157	199	272	-1
274	146	342	19	1453	2739	132	-1	275	-1
275	324	151	-19	3124	4069	161	274	-1
276	242	803	6	1185	2501	215	-1	277	-1
277	209	618	-6	3553	4973	225	276	-1
278	256	392	20	2600	3242	221	-1	279	-1
279	166	363	-20	3841	4984	178	278	-1
280	654	889	10	69	1127	227	-1	281	-1
281	453	801	-10	2809	3747	209	280	-1
282	852	485	15	48	1384	118	-1	283	-1
283	601	369	-15	1562	2416	228	282	-1
284	632	303	5	1049	1930	174	-1	285	-1
285	727	393	-5	3334	3969	132	284	-1
286	343	593	5	880	2131	201	-1	287	-1
287	582	472	-5	772	1651	170	286	-1
288	863	84	19	609	1505	117	-1	289	-1
289	874	42	-19	1786	2382	154	288	-1
290	950	749	16	1530	2393	177	-1	291	-1
291	789	613	-16	2361	3430	133	290	-1
292	169	411	15	3468	4542	129	-1	293	-1
293	172	361	-15	3323	4164	225	292	-1
294	682	412	13	632	1552	130	-1	295	-1
295	865	620	-13	52	1361	152	294	-1
296	431	753	17	1304	2369	204	-1	297	-1
297	237	902	-17	1215	2350	108	296	-1
298	239	746	19	1046	1909	228	-1	299	-1
299	430	752	-19	3018	3614	184	298	-1
300	537	755	12	1959	2666	140	-1	301	-1
301	426	753	-12	3559	4706	190	300	-1
302	380	282	16	108	612	200	-1	303	-1
303	634	356	-16	3039	3549	119	302	-1
304	363	284	16	1921	3307	234	-1	305	-1
305	138	387	-16	3008	4353	228	304	-1
306	544	552	20	312	1508	168	-1	307	-1
307	406	707	-20	2379	2934	169	306	-1
308	360	371	20	1483	2587	126	-1	309	-1
309	146	328	-20	2092	3559	112	308	-1
310	838	587	17	13	810	162	-1	311	-1
311	655	532	-17	3275	4017	161	310	-1
312	386	545	14	1232	2321	143	-1	313	-1
313	281	719	-14	3504	4091	183	312	-1
314	539	471	18	635	1420	144	-1	315	-1
315	683	381	-18	2131	2737	119	314	-1
316	226	880	18	741	2131	190	-1	317	-1
317	427	747	-18	145	1407	163	316	-1
318	621	303	17	2503	3743	152	-1	319	-1
319	869	200	-17	2530	3614	246	318	-1
320	416	67	20	901	1958	203	-1	321	-1
321	237	177	-20	2439	3832	220	320	-1
322	679	811	7	118	1146	208	-1	323	-1
323	602	790	-7	3624	4382	168	322	-1
324	937	723	14	1651	2271	131	-1	325	-1
325	926	555	-14	3839	4742	240	324	-1
326	990	282	11	429	1365	227	-1	327	-1
327	741	260	-11	1902	3309	100	326	-1
328	219	953	12	1810	2314	174	-1	329	-1
329	220	891	-12	1926	2753	215	328	-1
330	725	396	12	999	1843	109	-1	331	-1
331	461	378	-12	1685	2834	242	330	-1
332	172	366	7	2092	3020	216	-1	333	-1
333	124	349	-7	2139	3292	223	332	-1
334	156	870	5	1737	2945	166	-1	335	-1
335	142	867	-5	2598	3115	150	334	-1
336	587	357	12	255	1591	174	-1	337	-1
337	384	482	-12	2776	4257	134	336	-1
338	158	874	15	1543	2795	209	-1	339	-1
339	324	740	-15	2913	3695	168	338	-1
340	843	576	8	1366	2576	226	-1	341	-1
341	847	650	-8	1906	3097	153	340	-1
342	507	553	16	1726	2890	222	-1	343	-1
343	419	528	-16	2781	3771	222	342	-1
344	713	435	8	1581	2563	161	-1	345	-1
345	722	194	-8	3535	4275	100	344	-1
346	424	654	6	307	1680	189	-1	347	-1
347	648	552	-6	3143	4599	102	346	-1
348	427	755	17	2452	3473	184	-1	349	-1
349	628	738	-17	2876	3598	234	348	-1
350	367	520	13	2893	3971	146	-1	351	-1
351	242	321	-13	3611	4941	221	350	-1
352	649	726	15	3629	4691	162	-1	353	-1
353	840	540	-15	4341	4867	184	352	-1
354	358	16	7	2543	3892	200	-1	355	-1
355	550	43	-7	3310	4582	140	354	-1
356	176	892	8	1852	2416	102	-1	357	-1
357	159	875	-8	2480	3850	216	356	-1
358	882	564	16	1833	3203	107	-1	359	-1
359	629	680	-16	2983	3753	246	358	-1
360	430	752	8	895	2024	200	-1	361	-1
361	266	739	-8	1991	2754	139	360	-1
362	464	915	7	237	1351	221	-1	363	-1
363	693	798	-7	1113	2333	211	362	-1
364	840	477	6	2985	4068	178	-1	365	-1
365	852	585	-6	2485	3880	236	364	-1
366	521	344	8	580	1787	201	-1	367	-1
367	604	376	-8	1334	2244	199	366	-1
368	594	982	15	1247	2309	201	-1	369	-1
369	420	819	-15	2642	4127	231	368	-1
370	603	365	11	1038	2510	206	-1	371	-1
371	480	490	-11	2014	3015	180	370	-1
372	239	788	13	219	1251	135	-1	373	-1
373	32	632	-13	3484	4204	107	372	-1
374	705	908	10	752	1846	219	-1	375	-1
375	532	751	-10	4437	4982	225	374	-1
376	680	445	17	1318	2064	120	-1	377	-1
377	515	406	-17	1927	2600	202	376	-1
378	131	895	20	2404	3523	185	-1	379	-1
379	143	716	-20	2542	3327	237	378	-1
380	455	963	9	4017	4555	119	-1	381	-1
381	574	737	-9	4281	4995	104	380	-1
382	172	367	19	2663	3657	237	-1	383	-1
383	282	526	-19	2097	3459	107	382	-1
384	827	886	19	1199	2516	180	-1	385	-1
385	911	746	-19	2285	3557	172	384	-1
386	747	603	18	1557	2607	153	-1	387	-1
387	583	757	-18	1373	2515	228	386	-1
388	245	678	19	643	1284	215	-1	389	-1
389	163	444	-19	4079	4869	247	388	-1
390	814	567	17	279	851	204	-1	391	-1
391	621	735	-17	1434	2438	143	390	-1
392	829	587	15	637	1140	200	-1	393	-1
393	729	335	-15	3920	4502	101	392	-1
394	623	756	12	1656	2476	242	-1	395	-1
395	628	737	-12	2025	3496	161	394	-1
396	601	369	11	108	1385	119	-1	397	-1
397	802	327	-11	1336	2183	239	396	-1
398	140	493	12	726	1815	136	-1	399	-1
399	164	344	-12	1219	2290	103	398	-1
400	592	371	18	2094	3450	194	-1	401	-1
401	825	527	-18	3052	4316	184	400	-1
402	666	459	16	3499	4524	118	-1	403	-1
403	627	737	-16	2919	4254	235	402	-1
404	229	314	14	912	2351	110	-1	405	-1
405	272	532	-14	1108	2044	234	404	-1
406	200	349	14	1718	2869	212	-1	407	-1
407	264	550	-14	2062	2591	245	406	-1
408	51	216	9	1590	2229	189	-1	409	-1
409	143	355	-9	3010	4454	173	408	-1
410	208	352	13	1539	2967	145	-1	411	-1
411	249	574	-13	3088	3848	192	410	-1
412	157	900	8	1737	3235	138	-1	413	-1
413	188	772	-8	1539	2670	225	412	-1
414	166	303	7	3120	4512	228	-1	415	-1
415	236	254	-7	3122	3645	208	414	-1
416	436	732	19	1684	2579	126	-1	417	-1
417	628	718	-19	1903	3322	118	416	-1
418	436	746	11	383	1428	132	-1	419	-1
419	243	792	-11	1034	2490	226	418	-1
420	598	366	12	1823	3259	249	-1	421	-1
421	575	331	-12	3823	4597	119	420	-1
422	905	529	10	2068	2754	243	-1	423	-1
423	838	587	-10	2628	3998	111	422	-1
424	42	204	18	2885	3493	137	-1	425	-1
425	158	394	-18	2450	3795	176	424	-1
426	568	359	14	1812	2731	228	-1	427	-1
427	494	193	-14	3105	4104	128	426	-1
428	560	395	9	1392	2172	140	-1	429	-1
429	707	564	-9	2442	3906	231	428	-1
430	859	790	19	1743	3186	246	-1	431	-1
431	849	622	-19	1499	2364	205	430	-1
432	430	752	10	3909	4514	168	-1	433	-1
433	443	881	-10	3427	4513	133	432	-1
434	846	609	19	1086	1935	125	-1	435	-1
435	838	583	-19	1898	2977	204	434	-1
436	29	545	14	1421	2386	114	-1	437	-1
437	61	576	-14	2085	2586	155	436	-1
438	594	475	8	2990	4089	115	-1	439	-1
439	627	737	-8	3551	4677	150	438	-1
440	375	71	10	1962	2990	153	-1	441	-1
441	336	142	-10	3104	3975	100	440	-1
442	300	507	15	1409	2354	126	-1	443	-1
443	478	489	-15	1677	2185	212	442	-1
444	603	714	19	707	1227	187	-1	445	-1
445	628	744	-19	951	2345	211	444	-1
446	875	203	18	1752	2894	194	-1	447	-1
447	773	375	-18	2847	4264	220	446	-1
448	830	538	17	358	926	161	-1	449	-1
449	837	582	-17	2591	3890	143	448	-1
450	238	115	7	2410	3553	222	-1	451	-1
451	187	351	-7	3201	3704	172	450	-1
452	750	213	12	168	1381	192	-1	453	-1
453	685	387	-12	1568	2865	162	452	-1
454	277	544	16	180	1090	228	-1	455	-1
455	491	729	-16	446	1461	171	454	-1
456	368	96	12	2689	4177	115	-1	457	-1
457	282	293	-12	3907	4838	249	456	-1
458	668	398	9	549	1197	105	-1	459	-1
459	601	369	-9	2672	3330	221	458	-1
460	574	998	10	2641	3281	196	-1	461	-1
461	631	734	-10	3225	4494	157	460	-1
462	760	402	13	1921	2877	170	-1	463	-1
463	722	354	-13	3406	4694	188	462	-1
464	260	617	9	3324	4054	171	-1	465	-1
465	240	789	-9	3279	4752	209	464	-1
466	223	376	20	1101	2493	198	-1	467	-1
467	222	201	-20	1819	2791	139	466	-1
468	665	322	16	1645	2428	174	-1	469	-1
469	636	370	-16	3885	4853	149	468	-1
470	726	265	7	1030	2249	115	-1	471	-1
471	950	167	-7	3015	3983	103	470	-1
472	324	532	19	2939	3724	240	-1	473	-1
473	437	746	-19	4139	4722	134	472	-1
474	544	94	18	1105	2600	212	-1	475	-1
475	584	305	-18	3972	4573	181	474	-1
476	236	804	11	1327	2218	101	-1	477	-1
477	430	752	-11	3395	4438	137	476	-1
478	162	888	9	1548	2147	151	-1	479	-1
479	374	796	-9	1822	2342	217	478	-1
480	223	818	12	2223	3015	134	-1	481	-1
481	113	900	-12	2040	3101	140	480	-1
482	174	365	19	1814	3159	141	-1	483	-1
483	388	258	-19	2878	4040	178	482	-1
484	748	880	10	2235	3232	216	-1	485	-1
485	645	738	-10	3034	4169	177	484	-1
486	250	804	14	905	2117	200	-1	487	-1
487	504	835	-14	3738	4961	171	486	-1
488	150	764	13	990	2393	178	-1	489	-1
489	22	932	-13	2269	3539	110	488	-1
490	961	608	19	1448	2575	196	-1	491	-1
491	995	505	-19	2170	2677	176	490	-1
492	221	833	18	1105	2419	111	-1	493	-1
493	181	880	-18	940	2291	124	492	-1
494	810	294	16	2380	3832	182	-1	495	-1
495	535	277	-16	3201	4562	115	494	-1
496	732	391	8	2860	3994	138	-1	497	-1
497	827	575	-8	3111	4541	144	496	-1
498	152	886	7	1607	2747	145	-1	499	-1
499	404	779	-7	2761	3859	132	498	-1
500	226	442	17	1956	3076	212	-1	501	-1
501	165	380	-17	2704	3406	234	500	-1
502	332	415	7	205	938	222	-1	503	-1
503	187	373	-7	3352	4629	174	502	-1
504	318	996	8	2206	2804	148	-1	505	-1
505	241	787	-8	4091	4910	246	504	-1
506	450	749	9	810	2079	233	-1	507	-1
507	419	847	-9	1280	2285	149	506	-1
508	600	813	15	1845	2489	138	-1	509	-1
509	327	817	-15	3464	4175	161	508	-1
510	172	366	13	1757	2259	117	-1	511	-1
511	190	558	-13	3396	4593	132	510	-1
512	841	567	12	2053	2576	188	-1	513	-1
513	837	597	-12	2205	3011	140	512	-1
514	193	885	12	56	1048	107	-1	515	-1
515	450	774	-12	2006	2758	141	514	-1
516	172	366	10	2113	2889	129	-1	517	-1
517	374	445	-10	3505	4403	244	516	-1
518	427	748	15	167	1239	111	-1	519	-1
519	637	738	-15	949	2250	177	518	-1
520	10	355	13	2140	3621	137	-1	521	-1
521	61	550	-13	1804	2963	151	520	-1
522	256	505	13	2323	3005	108	-1	523	-1
523	84	289	-13	2020	3108	195	522	-1
524	414	100	7	112	927	127	-1	525	-1
525	273	255	-7	425	1612	168	524	-1
526	571	200	11	620	1233	195	-1	527	-1
527	393	415	-11	512	1499	140	526	-1
528	651	981	8	992	2163	178	-1	529	-1
529	624	738	-8	1778	2455	102	528	-1
530	626	738	14	2253	3690	173	-1	531	-1
531	835	586	-14	3728	4554	104	530	-1
532	270	513	18	1516	2799	112	-1	533	-1
533	386	352	-18	2961	4252	127	532	-1
534	149	883	14	2766	3298	170	-1	535	-1
535	221	863	-14	2773	4102	169	534	-1
536	281	706	6	1045	2523	186	-1	537	-1
537	469	749	-6	4100	4696	169	536	-1
538	559	236	16	1845	3267	139	-1	539	-1
539	742	235	-16	2025	2601	242	538	-1
540	438	463	14	138	1620	112	-1	541	-1
541	156	450	-14	624	1901	244	540	-1
542	1000	555	11	3355	4309	128	-1	543	-1
543	857	588	-11	3502	4322	129	542	-1
544	662	300	8	2065	3161	161	-1	545	-1
545	851	101	-8	3155	3686	202	544	-1
546	77	522	7	2646	4034	121	-1	547	-1
547	122	573	-7	3321	4486	188	546	-1
548	286	532	12	42	720	208	-1	549	-1
549	292	662	-12	1697	2882	225	548	-1
550	260	970	7	2188	2904	165	-1	551	-1
551	429	747	-7	2604	3735	246	550	-1
552	281	696	15	2004	2809	191	-1	553	-1
553	446	751	-15	2698	3355	223	552	-1
554	578	545	9	2045	3436	116	-1	555	-1
555	601	369	-9	2166	3547	225	554	-1
556	492	402	18	2249	2903	234	-1	557	-1
557	606	343	-18	4119	4969	194	556	-1
558	458	754	6	1769	3043	217	-1	559	-1
559	212	783	-6	2862	4028	155	558	-1
560	481	723	13	1196	2609	241	-1	561	-1
561	392	737	-13	3015	3574	157	560	-1
562	132	588	8	116	1552	149	-1	563	-1
563	172	366	-8	3696	4350	209	562	-1
564	886	77	7	838	2187	221	-1	565	-1
565	720	42	-7	2315	3140	219	564	-1
566	653	721	16	629	1164	135	-1	567	-1
567	827	574	-16	2566	3954	235	566	-1
568	647	376	17	1799	2508	123	-1	569	-1
569	426	486	-17	2769	4165	157	568	-1
570	227	918	14	852	1947	198	-1	571	-1
571	413	773	-14	4206	4984	249	570	-1
572	161	373	17	2598	3571	144	-1	573	-1
573	170	368	-17	1955	3244	193	572	-1
574	648	721	16	728	2207	226	-1	575	-1
575	627	737	-16	1267	1825	102	574	-1
576	636	727	7	1874	3290	211	-1	577	-1
577	850	580	-7	1628	2795	110	576	-1
578	422	804	10	359	1546	176	-1	579	-1
579	205	791	-10	4088	4934	141	578	-1
580	240	523	15	440	1255	158	-1	581	-1
581	133	782	-15	3890	4475	221	580	-1
582	385	23	10	1918	2892	174	-1	583	-1
583	473	101	-10	2708	4032	158	582	-1
584	46	236	17	3093	4406	122	-1	585	-1
585	148	363	-17	3034	4409	183	584	-1
586	627	737	18	469	1432	204	-1	587	-1
587	562	877	-18	1617	3003	131	586	-1
588	620	375	15	1923	3109	208	-1	589	-1
589	495	267	-15	2471	3287	113	588	-1
590	823	977	15	2304	2920	130	-1	591	-1
591	912	768	-15	2624	3240	231	590	-1
592	513	599	12	232	827	111	-1	593	-1
593	610	445	-12	3321	4065	127	592	-1
594	445	720	17	527	1168	136	-1	595	-1
595	705	773	-17	1672	3149	159	594	-1
596	657	410	17	1803	3229	182	-1	597	-1
597	602	370	-17	2914	4111	216	596	-1
598	82	438	7	227	1630	190	-1	599	-1
599	161	336	-7	3868	4482	237	598	-1
600	704	346	8	1822	2903	245	-1	601	-1
601	480	500	-8	2911	4084	177	600	-1
602	645	756	13	100	775	211	-1	603	-1
603	639	709	-13	3215	4224	103	602	-1
604	350	85	6	402	1261	101	-1	605	-1
605	297	206	-6	2015	2867	186	604	-1
606	244	787	13	812	2259	117	-1	607	-1
607	269	538	-13	2872	3906	176	606	-1
608	430	752	15	2554	3619	142	-1	609	-1
609	263	544	-15	3118	4468	115	608	-1
610	445	695	11	710	1223	182	-1	611	-1
611	409	727	-11	904	2270	151	610	-1
612	393	756	7	359	1387	144	-1	613	-1
613	244	786	-7	2747	3648	228	612	-1
614	141	90	15	652	1551	135	-1	615	-1
615	171	80	-15	658	1617	115	614	-1
616	479	809	15	2210	3500	133	-1	617	-1
617	437	836	-15	2328	2894	153	616	-1
618	430	752	18	933	2000	216	-1	619	-1
619	682	679	-18	3495	4852	150	618	-1
620	709	762	10	1655	2757	210	-1	621	-1
621	720	536	-10	3348	4373	146	620	-1
622	838	564	12	1173	1720	122	-1	623	-1
623	624	414	-12	3645	4882	134	622	-1
624	773	111	13	328	1642	175	-1	625	-1
625	639	20	-13	1244	2481	120	624	-1
626	671	75	12	2731	3263	129	-1	627	-1
627	421	83	-12	3811	4505	173	626	-1
628	737	334	14	952	1924	236	-1	629	-1
629	849	572	-14	714	2068	239	628	-1
630	412	74	14	1497	2461	160	-1	631	-1
631	485	310	-14	2459	3546	232	630	-1
632	550	716	16	152	1195	249	-1	633	-1
633	439	744	-16	3090	4275	132	632	-1
634	157	372	14	395	1725	180	-1	635	-1
635	166	304	-14	1258	2498	150	634	-1
636	168	344	6	629	1564	229	-1	637	-1
637	197	352	-6	1358	2647	143	636	-1
638	775	546	5	1571	2466	214	-1	639	-1
639	877	607	-5	1781	3190	157	638	-1
640	628	735	6	1104	2078	151	-1	641	-1
641	802	955	-6	819	1972	138	640	-1
642	158	875	7	1458	2695	139	-1	643	-1
643	158	875	-7	2806	3393	190	642	-1
644	307	762	9	2763	3372	187	-1	645	-1
645	41	690	-9	3264	4738	232	644	-1
646	197	536	11	2816	3472	131	-1	647	-1
647	17	518	-11	3691	4921	120	646	-1
648	219	629	7	77	1291	183	-1	649	-1
649	295	797	-7	950	2338	107	648	-1
650	590	368	18	3305	4140	157	-1	651	-1
651	709	480	-18	3065	4379	200	650	-1
652	167	368	19	2145	3389	151	-1	653	-1
653	28	389	-19	2743	3500	246	652	-1
654	158	875	11	3522	4089	168	-1	655	-1
655	158	874	-11	3041	4321	156	654	-1
656	218	735	7	3372	4394	238	-1	657	-1
657	430	752	-7	2914	4207	115	656	-1
658	72	807	20	622	1319	249	-1	659	-1
659	194	567	-20	2671	3557	223	658	-1
660	444	101	9	372	1800	184	-1	661	-1
661	280	52	-9	3838	4729	144	660	-1
662	150	879	9	183	895	168	-1	663	-1
663	174	654	-9	4081	4968	247	662	-1
664	894	515	6	1620	2559	239	-1	665	-1
665	951	734	-6	1873	2855	207	664	-1
666	641	367	6	3614	4506	182	-1	667	-1
667	885	408	-6	3379	4705	239	666	-1
668	835	583	6	759	1885	113	-1	669	-1
669	627	737	-6	4145	4825	246	668	-1
670	579	795	15	204	754	136	-1	671	-1
671	716	760	-15	3023	4351	219	670	-1
672	836	600	9	247	1286	186	-1	673	-1
673	704	813	-9	1630	2787	238	672	-1
674	246	810	15	1380	2805	177	-1	675	-1
675	271	533	-15	1218	2078	181	674	-1
676	604	741	11	1966	2474	101	-1	677	-1
677	796	603	-11	2022	3362	167	676	-1
678	885	584	7	1130	2098	156	-1	679	-1
679	789	321	-7	2413	3229	235	678	-1
680	286	475	7	1095	2501	157	-1	681	-1
681	229	509	-7	995	2488	246	680	-1
682	258	511	11	2319	3313	174	-1	683	-1
683	368	412	-11	1942	2913	155	682	-1
684	628	741	18	939	1755	180	-1	685	-1
685	472	777	-18	3757	4779	181	684	-1
686	613	714	6	1957	2846	127	-1	687	-1
687	626	738	-6	4015	4661	221	686	-1
688	675	934	17	517	1043	246	-1	689	-1
689	465	802	-17	2234	3147	149	688	-1
690	587	465	11	3072	3806	138	-1	691	-1
691	598	370	-11	3646	4566	212	690	-1
692	628	737	7	1123	2224	249	-1	693	-1
693	405	726	-7	3164	4067	131	692	-1
694	29	194	18	2467	3520	146	-1	695	-1
695	237	305	-18	3707	4349	230	694	-1
696	489	38	17	1232	1963	237	-1	697	-1
697	369	216	-17	1974	3378	200	696	-1
698	454	14	11	2089	3247	174	-1	699	-1
699	386	66	-11	1971	2682	119	698	-1
700	226	788	9	492	1881	232	-1	701	-1
701	320	761	-9	1481	2207	187	700	-1
702	181	361	8	1585	2632	215	-1	703	-1
703	322	583	-8	995	2433	151	702	-1
704	379	417	5	1229	2588	219	-1	705	-1
705	517	505	-5	631	2115	146	704	-1
706	814	625	12	37	1423	195	-1	707	-1
707	694	651	-12	916	2011	132	706	-1
708	942	163	5	561	1156	184	-1	709	-1
709	942	62	-5	3619	4639	168	708	-1
710	709	438	11	1164	2217	127	-1	711	-1
711	729	559	-11	3548	4297	127	710	-1
712	435	756	18	70	748	132	-1	713	-1
713	628	736	-18	2203	3164	108	712	-1
714	554	260	13	906	2285	189	-1	715	-1
715	322	365	-13	1025	1911	153	714	-1
716	272	247	16	2388	3681	153	-1	717	-1
717	442	138	-16	3030	3734	120	716	-1
718	225	182	8	507	2006	229	-1	719	-1
719	1	136	-8	1811	2931	181	718	-1
720	949	137	17	438	1847	129	-1	721	-1
721	856	25	-17	2099	3481	103	720	-1
722	953	867	19	3263	4180	187	-1	723	-1
723	702	942	-19	3925	4648	225	722	-1
724	556	57	18	644	2038	212	-1	725	-1
725	556	271	-18	1442	1991	161	724	-1
726	838	586	20	500	1467	195	-1	727	-1
727	909	557	-20	884	1844	105	726	-1
728	499	546	18	1199	2619	147	-1	729	-1
729	748	415	-18	1474	2475	101	728	-1
730	435	312	13	2100	3082	172	-1	731	-1
731	217	308	-13	2984	3873	166	730	-1
732	376	70	20	363	950	206	-1	733	-1
733	259	162	-20	1791	3104	138	732	-1
734	244	338	15	2695	3836	171	-1	735	-1
735	226	66	-15	2878	4318	184	734	-1
736	158	874	13	792	2096	220	-1	737	-1
737	120	927	-13	3398	4023	244	736	-1
738	12	739	13	2354	3006	142	-1	739	-1
739	158	875	-13	3513	4906	204	738	-1
740	266	90	14	1684	2281	126	-1	741	-1
741	65	71	-14	1144	2213	181	740	-1
742	819	186	14	3064	4530	172	-1	743	-1
743	726	392	-14	3933	4637	145	742	-1
744	16	410	9	1282	1861	109	-1	745	-1
745	216	251	-9	1613	2911	166	744	-1
746	627	737	12	214	993	226	-1	747	-1
747	834	592	-12	2021	3070	154	746	-1
748	537	863	8	1744	2274	117	-1	749	-1
749	760	804	-8	2140	3068	174	748	-1
750	172	366	14	2710	3498	148	-1	751	-1
751	220	503	-14	3710	4230	224	750	-1
752	597	374	20	2242	3175	180	-1	753	-1
753	632	409	-20	3726	4971	188	752	-1
754	599	366	15	1312	2350	128	-1	755	-1
755	765	484	-15	3970	4775	197	754	-1
756	442	760	19	1099	2002	247	-1	757	-1
757	641	916	-19	1298	2312	107	756	-1
758	5	720	20	258	983	107	-1	759	-1
759	235	760	-20	1536	2908	219	758	-1
760	731	392	15	1607	3038	206	-1	761	-1
761	667	366	-15	1620	3049	174	760	-1
762	242	788	17	2845	3831	117	-1	763	-1
763	229	549	-17	3648	4262	225	762	-1
764	261	729	17	1379	2694	145	-1	765	-1
765	342	690	-17	1096	2017	140	764	-1
766	981	111	5	63	1131	246	-1	767	-1
767	816	328	-5	1614	3007	166	766	-1
768	192	485	19	270	1259	165	-1	769	-1
769	303	563	-19	1234	2632	195	768	-1
770	594	392	15	606	1939	131	-1	771	-1
771	350	452	-15	700	1431	245	770	-1
772	341	445	17	3434	4694	134	-1	773	-1
773	598	370	-17	3565	4219	178	772	-1
774	436	302	14	1755	3225	231	-1	775	-1
775	177	362	-14	3292	4384	244	774	-1
776	959	121	15	2421	3905	108	-1	777	-1
777	805	175	-15	2589	4024	169	776	-1
778	242	788	6	2127	2755	202	-1	779	-1
779	189	947	-6	1487	2953	152	778	-1
780	395	665	18	2125	2743	195	-1	781	-1
781	416	496	-18	4348	4930	118	780	-1
782	168	146	6	1935	3201	244	-1	783	-1
783	8	339	-6	3751	4863	114	782	-1
784	800	561	8	2085	2772	116	-1	785	-1
785	752	396	-8	3877	4965	210	784	-1
786	621	741	17	275	926	215	-1	787	-1
787	387	702	-17	1360	2599	204	786	-1
788	235	770	11	1498	2969	178	-1	789	-1
789	296	695	-11	2143	3533	202	788	-1
790	242	788	12	1853	2985	229	-1	791	-1
791	228	749	-12	2663	3303	176	790	-1
792	599	366	14	1064	2195	194	-1	793	-1
793	601	368	-14	3718	4750	108	792	-1
794	762	33	18	1369	2009	234	-1	795	-1
795	655	200	-18	3812	4648	125	794	-1
796	692	697	19	1941	3354	140	-1	797	-1
797	525	688	-19	2379	3619	188	796	-1
798	953	940	20	2211	2793	195	-1	799	-1
799	689	884	-20	3921	4832	247	798	-1
800	204	715	11	595	2083	107	-1	801	-1
801	242	788	-11	3005	4252	145	800	-1
802	556	643	12	605	1139	137	-1	803	-1
803	583	428	-12	256	1451	203	802	-1
804	252	829	11	2221	3178	183	-1	805	-1
805	430	752	-11	1944	2983	155	804	-1
806	240	791	6	2355	3460	149	-1	807	-1
807	427	753	-6	2000	3297	152	806	-1
808	896	340	19	1306	1839	234	-1	809	-1
809	618	323	-19	2272	2987	199	808	-1
810	583	417	15	862	1833	160	-1	811	-1
811	797	308	-15	4093	4874	207	810	-1
812	243	788	19	601	1706	103	-1	813	-1
813	338	541	-19	3551	4820	234	812	-1
814	172	901	18	32	1324	169	-1	815	-1
815	160	906	-18	1900	3076	241	814	-1
816	233	744	10	1468	2894	192	-1	817	-1
817	427	819	-10	3230	4674	194	816	-1
818	767	636	13	1375	2486	224	-1	819	-1
819	519	635	-13	1348	2305	139	818	-1
820	534	646	8	2523	3204	156	-1	821	-1
821	265	686	-8	2630	3444	192	820	-1
822	602	368	18	3044	3588	115	-1	823	-1
823	534	203	-18	3536	4284	232	822	-1
824	831	590	11	1603	2121	187	-1	825	-1
825	679	508	-11	2918	4289	230	824	-1
826	728	396	20	95	1089	177	-1	827	-1
827	588	350	-20	2777	3469	108	826	-1
828	939	244	16	2068	3205	166	-1	829	-1
829	726	394	-16	4102	4787	126	828	-1
830	468	149	16	637	1635	100	-1	831	-1
831	366	53	-16	2846	4057	145	830	-1
832	461	731	18	2118	3080	222	-1	833	-1
833	242	787	-18	3559	4324	243	832	-1
834	838	586	11	173	1506	126	-1	835	-1
835	962	397	-11	2672	3644	176	834	-1
836	461	150	8	887	1427	144	-1	837	-1
837	715	144	-8	977	1615	142	836	-1
838	636	743	9	1249	2178	221	-1	839	-1
839	431	749	-9	3324	4214	181	838	-1
840	196	342	7	331	1307	112	-1	841	-1
841	81	441	-7	213	1071	103	840	-1
842	583	367	17	473	1521	112	-1	843	-1
843	601	369	-17	3190	3799	130	842	-1
844	419	889	7	366	1511	157	-1	845	-1
845	436	758	-7	1967	3215	117	844	-1
846	151	116	7	369	1825	235	-1	847	-1
847	176	372	-7	466	1280	203	846	-1
848	729	899	6	789	1568	242	-1	849	-1
849	831	928	-6	370	1578	147	848	-1
850	327	867	14	3329	4182	129	-1	851	-1
851	248	772	-14	3039	4024	168	850	-1
852	345	308	19	1071	1868	117	-1	853	-1
853	301	214	-19	827	2042	238	852	-1
854	440	696	12	145	754	161	-1	855	-1
855	241	789	-12	1768	2625	119	854	-1
856	968	657	15	1393	1987	232	-1	857	-1
857	833	580	-15	3196	4172	151	856	-1
858	621	721	11	93	1437	127	-1	859	-1
859	646	700	-11	3924	4630	207	858	-1
860	542	594	15	1425	2619	235	-1	861	-1
861	634	444	-15	3269	4446	199	860	-1
862	973	395	19	1816	2568	181	-1	863	-1
863	793	584	-19	3995	4891	184	862	-1
864	822	919	6	531	1168	244	-1	865	-1
865	640	754	-6	2891	4210	193	864	-1
866	800	437	12	1089	1921	218	-1	867	-1
867	837	588	-12	554	2051	237	866	-1
868	429	752	15	1115	2338	199	-1	869	-1
869	276	777	-15	1670	3043	241	868	-1
870	727	752	18	792	1758	189	-1	871	-1
871	729	589	-18	2484	3320	101	870	-1
872	586	693	7	3214	4707	117	-1	873	-1
873	739	548	-7	3744	4260	248	872	-1
874	53	688	13	746	1729	243	-1	875	-1
875	138	897	-13	668	1501	158	874	-1
876	488	230	7	2341	3377	103	-1	877	-1
877	277	236	-7	3040	3876	243	876	-1
878	502	100	13	1732	3173	169	-1	879	-1
879	445	362	-13	2797	3997	153	878	-1
880	550	163	19	3481	4421	170	-1	881	-1
881	570	374	-19	3315	4443	134	880	-1
882	601	369	8	853	1808	226	-1	883	-1
883	726	394	-8	3755	4755	202	882	-1
884	837	586	14	125	878	129	-1	885	-1
885	639	388	-14	3490	4224	153	884	-1
886	132	893	13	1932	3280	142	-1	887	-1
887	158	892	-13	3379	3881	205	886	-1
888	765	343	16	1466	2197	196	-1	889	-1
889	830	413	-16	3500	4509	246	888	-1
890	656	352	7	1092	2374	184	-1	891	-1
891	588	348	-7	1544	2239	146	890	-1
892	175	720	12	1995	2607	144	-1	893	-1
893	169	499	-12	2158	3383	143	892	-1
894	172	366	16	1214	1997	230	-1	895	-1
895	205	607	-16	745	2067	241	894	-1
896	627	737	18	192	789	101	-1	897	-1
897	439	764	-18	857	1633	219	896	-1
898	418	84	19	637	2011	234	-1	899	-1
899	375	71	-19	1305	2566	188	898	-1
900	431	746	18	2021	2571	248	-1	901	-1
901	162	699	-18	3397	4559	206	900	-1
902	293	981	15	2111	3583	191	-1	903	-1
903	528	926	-15	3391	4891	210	902	-1
904	537	28	13	2707	3920	194	-1	905	-1
905	376	70	-13	3214	4561	179	904	-1
906	542	327	18	1079	2123	247	-1	907	-1
907	577	366	-18	2660	3662	186	906	-1
908	161	353	12	2974	4207	155	-1	909	-1
909	266	551	-12	2423	3720	157	908	-1
910	712	339	13	1437	1961	225	-1	911	-1
911	704	284	-13	3245	4602	215	910	-1
912	574	346	7	282	904	192	-1	913	-1
913	704	385	-7	2927	4373	127	912	-1
914	767	947	18	1191	1763	166	-1	915	-1
915	945	992	-18	2458	3848	103	914	-1
916	484	151	18	2536	3721	227	-1	917	-1
917	613	371	-18	2216	3174	123	916	-1
918	171	365	14	2841	3404	198	-1	919	-1
919	357	343	-14	3430	4561	160	918	-1
920	737	592	6	2684	3817	160	-1	921	-1
921	608	377	-6	2637	3884	171	920	-1
922	350	690	18	2833	3557	244	-1	923	-1
923	330	514	-18	2997	3502	162	922	-1
924	538	449	6	1798	2997	111	-1	925	-1
925	656	695	-6	1577	2789	245	924	-1
926	448	38	9	1583	2233	146	-1	927	-1
927	386	44	-9	2586	3112	214	926	-1
928	212	605	10	313	1586	136	-1	929	-1
929	225	502	-10	3615	4376	222	928	-1
930	807	2	16	2628	3306	186	-1	931	-1
931	790	4	-16	3369	4090	195	930	-1
932	156	879	13	1617	2951	198	-1	933	-1
933	386	836	-13	2422	3679	233	932	-1
934	242	787	15	968	1798	201	-1	935	-1
935	241	868	-15	2130	2791	136	934	-1
936	284	742	12	1381	2472	123	-1	937	-1
937	271	634	-12	3165	4417	128	936	-1
938	313	843	15	1405	2548	134	-1	939	-1
939	242	788	-15	3582	4779	232	938	-1
940	595	371	13	2364	3836	161	-1	941	-1
941	671	373	-13	3005	4442	122	940	-1
942	830	898	6	744	2131	150	-1	943	-1
943	662	796	-6	1674	2668	123	942	-1
944	208	510	14	1906	2640	134	-1	945	-1
945	176	364	-14	1343	2568	130	944	-1
946	432	857	18	1845	2557	174	-1	947	-1
947	426	750	-18	2592	4036	195	946	-1
948	428	752	20	632	2012	214	-1	949	-1
949	430	752	-20	4242	4773	208	948	-1
950	590	364	17	2951	3836	243	-1	951	-1
951	516	361	-17	4260	4854	184	950	-1
952	79	672	17	921	1927	100	-1	953	-1
953	169	411	-17	3269	4040	127	952	-1
954	20	520	14	632	1958	235	-1	955	-1
955	132	340	-14	3916	4686	155	954	-1
956	157	875	14	814	1567	112	-1	957	-1
957	247	791	-14	954	2311	233	956	-1
958	573	31	12	309	1400	223	-1	959	-1
959	376	70	-12	1752	2913	195	958	-1
960	860	958	7	3275	4353	102	-1	961	-1
961	914	801	-7	2620	3779	122	960	-1
962	293	270	17	568	1487	237	-1	963	-1
963	505	429	-17	1118	1950	214	962	-1
964	198	222	8	67	1406	132	-1	965	-1
965	301	32	-8	1699	3179	194	964	-1
966	601	369	7	3782	4766	216	-1	967	-1
967	773	381	-7	3117	4476	173	966	-1
968	197	371	13	1065	1766	208	-1	969	-1
969	317	128	-13	937	1721	101	968	-1
970	869	820	19	692	2154	208	-1	971	-1
971	876	623	-19	1054	1965	169	970	-1
972	838	588	14	1630	3007	234	-1	973	-1
973	669	638	-14	2340	3473	102	972	-1
974	376	70	12	3188	3767	195	-1	975	-1
975	379	39	-12	3215	3989	129	974	-1
976	622	729	15	3373	3915	185	-1	977	-1
977	776	745	-15	3050	4486	197	976	-1
978	465	765	17	1577	2988	140	-1	979	-1
979	232	772	-17	1950	2864	248	978	-1
980	626	737	15	369	1588	204	-1	981	-1
981	632	750	-15	2090	3505	213	980	-1
982	430	756	6	1752	2559	142	-1	983	-1
983	625	737	-6	2211	3423	241	982	-1
984	376	70	13	2954	4268	212	-1	985	-1
985	580	66	-13	2463	3644	119	984	-1
986	577	839	16	819	1861	146	-1	987	-1
987	442	758	-16	3460	4740	190	986	-1
988	260	534	19	867	2141	158	-1	989	-1
989	135	605	-19	2050	2607	165	988	-1
990	276	855	8	2865	4070	119	-1	991	-1
991	158	874	-8	2399	3734	199	990	-1
992	161	873	9	720	1423	160	-1	993	-1
993	159	874	-9	1177	1766	161	992	-1
994	196	809	11	105	677	219	-1	995	-1
995	431	751	-11	1925	2981	128	994	-1
996	741	11	13	380	1034	120	-1	997	-1
997	733	284	-13	2231	2799	242	996	-1
998	542	463	15	814	1635	157	-1	999	-1
999	470	687	-15	1903	2832	113	998	-1
0	864	100	702	174	50	0	5000
1	775	257	419	96	50	0	5000
2	33	303	17	228	50	0	5000
3	53	876	308	670	50	0	5000
4	293	989	697	901	50	0	5000
5	48	779	364	563	50	0	5000
6	920	746	971	756	50	0	5000
7	824	473	690	107	50	0	5000
8	745	556	657	578	50	0	5000
9	588	685	190	711	50	0	5000
10	647	868	364	874	50	0	5000
11	197	309	549	294	50	0	5000
12	69	69	103	382	50	0	5000
13	666	921	421	608	50	0	5000
14	123	969	42	597	50	0	5000
15	390	821	662	866	50	0	5000
16	26	623	48	553	50	0	5000
17	778	283	558	279	50	0	5000
18	536	443	323	89	50	0	5000
19	951	711	710	928	50	0	5000
20	195	897	193	874	50	0	5000
21	308	550	419	174	50	0	5000
22	621	847	253	665	50	0	5000
23	919	463	805	65	50	0	5000
24	427	630	183	871	50	0	5000
25	375	533	422	162	50	0	5000
26	336	173	220	133	50	0	5000
27	894	922	487	821	50	0	5000
28	973	467	700	378	50	0	5000
29	335	66	648	180	50	0	5000
30	243	772	447	652	50	0	5000
31	907	426	746	701	50	0	5000
32	557	514	187	551	50	0	5000
33	836	684	923	308	50	0	5000
34	235	764	450	685	50	0	5000
35	176	592	77	961	50	0	5000
36	655	195	703	289	50	0	5000
37	264	363	153	396	50	0	5000
38	724	644	787	485	50	0	5000
39	740	700	858	790	50	0	5000
40	697	581	400	301	50	0	5000
41	910	583	927	402	50	0	5000
42	626	747	391	742	50	0	5000
43	603	82	626	88	50	0	5000
44	966	806	968	510	50	0	5000
45	272	63	244	378	50	0	5000
46	531	671	766	492	50	0	5000
47	970	302	969	505	50	0	5000
48	197	285	110	306	50	0	5000
49	268	483	307	257	50	0	5000
50	437	851	720	583	50	0	5000
51	322	778	708	841	50	0	5000
52	451	881	171	786	50	0	5000
53	909	995	983	713	50	0	5000
54	138	46	55	75	50	0	5000
55	539	229	337	69	50	0	5000
56	730	109	760	240	50	0	5000
57	103	75	117	205	50	0	5000
58	866	300	544	212	50	0	5000
59	893	789	970	490	50	0	5000
60	703	290	837	519	50	0	5000
61	959	454	971	572	50	0	5000
62	566	412	917	219	50	0	5000
63	423	405	456	556	50	0	5000
64	826	342	806	628	50	0	5000
65	493	171	685	401	50	0	5000
66	434	560	403	904	50	0	5000
67	931	998	673	925	50	0	5000
68	762	752	633	803	50	0	5000
69	902	518	933	355	50	0	5000
70	197	820	161	653	50	0	5000
71	418	185	228	95	50	0	5000
72	732	809	509	990	50	0	5000
73	221	169	480	230	50	0	5000
74	783	992	410	986	50	0	5000
75	856	902	726	692	50	0	5000
76	695	815	629	904	50	0	5000
77	153	861	141	693	50	0	5000
78	29	234	153	187	50	0	5000
79	953	707	679	975	50	0	5000
80	361	921	333	569	50	0	5000
81	166	222	461	472	50	0	5000
82	303	69	502	289	50	0	5000
83	257	412	492	208	50	0	5000
84	411	422	439	43	50	0	5000
85	968	527	882	714	50	0	5000
86	745	624	499	472	50	0	5000
87	901	554	784	866	50	0	5000
88	221	405	296	681	50	0	5000
89	779	543	979	531	50	0	5000
90	601	71	287	266	50	0	5000
91	89	232	362	43	50	0	5000
92	424	833	213	577	50	0	5000
93	765	65	827	393	50	0	5000
94	379	75	381	155	50	0	5000
95	597	858	673	526	50	0	5000
96	499	270	198	113	50	0	5000
97	7	565	1	772	50	0	5000
98	748	431	999	325	50	0	5000
99	748	674	733	897	50	0	5000
100	266	812	96	794	50	0	5000
101	639	963	293	807	50	0	5000
102	487	110	247	338	50	0	5000
103	524	713	638	706	50	0	5000
104	706	685	910	651	50	0	5000
105	804	917	854	610	50	0	5000
106	535	892	447	915	50	0	5000
107	331	726	292	389	50	0	5000
108	820	271	525	487	50	0	5000
109	68	3	13	27	50	0	5000
110	207	599	10	665	50	0	5000
111	484	977	503	590	50	0	5000
112	509	128	753	454	50	0	5000
113	454	548	510	404	50	0	5000
114	351	791	297	440	50	0	5000
115	973	438	628	449	50	0	5000
116	111	265	390	399	50	0	5000
117	406	712	148	435	50	0	5000
118	839	442	450	285	50	0	5000
119	950	680	709	923	50	0	5000
120	140	743	101	974	50	0	5000
121	179	150	124	263	50	0	5000
122	513	22	740	283	50	0	5000
123	951	988	884	988	50	0	5000
124	290	89	322	327	50	0	5000
125	812	765	547	996	50	0	5000
126	626	869	820	791	50	0	5000
127	201	355	377	92	50	0	5000
128	738	551	418	375	50	0	5000
129	389	559	239	230	50	0	5000
130	169	674	479	791	50	0	5000
131	174	784	147	411	50	0	5000
132	724	392	969	436	50	0	5000
133	981	155	947	261	50	0	5000
134	421	634	705	624	50	0	5000
135	620	789	369	745	50	0	5000
136	952	730	963	675	50	0	5000
137	78	957	368	700	50	0	5000
138	431	235	598	229	50	0	5000
139	989	335	886	588	50	0	5000
140	492	321	486	731	50	0	5000
141	796	312	984	412	50	0	5000
142	953	36	577	68	50	0	5000
143	147	349	378	367	50	0	5000
144	780	485	774	785	50	0	5000
145	634	560	510	380	50	0	5000
146	60	356	389	422	50	0	5000
147	122	639	389	718	50	0	5000
148	643	933	720	846	50	0	5000
149	756	630	790	418	50	0	5000
