50	15	1	1	100000
0	627	977	17	684	1339	122	-1	1	-1
1	490	893	-17	1145	2628	162	0	-1
2	835	465	20	689	1404	101	-1	3	-1
3	746	368	-20	1924	3420	134	2	-1
4	859	522	14	689	1319	216	-1	5	7	1	4	5	6	7	9	13
5	792	611	-14	633	2116	181	4	-1
6	518	374	10	2548	3271	170	-1	7	6	0	4	6	7	10	11
7	470	220	-10	2664	3959	103	6	-1
8	91	768	18	384	1550	244	-1	9	-1
9	151	967	-18	514	1812	184	8	-1
10	656	72	7	2813	4049	232	-1	11	-1
11	636	342	-7	2668	3915	140	10	-1
12	22	683	13	3092	4372	244	-1	13	-1
13	166	667	-13	3139	3793	158	12	-1
14	855	982	19	3030	4319	179	-1	15	4	1	5	11	12
15	915	964	-19	2855	3655	249	14	-1
16	971	586	16	1528	2645	243	-1	17	-1
17	880	516	-16	4189	4934	209	16	-1
18	414	656	17	1896	2994	233	-1	19	-1
19	299	756	-17	2809	3521	171	18	-1
20	352	758	7	3469	4361	185	-1	21	8	0	5	6	7	8	9	13	14
21	631	792	-7	3053	4351	238	20	-1
22	655	119	7	2987	3941	227	-1	23	7	1	6	9	10	11	13	14
23	788	214	-7	2553	3614	180	22	-1
24	261	854	16	1192	2621	219	-1	25	6	3	4	6	8	10	13
25	299	877	-16	1822	2485	248	24	-1
26	469	733	6	2178	3004	168	-1	27	-1
27	259	577	-6	4047	4855	133	26	-1
28	736	64	8	2603	3447	203	-1	29	-1
29	664	46	-8	3387	4459	213	28	-1
30	197	529	8	170	1214	117	-1	31	6	2	6	9	10	11	14
31	432	451	-8	2298	3049	115	30	-1
32	572	398	17	1043	1807	204	-1	33	4	1	4	8	13
33	429	532	-17	1846	3054	226	32	-1
34	988	547	14	174	723	126	-1	35	-1
35	834	660	-14	2638	3615	168	34	-1
36	986	526	8	343	894	194	-1	37	5	2	8	9	10	13
37	855	645	-8	2497	3640	127	36	-1
38	292	318	16	127	1574	177	-1	39	5	6	8	9	10	12
39	224	569	-16	1365	2862	205	38	-1
40	325	634	9	2507	3795	230	-1	41	8	0	1	2	3	4	5	7	14
41	226	393	-9	2599	3556	172	40	-1
42	89	367	8	1114	2290	197	-1	43	5	5	8	9	11	12
43	166	613	-8	3736	4890	166	42	-1
44	577	590	9	3033	3859	105	-1	45	7	4	5	7	10	11	12	14
45	492	666	-9	2887	3860	240	44	-1
46	50	104	17	1296	2499	150	-1	47	7	2	4	7	8	10	11	13
47	84	312	-17	2696	3371	151	46	-1
48	309	359	12	2480	3843	168	-1	49	-1
49	436	459	-12	1724	2994	114	48	-1
50	494	913	11	46	711	160	-1	51	7	4	5	6	8	9	11	13
51	753	942	-11	2169	3205	119	50	-1
52	945	165	11	573	1775	148	-1	53	5	2	3	5	11	14
53	764	200	-11	1724	2914	115	52	-1
54	566	324	18	1587	2282	202	-1	55	6	4	7	8	10	11	13
55	659	426	-18	3555	4967	146	54	-1
56	313	947	7	2770	4055	204	-1	57	-1
57	490	759	-7	4147	4787	210	56	-1
58	66	378	9	1959	3282	156	-1	59	4	3	5	6	9
59	246	428	-9	2635	3210	245	58	-1
60	110	776	6	1460	2908	106	-1	61	5	1	5	8	9	11
61	238	567	-6	1754	2452	122	60	-1
62	329	150	20	1279	2577	197	-1	63	-1
63	569	241	-20	3447	4625	147	62	-1
64	761	780	20	982	2288	229	-1	65	6	1	6	7	8	9	13
65	747	854	-20	3863	4802	234	64	-1
66	1	936	9	2317	2954	103	-1	67	5	0	4	6	9	12
67	260	942	-9	2711	3468	246	66	-1
68	746	431	7	2578	3513	192	-1	69	-1
69	652	312	-7	3482	4896	175	68	-1
70	233	241	14	796	1918	202	-1	71	6	1	3	4	5	7	8
71	93	5	-14	3067	3762	186	70	-1
72	303	187	10	3459	4284	245	-1	73	-1
73	263	59	-10	3543	4066	172	72	-1
74	788	974	16	265	1585	173	-1	75	-1
75	779	721	-16	3468	4155	183	74	-1
76	769	136	12	2042	3068	240	-1	77	-1
77	963	29	-12	3298	4696	241	76	-1
78	514	70	19	1493	2423	148	-1	79	-1
79	767	77	-19	4093	4940	224	78	-1
80	786	601	12	1019	2416	242	-1	81	-1
81	890	701	-12	1788	2428	190	80	-1
82	871	316	13	3026	3804	237	-1	83	7	0	2	7	10	11	12	13
83	904	515	-13	3517	4978	209	82	-1
84	538	195	17	832	1757	212	-1	85	-1
85	516	241	-17	2385	3206	160	84	-1
86	515	901	8	218	1309	213	-1	87	-1
87	529	644	-8	4030	4927	187	86	-1
88	948	170	16	3826	4701	232	-1	89	-1
89	740	63	-16	4440	4941	125	88	-1
90	126	213	7	1647	2938	223	-1	91	7	0	1	3	7	8	12	13
91	378	327	-7	3022	3870	118	90	-1
92	458	699	15	157	979	161	-1	93	-1
93	692	834	-15	3433	4856	124	92	-1
94	922	384	13	2581	3132	187	-1	95	8	1	4	5	6	7	8	12	13
95	904	551	-13	2848	3932	140	94	-1
96	177	120	17	3188	4090	221	-1	97	-1
97	98	12	-17	3160	3913	112	96	-1
98	106	373	11	763	1264	233	-1	99	-1
99	247	145	-11	1805	2716	171	98	-1
0	235	279	401	640	50	0	5000
1	117	149	430	199	50	0	5000
2	957	255	760	176	50	0	5000
3	769	778	601	792	50	0	5000
4	726	872	944	880	50	0	5000
5	786	482	750	372	50	0	5000
6	231	735	347	541	50	0	5000
7	756	596	865	859	50	0	5000
8	149	264	267	299	50	0	5000
9	165	694	446	924	50	0	5000
10	877	510	864	329	50	0	5000
11	994	574	757	783	50	0	5000
12	969	444	758	696	50	0	5000
13	206	842	173	525	50	0	5000
14	212	724	67	909	50	0	5000
