500	150	1	1	100000
0	385	44	7	3524	4761	121	-1	1	-1
1	269	293	-7	3019	4118	184	0	-1
2	923	545	14	270	1327	123	-1	3	-1
3	815	382	-14	2992	3865	107	2	-1
4	86	516	9	63	772	248	-1	5	-1
5	53	550	-9	2433	3549	150	4	-1
6	489	567	17	121	1299	164	-1	7	-1
7	597	824	-17	3689	4508	243	6	-1
8	747	847	13	2302	3437	148	-1	9	-1
9	958	814	-13	2015	2855	137	8	-1
10	574	800	11	1828	3257	210	-1	11	-1
11	516	651	-11	2908	4307	173	10	-1
12	645	487	14	2464	3028	208	-1	13	-1
13	612	700	-14	3609	4614	217	12	-1
14	399	661	7	1661	2456	224	-1	15	-1
15	235	777	-7	2127	3189	120	14	-1
16	894	923	19	2245	3355	203	-1	17	-1
17	654	920	-19	1669	3057	142	16	-1
18	677	379	18	1884	3277	171	-1	19	-1
19	432	507	-18	3763	4831	127	18	-1
20	849	389	6	404	1270	218	-1	21	-1
21	692	499	-6	3481	4564	132	20	-1
22	899	38	17	1936	3203	221	-1	23	-1
23	757	258	-17	1541	2708	229	22	-1
24	655	970	11	908	2402	202	-1	25	-1
25	490	879	-11	2861	4313	229	24	-1
26	875	471	20	1959	2545	103	-1	27	-1
27	747	311	-20	4159	4995	148	26	-1
28	991	876	8	2299	3227	170	-1	29	-1
29	926	779	-8	2445	3827	232	28	-1
30	839	367	20	2288	3530	101	-1	31	-1
31	835	295	-20	3075	4394	143	30	-1
32	699	612	13	2162	3211	176	-1	33	-1
33	480	572	-13	3421	4097	188	32	-1
34	80	966	13	2321	3805	226	-1	35	-1
35	268	959	-13	3284	4149	179	34	-1
36	871	445	13	2292	3588	171	-1	37	-1
37	800	681	-13	2314	3088	215	36	-1
38	92	349	16	118	953	220	-1	39	-1
39	91	223	-16	2590	3456	130	38	-1
40	912	849	6	1975	2660	166	-1	41	-1
41	907	632	-6	2390	3127	177	40	-1
42	172	641	19	1650	2950	220	-1	43	-1
43	340	531	-19	4077	4699	137	42	-1
44	301	757	7	2651	3418	218	-1	45	-1
45	64	711	-7	2035	3381	174	44	-1
46	939	676	19	263	1124	182	-1	47	-1
47	882	623	-19	1523	2922	131	46	-1
48	280	529	15	1543	2612	100	-1	49	-1
49	179	397	-15	2861	3972	150	48	-1
50	439	540	12	988	2181	111	-1	51	-1
51	494	804	-12	2827	3535	231	50	-1
52	270	6	20	1836	2853	248	-1	53	-1
53	334	275	-20	2631	3231	161	52	-1
54	201	318	7	2461	3670	212	-1	55	-1
55	240	403	-7	2917	4200	184	54	-1
56	336	83	14	3475	4194	226	-1	57	-1
57	602	176	-14	4103	4963	225	56	-1
58	793	834	11	169	1568	233	-1	59	-1
59	625	896	-11	1978	2808	189	58	-1
60	236	411	9	3509	4471	161	-1	61	-1
61	115	577	-9	3939	4640	199	60	-1
62	48	197	18	458	1841	192	-1	63	-1
63	129	331	-18	1811	2909	166	62	-1
64	173	589	16	1561	2328	213	-1	65	-1
65	170	776	-16	3771	4810	188	64	-1
66	668	398	12	1076	2355	141	-1	67	-1
67	879	412	-12	2865	3470	123	66	-1
68	433	917	18	1297	2614	225	-1	69	-1
69	211	823	-18	1757	3205	134	68	-1
70	783	648	6	695	1533	178	-1	71	-1
71	957	573	-6	1995	2854	244	70	-1
72	811	266	8	1385	2250	164	-1	73	-1
73	561	300	-8	2438	3830	231	72	-1
74	969	283	17	2945	3778	137	-1	75	-1
75	831	258	-17	3680	4678	249	74	-1
76	594	495	13	377	1562	230	-1	77	-1
77	767	533	-13	1455	2024	155	76	-1
78	611	417	12	2345	3218	140	-1	79	-1
79	744	244	-12	3642	4349	118	78	-1
80	946	832	16	3157	4049	129	-1	81	-1
81	815	933	-16	4012	4721	100	80	-1
82	83	771	19	1017	1814	173	-1	83	-1
83	89	732	-19	3069	4305	118	82	-1
84	378	263	15	2407	3542	180	-1	85	-1
85	373	9	-15	2454	3912	223	84	-1
86	549	884	6	1547	2911	120	-1	87	-1
87	319	723	-6	1338	2661	119	86	-1
88	635	242	14	2423	3054	179	-1	89	-1
89	537	268	-14	2231	2907	200	88	-1
90	655	692	19	1745	3013	182	-1	91	-1
91	708	479	-19	1666	2600	140	90	-1
92	993	608	16	1140	2435	140	-1	93	-1
93	787	632	-16	783	2027	238	92	-1
94	974	11	16	2132	3307	238	-1	95	-1
95	945	4	-16	3181	4417	195	94	-1
96	941	936	16	1199	1963	176	-1	97	-1
97	859	942	-16	4112	4666	163	96	-1
98	760	107	18	2182	3681	128	-1	99	-1
99	878	219	-18	1910	3140	158	98	-1
100	427	878	15	1219	1866	247	-1	101	-1
101	538	1000	-15	3564	4223	150	100	-1
102	450	343	11	2736	3802	178	-1	103	-1
103	550	429	-11	2176	3603	215	102	-1
104	467	25	18	1077	2497	164	-1	105	-1
105	680	153	-18	3725	4559	221	104	-1
106	351	158	19	314	1519	128	-1	107	-1
107	289	52	-19	1637	2515	132	106	-1
108	254	89	11	466	1051	130	-1	109	-1
109	326	16	-11	2704	4187	149	108	-1
110	797	291	9	3492	4854	171	-1	111	-1
111	724	71	-9	3365	4438	116	110	-1
112	861	380	7	512	1274	224	-1	113	-1
113	710	585	-7	3278	4752	182	112	-1
114	694	840	19	631	1344	182	-1	115	-1
115	644	805	-19	777	2053	231	114	-1
116	478	335	10	1674	2571	135	-1	117	-1
117	457	204	-10	1604	2720	110	116	-1
118	824	721	14	722	1390	160	-1	119	-1
119	819	449	-14	358	1433	152	118	-1
120	369	379	19	1761	3168	108	-1	121	-1
121	410	635	-19	3866	4682	245	120	-1
122	337	624	18	1616	2684	106	-1	123	-1
123	262	883	-18	1882	2575	115	122	-1
124	482	659	15	2066	3021	124	-1	125	-1
125	548	858	-15	1818	3027	138	124	-1
126	649	855	14	1673	2682	173	-1	127	-1
127	907	916	-14	3396	4426	108	126	-1
128	71	393	6	1862	3326	224	-1	129	-1
129	209	186	-6	2071	2865	136	128	-1
130	977	660	16	646	1582	178	-1	131	-1
131	975	915	-16	1877	3321	120	130	-1
132	34	306	10	117	1179	162	-1	133	-1
133	54	500	-10	2482	3443	164	132	-1
134	576	879	17	2283	3776	113	-1	135	-1
135	581	617	-17	3006	4371	173	134	-1
136	359	147	16	669	1846	199	-1	137	-1
137	437	401	-16	684	1759	238	136	-1
138	407	64	10	1872	2923	239	-1	139	-1
139	266	160	-10	4000	4971	226	138	-1
140	760	745	19	1685	2261	128	-1	141	-1
141	733	722	-19	2358	3454	152	140	-1
142	925	798	18	893	1967	134	-1	143	-1
143	839	801	-18	1338	2799	144	142	-1
144	399	176	8	614	1398	244	-1	145	-1
145	570	153	-8	2925	3776	248	144	-1
146	66	176	13	1221	1746	216	-1	147	-1
147	144	203	-13	2439	2969	227	146	-1
148	121	869	15	459	1905	215	-1	149	-1
149	148	986	-15	2612	3651	140	148	-1
150	732	203	9	1449	2558	191	-1	151	-1
151	574	79	-9	3596	4661	189	150	-1
152	18	208	5	2463	3329	177	-1	153	-1
153	73	436	-5	2090	3110	197	152	-1
154	545	364	11	40	567	142	-1	155	-1
155	597	365	-11	2886	3911	216	154	-1
156	554	900	9	549	1521	181	-1	157	-1
157	444	721	-9	3042	3801	144	156	-1
158	239	478	18	2488	3393	168	-1	159	-1
159	119	418	-18	3926	4673	103	158	-1
160	361	998	11	3380	4426	147	-1	161	-1
161	494	998	-11	2945	3979	208	160	-1
162	25	455	18	1144	2308	188	-1	163	-1
163	30	322	-18	3798	4591	192	162	-1
164	140	539	16	843	1967	102	-1	165	-1
165	58	349	-16	1971	3184	108	164	-1
166	946	935	6	723	2065	248	-1	167	-1
167	941	884	-6	3077	3589	154	166	-1
168	594	691	6	3463	4933	101	-1	169	-1
169	650	634	-6	2543	3752	105	168	-1
170	448	981	6	808	1415	185	-1	171	-1
171	391	977	-6	3035	3687	148	170	-1
172	255	819	10	1797	3049	149	-1	173	-1
173	339	700	-10	3574	4215	103	172	-1
174	59	224	17	1035	2375	219	-1	175	-1
175	12	58	-17	3531	4261	174	174	-1
176	155	591	15	1372	1990	169	-1	177	-1
177	426	620	-15	2493	3543	111	176	-1
178	622	592	20	3498	4956	190	-1	179	-1
179	574	458	-20	3908	4985	233	178	-1
180	286	169	9	555	2014	172	-1	181	-1
181	27	112	-9	468	1634	127	180	-1
182	278	458	16	964	1652	202	-1	183	-1
183	79	378	-16	2697	3241	194	182	-1
184	601	50	14	819	1840	233	-1	185	-1
185	819	43	-14	2820	4019	128	184	-1
186	366	531	20	2701	3510	144	-1	187	-1
187	269	700	-20	4358	4912	151	186	-1
188	328	844	9	1312	2406	197	-1	189	-1
189	534	817	-9	2923	3955	164	188	-1
190	275	43	16	329	1819	184	-1	191	-1
191	322	277	-16	1962	2900	246	190	-1
192	679	740	10	2944	3503	174	-1	193	-1
193	937	705	-10	3058	4525	127	192	-1
194	350	383	8	1241	2012	152	-1	195	-1
195	296	323	-8	3413	4040	181	194	-1
196	233	398	16	1108	1659	201	-1	197	-1
197	206	588	-16	352	1754	194	196	-1
198	385	810	17	192	1105	151	-1	199	-1
199	421	829	-17	1377	2193	126	198	-1
200	197	854	6	2438	2962	126	-1	201	-1
201	150	768	-6	3761	4622	221	200	-1
202	34	749	11	2582	3621	166	-1	203	-1
203	78	488	-11	2703	3883	131	202	-1
204	621	810	18	1558	2514	216	-1	205	-1
205	609	806	-18	2192	3310	146	204	-1
206	701	320	18	3291	4023	124	-1	207	-1
207	861	140	-18	3923	4980	190	206	-1
208	402	410	17	2560	4054	145	-1	209	-1
209	530	491	-17	2368	3441	120	208	-1
210	597	969	12	495	1532	102	-1	211	-1
211	475	730	-12	1634	2567	229	210	-1
212	95	566	6	1541	2503	115	-1	213	-1
213	304	574	-6	2639	3647	176	212	-1
214	700	702	14	2220	3468	197	-1	215	-1
215	776	767	-14	3706	4222	136	214	-1
216	174	513	9	2570	3205	178	-1	217	-1
217	23	545	-9	3641	4838	247	216	-1
218	565	466	17	92	902	230	-1	219	-1
219	696	714	-17	2325	2843	136	218	-1
220	65	814	7	47	887	114	-1	221	-1
221	185	982	-7	3250	3790	244	220	-1
222	791	648	9	1621	2927	145	-1	223	-1
223	522	687	-9	3337	4482	230	222	-1
224	173	536	17	850	2049	238	-1	225	-1
225	4	400	-17	2015	2741	165	224	-1
226	464	468	8	2387	3315	168	-1	227	-1
227	285	285	-8	2324	3423	113	226	-1
228	7	285	6	1443	2808	171	-1	229	-1
229	34	177	-6	2944	3791	233	228	-1
230	599	131	8	2680	4001	182	-1	231	-1
231	839	172	-8	3701	4761	106	230	-1
232	979	956	19	667	1976	249	-1	233	-1
233	882	980	-19	1164	1796	143	232	-1
234	323	140	14	2128	3477	106	-1	235	-1
235	553	143	-14	2561	3950	239	234	-1
236	703	186	14	841	1891	187	-1	237	-1
237	781	12	-14	3116	4521	233	236	-1
238	8	419	15	270	1517	153	-1	239	-1
239	47	650	-15	3174	4348	208	238	-1
240	639	64	20	1855	2474	204	-1	241	-1
241	506	153	-20	2544	3428	167	240	-1
242	530	249	7	1862	2598	209	-1	243	-1
243	796	211	-7	2536	3441	122	242	-1
244	148	423	18	2500	3231	201	-1	245	-1
245	80	596	-18	2993	3569	223	244	-1
246	584	942	12	732	2005	222	-1	247	-1
247	794	976	-12	1922	2955	102	246	-1
248	455	353	5	2233	3255	218	-1	249	-1
249	481	446	-5	3960	4689	183	248	-1
250	951	473	15	1373	2460	207	-1	251	-1
251	892	697	-15	1182	2189	243	250	-1
252	383	389	18	2584	3447	125	-1	253	-1
253	451	602	-18	2563	3376	182	252	-1
254	362	72	14	54	789	118	-1	255	-1
255	309	62	-14	667	2081	210	254	-1
256	883	674	7	472	1605	177	-1	257	-1
257	971	683	-7	3132	4471	197	256	-1
258	601	722	7	819	1768	173	-1	259	-1
259	726	760	-7	2151	3581	228	258	-1
260	928	161	10	357	928	159	-1	261	-1
261	862	192	-10	2603	3882	238	260	-1
262	103	132	11	1842	2666	243	-1	263	-1
263	114	99	-11	1992	2981	168	262	-1
264	766	578	19	2898	3814	102	-1	265	-1
265	845	589	-19	2929	3636	235	264	-1
266	908	352	20	1437	1970	144	-1	267	-1
267	800	289	-20	2528	3710	173	266	-1
268	912	315	12	1764	2688	155	-1	269	-1
269	952	395	-12	2332	3019	109	268	-1
270	458	472	14	2465	3839	175	-1	271	-1
271	604	277	-14	2887	3765	247	270	-1
272	556	952	17	150	877	119	-1	273	-1
273	609	867	-17	3086	3644	120	272	-1
274	54	955	18	541	1148	179	-1	275	-1
275	135	756	-18	1998	2981	229	274	-1
276	307	410	9	234	1615	144	-1	277	-1
277	553	408	-9	3242	4696	133	276	-1
278	837	90	9	2952	4440	145	-1	279	-1
279	961	134	-9	2738	4222	204	278	-1
280	641	911	19	370	1040	192	-1	281	-1
281	662	894	-19	4016	4997	113	280	-1
282	925	722	16	141	979	103	-1	283	-1
283	886	872	-16	3883	4787	126	282	-1
284	675	462	8	1800	2506	100	-1	285	-1
285	681	466	-8	2181	2908	142	284	-1
286	200	459	6	3356	4682	163	-1	287	-1
287	216	702	-6	3607	4759	173	286	-1
288	759	908	9	1233	1956	101	-1	289	-1
289	733	920	-9	2596	3187	243	288	-1
290	782	46	7	364	928	135	-1	291	-1
291	734	35	-7	3725	4897	128	290	-1
292	861	295	16	2089	3437	152	-1	293	-1
293	839	229	-16	2736	4015	136	292	-1
294	171	797	17	61	588	190	-1	295	-1
295	108	751	-17	3243	4404	124	294	-1
296	542	131	13	552	2033	249	-1	297	-1
297	449	224	-13	493	1976	193	296	-1
298	583	164	9	2803	4294	180	-1	299	-1
299	442	64	-9	2225	3641	204	298	-1
300	441	803	5	433	1475	224	-1	301	-1
301	396	914	-5	477	1655	214	300	-1
302	736	789	17	584	1168	187	-1	303	-1
303	517	913	-17	261	1671	141	302	-1
304	291	189	10	1115	2528	209	-1	305	-1
305	226	33	-10	2152	3002	189	304	-1
306	95	0	6	1214	2335	220	-1	307	-1
307	101	251	-6	1200	2026	140	306	-1
308	561	354	9	1380	2599	125	-1	309	-1
309	586	605	-9	2724	3975	223	308	-1
310	862	750	5	3148	4122	197	-1	311	-1
311	665	566	-5	3407	4270	195	310	-1
312	654	405	8	3218	4585	239	-1	313	-1
313	907	291	-8	3251	4680	249	312	-1
314	374	51	15	2062	3057	181	-1	315	-1
315	442	244	-15	3081	3659	113	314	-1
316	695	21	10	852	2059	177	-1	317	-1
317	653	40	-10	2990	4272	145	316	-1
318	416	883	5	506	1033	159	-1	319	-1
319	290	633	-5	952	1744	244	318	-1
320	605	197	6	1555	2211	223	-1	321	-1
321	504	108	-6	2833	3832	216	320	-1
322	564	103	14	19	755	181	-1	323	-1
323	380	14	-14	2025	2959	204	322	-1
324	757	22	5	1985	2875	172	-1	325	-1
325	953	151	-5	1518	2901	116	324	-1
326	19	102	17	2231	2736	227	-1	327	-1
327	93	136	-17	3758	4910	233	326	-1
328	92	950	9	1477	2764	101	-1	329	-1
329	263	901	-9	1161	2044	195	328	-1
330	571	74	19	1442	2720	232	-1	331	-1
331	586	105	-19	2185	3198	197	330	-1
332	548	899	8	983	2271	190	-1	333	-1
333	562	774	-8	2033	3349	128	332	-1
334	86	58	13	2921	4335	118	-1	335	-1
335	11	175	-13	3691	4515	166	334	-1
336	702	919	18	2119	3479	169	-1	337	-1
337	546	828	-18	3805	4752	146	336	-1
338	789	993	14	2981	4110	227	-1	339	-1
339	900	996	-14	2712	3450	111	338	-1
340	789	138	20	249	1122	125	-1	341	-1
341	863	368	-20	1829	2933	172	340	-1
342	352	154	10	865	1894	213	-1	343	-1
343	361	286	-10	654	1904	219	342	-1
344	771	286	19	3398	4066	151	-1	345	-1
345	754	338	-19	3283	4036	192	344	-1
346	156	355	10	3350	4061	146	-1	347	-1
347	131	125	-10	3588	4766	158	346	-1
348	473	127	18	1999	2585	226	-1	349	-1
349	537	117	-18	3518	4461	222	348	-1
350	82	216	7	2214	3139	230	-1	351	-1
351	129	396	-7	3575	4735	109	350	-1
352	252	950	8	2883	4274	186	-1	353	-1
353	463	764	-8	4229	4801	156	352	-1
354	558	217	11	3518	4736	163	-1	355	-1
355	613	452	-11	2695	4116	140	354	-1
356	277	531	8	1174	2354	137	-1	357	-1
357	304	417	-8	1499	2252	151	356	-1
358	151	585	7	2283	3043	100	-1	359	-1
359	228	535	-7	2341	2868	150	358	-1
360	444	535	8	547	1201	232	-1	361	-1
361	286	502	-8	3069	4123	158	360	-1
362	770	944	13	331	1287	106	-1	363	-1
363	745	873	-13	2446	3190	173	362	-1
364	679	6	13	1906	2731	197	-1	365	-1
365	554	144	-13	1613	3074	133	364	-1
366	259	258	18	1124	1975	145	-1	367	-1
367	200	434	-18	634	2007	110	366	-1
368	397	578	15	1618	2266	178	-1	369	-1
369	355	446	-15	1639	2206	140	368	-1
370	818	699	18	2686	3218	217	-1	371	-1
371	761	690	-18	3780	4648	105	370	-1
372	535	565	10	3322	4001	140	-1	373	-1
373	345	600	-10	3030	4287	136	372	-1
374	377	33	8	3192	4638	154	-1	375	-1
375	360	28	-8	3347	4412	236	374	-1
376	934	568	12	1508	2445	219	-1	377	-1
377	971	587	-12	4093	4672	179	376	-1
378	774	663	15	1322	1908	187	-1	379	-1
379	739	497	-15	2115	2881	119	378	-1
380	991	618	9	2462	2999	215	-1	381	-1
381	924	395	-9	2358	3299	220	380	-1
382	83	14	16	892	1403	206	-1	383	-1
383	47	182	-16	1444	2136	217	382	-1
384	620	928	10	3286	3831	136	-1	385	-1
385	674	955	-10	3129	3774	242	384	-1
386	237	791	16	163	1200	182	-1	387	-1
387	321	562	-16	4287	4839	127	386	-1
388	449	919	16	620	1653	215	-1	389	-1
389	374	700	-16	3605	4846	158	388	-1
390	463	581	14	1921	2741	189	-1	391	-1
391	282	392	-14	2195	3372	189	390	-1
392	972	229	19	1909	2658	209	-1	393	-1
393	849	322	-19	2886	3447	141	392	-1
394	327	813	14	2519	3838	132	-1	395	-1
395	598	829	-14	3486	4565	248	394	-1
396	205	307	15	3842	4356	138	-1	397	-1
397	93	532	-15	3157	4627	239	396	-1
398	640	860	11	1294	2617	126	-1	399	-1
399	381	859	-11	2358	3273	190	398	-1
400	826	242	19	52	868	215	-1	401	-1
401	959	275	-19	3671	4630	128	400	-1
402	240	6	15	1866	2789	111	-1	403	-1
403	265	175	-15	2486	3095	106	402	-1
404	862	248	19	316	1597	184	-1	405	-1
405	595	314	-19	3991	4740	227	404	-1
406	171	108	7	223	836	168	-1	407	-1
407	428	34	-7	380	1591	159	406	-1
408	508	245	12	1454	2668	222	-1	409	-1
409	424	156	-12	1157	2376	199	408	-1
410	133	830	19	1320	2006	179	-1	411	-1
411	231	591	-19	1637	3110	186	410	-1
412	689	28	14	2647	3531	140	-1	413	-1
413	620	50	-14	2821	4122	206	412	-1
414	344	652	13	1310	1927	246	-1	415	-1
415	160	500	-13	2602	3242	198	414	-1
416	160	197	8	614	1869	202	-1	417	-1
417	121	459	-8	2041	3187	229	416	-1
418	177	104	8	2571	3541	131	-1	419	-1
419	372	107	-8	3330	4692	172	418	-1
420	964	384	8	2204	2788	161	-1	421	-1
421	797	552	-8	2250	3261	224	420	-1
422	260	260	13	37	772	100	-1	423	-1
423	339	338	-13	983	2339	223	422	-1
424	526	126	18	661	1279	128	-1	425	-1
425	547	173	-18	952	1765	233	424	-1
426	734	307	8	1621	2530	183	-1	427	-1
427	807	48	-8	3584	4580	147	426	-1
428	926	205	8	798	1951	151	-1	429	-1
429	926	291	-8	1015	2438	125	428	-1
430	477	761	17	2347	3738	101	-1	431	-1
431	374	998	-17	1919	3364	141	430	-1
432	522	426	11	2357	3754	181	-1	433	-1
433	585	290	-11	2319	3352	168	432	-1
434	698	705	19	1326	2348	206	-1	435	-1
435	538	800	-19	2086	3025	131	434	-1
436	255	530	15	639	1991	186	-1	437	-1
437	85	655	-15	1275	2529	221	436	-1
438	218	805	18	2360	3824	123	-1	439	-1
439	320	801	-18	2383	3678	120	438	-1
440	50	955	7	1174	2235	192	-1	441	-1
441	183	812	-7	3351	4294	221	440	-1
442	66	166	17	985	2013	112	-1	443	-1
443	136	434	-17	2875	3762	209	442	-1
444	727	851	11	59	1558	241	-1	445	-1
445	807	861	-11	1007	1723	133	444	-1
446	722	886	6	1754	2597	176	-1	447	-1
447	655	661	-6	3704	4205	150	446	-1
448	314	307	17	765	1774	188	-1	449	-1
449	523	395	-17	1695	3188	139	448	-1
450	644	195	15	1712	2598	178	-1	451	-1
451	744	268	-15	2051	3354	231	450	-1
452	947	518	11	337	887	107	-1	453	-1
453	713	581	-11	721	1478	143	452	-1
454	108	285	20	2639	3396	146	-1	455	-1
455	108	279	-20	3376	4139	102	454	-1
456	850	293	14	1599	2219	201	-1	457	-1
457	766	407	-14	4090	4706	140	456	-1
458	243	478	10	2525	3260	214	-1	459	-1
459	62	510	-10	2075	3205	154	458	-1
460	298	714	15	1511	2342	219	-1	461	-1
461	299	523	-15	3593	4466	118	460	-1
462	350	551	14	2261	2937	230	-1	463	-1
463	322	470	-14	3180	4287	194	462	-1
464	382	123	13	1968	3401	156	-1	465	-1
465	481	233	-13	2754	3778	213	464	-1
466	260	363	8	1841	2799	166	-1	467	-1
467	256	483	-8	2796	3537	188	466	-1
468	868	978	14	1666	2853	156	-1	469	-1
469	772	854	-14	1536	2319	241	468	-1
470	389	722	17	903	1869	153	-1	471	-1
471	480	595	-17	2524	3959	177	470	-1
472	773	510	15	1041	2022	122	-1	473	-1
473	955	446	-15	1724	2493	214	472	-1
474	438	293	15	1828	2371	249	-1	475	-1
475	701	337	-15	2694	3370	211	474	-1
476	444	824	9	1717	2589	155	-1	477	-1
477	276	957	-9	2628	3966	110	476	-1
478	825	133	14	383	1436	106	-1	479	-1
479	696	9	-14	2183	2955	207	478	-1
480	417	28	10	425	1567	171	-1	481	-1
481	667	91	-10	3128	4567	222	480	-1
482	216	585	6	2661	3695	213	-1	483	-1
483	349	765	-6	3963	4564	140	482	-1
484	463	713	16	1410	2285	119	-1	485	-1
485	345	894	-16	3071	4102	108	484	-1
486	1	182	5	399	1267	164	-1	487	-1
487	201	365	-5	944	1560	118	486	-1
488	905	657	9	1861	3231	218	-1	489	-1
489	730	688	-9	2026	3136	149	488	-1
490	216	915	19	1221	2369	150	-1	491	-1
491	461	938	-19	3206	4032	138	490	-1
492	127	962	11	1969	2887	146	-1	493	-1
493	317	951	-11	2052	3277	247	492	-1
494	213	417	15	2843	3592	242	-1	495	-1
495	103	200	-15	2316	3801	146	494	-1
496	875	816	20	2240	2782	148	-1	497	-1
497	671	777	-20	1639	3137	140	496	-1
498	171	939	10	3053	3770	221	-1	499	-1
499	283	925	-10	3021	4278	155	498	-1
500	845	770	9	657	1441	235	-1	501	-1
501	622	892	-9	2026	2798	118	500	-1
502	310	105	18	690	2013	183	-1	503	-1
503	316	220	-18	321	1740	237	502	-1
504	196	514	11	541	1265	152	-1	505	-1
505	90	497	-11	3148	3831	106	504	-1
506	175	556	15	9	1188	244	-1	507	-1
507	151	454	-15	69	1104	231	506	-1
508	40	389	9	2000	3364	222	-1	509	-1
509	62	480	-9	2326	3777	192	508	-1
510	764	650	17	40	904	165	-1	511	-1
511	887	483	-17	688	1730	171	510	-1
512	140	117	10	125	1017	184	-1	513	-1
513	28	229	-10	299	903	192	512	-1
514	807	103	18	1898	3308	215	-1	515	-1
515	711	179	-18	3215	4569	222	514	-1
516	218	530	12	979	2465	157	-1	517	-1
517	492	592	-12	734	2226	218	516	-1
518	997	300	14	2171	3020	124	-1	519	-1
519	950	218	-14	4161	4876	152	518	-1
520	407	822	9	3158	4255	218	-1	521	-1
521	274	838	-9	3392	4057	138	520	-1
522	422	453	8	116	1312	129	-1	523	-1
523	511	274	-8	471	1948	189	522	-1
524	6	403	12	300	1641	196	-1	525	-1
525	35	151	-12	3047	3603	243	524	-1
526	394	73	16	3190	4223	168	-1	527	-1
527	478	319	-16	3447	4546	207	526	-1
528	548	332	12	102	1457	224	-1	529	-1
529	447	320	-12	1464	2412	102	528	-1
530	981	652	6	2958	4221	189	-1	531	-1
531	732	610	-6	3229	4119	237	530	-1
532	818	997	7	1237	2466	167	-1	533	-1
533	742	904	-7	3926	4918	118	532	-1
534	864	300	10	547	1523	243	-1	535	-1
535	629	328	-10	2513	3052	202	534	-1
536	253	594	6	1579	2229	215	-1	537	-1
537	130	441	-6	2034	3116	111	536	-1
538	818	536	16	837	1561	133	-1	539	-1
539	978	574	-16	1845	2793	107	538	-1
540	798	103	11	1908	3000	166	-1	541	-1
541	888	360	-11	2605	3613	197	540	-1
542	707	846	8	463	1200	214	-1	543	-1
543	810	655	-8	3652	4967	248	542	-1
544	868	353	8	1369	2343	127	-1	545	-1
545	646	425	-8	1310	2634	130	544	-1
546	320	325	18	157	1096	211	-1	547	-1
547	568	437	-18	578	1440	242	546	-1
548	920	892	6	2402	3776	247	-1	549	-1
549	975	922	-6	2931	4289	157	548	-1
550	910	96	8	3008	3587	108	-1	551	-1
551	908	318	-8	2853	4137	232	550	-1
552	480	932	17	1365	2231	217	-1	553	-1
553	688	990	-17	733	2173	134	552	-1
554	488	117	16	2710	3934	225	-1	555	-1
555	425	47	-16	2529	3916	131	554	-1
556	692	713	15	900	1402	174	-1	557	-1
557	652	832	-15	3596	4334	134	556	-1
558	420	739	7	3268	3852	112	-1	559	-1
559	292	728	-7	2485	3861	222	558	-1
560	587	803	17	1575	2577	175	-1	561	-1
561	594	949	-17	1923	3123	190	560	-1
562	780	449	7	2035	3492	115	-1	563	-1
563	631	341	-7	1227	2648	189	562	-1
564	896	165	13	2047	2924	181	-1	565	-1
565	783	248	-13	1675	3065	105	564	-1
566	310	219	18	2557	3511	128	-1	567	-1
567	213	62	-18	2106	3075	113	566	-1
568	454	572	9	1368	2601	138	-1	569	-1
569	482	464	-9	2533	3535	228	568	-1
570	925	303	6	858	1633	138	-1	571	-1
571	964	460	-6	2416	3890	138	570	-1
572	413	291	14	1856	2909	218	-1	573	-1
573	540	436	-14	3558	4251	194	572	-1
574	646	77	15	2913	3741	201	-1	575	-1
575	616	101	-15	3874	4901	112	574	-1
576	197	321	7	834	1377	214	-1	577	-1
577	218	166	-7	2154	3357	156	576	-1
578	503	553	6	2412	3429	172	-1	579	-1
579	602	662	-6	3781	4684	236	578	-1
580	374	794	12	169	1547	232	-1	581	-1
581	339	663	-12	1907	3349	155	580	-1
582	452	228	8	1943	3048	222	-1	583	-1
583	497	186	-8	1892	2645	173	582	-1
584	977	869	7	1376	2500	239	-1	585	-1
585	748	840	-7	1868	3168	188	584	-1
586	874	768	17	3023	4459	229	-1	587	-1
587	696	708	-17	4267	4776	115	586	-1
588	97	294	16	1349	2231	195	-1	589	-1
589	305	331	-16	2944	4174	214	588	-1
590	155	442	13	729	1603	241	-1	591	-1
591	247	690	-13	1613	2959	101	590	-1
592	794	99	6	65	1408	140	-1	593	-1
593	765	120	-6	1139	2050	234	592	-1
594	695	160	5	1059	1654	152	-1	595	-1
595	781	113	-5	2731	3735	101	594	-1
596	823	972	16	2530	3664	150	-1	597	-1
597	590	812	-16	3762	4670	172	596	-1
598	738	365	6	2089	2928	102	-1	599	-1
599	734	450	-6	2412	3579	180	598	-1
600	327	713	6	178	722	193	-1	601	-1
601	393	572	-6	3881	4749	153	600	-1
602	141	850	19	2340	3804	166	-1	603	-1
603	128	857	-19	2642	4106	188	602	-1
604	292	385	14	3575	4685	216	-1	605	-1
605	179	384	-14	4259	4778	230	604	-1
606	768	787	11	527	1092	176	-1	607	-1
607	558	664	-11	1471	2671	183	606	-1
608	260	562	13	2702	3446	247	-1	609	-1
609	334	711	-13	1893	3359	214	608	-1
610	454	772	17	1232	2550	136	-1	611	-1
611	312	663	-17	677	1855	165	610	-1
612	890	170	13	2361	3820	131	-1	613	-1
613	916	48	-13	1720	3199	124	612	-1
614	376	396	10	226	1182	233	-1	615	-1
615	480	157	-10	3096	4466	240	614	-1
616	307	771	8	6	831	192	-1	617	-1
617	477	830	-8	4171	4744	242	616	-1
618	689	678	6	1731	2987	136	-1	619	-1
619	700	808	-6	2733	3319	120	618	-1
620	706	526	14	468	1847	113	-1	621	-1
621	698	263	-14	852	2116	122	620	-1
622	413	932	18	281	1677	222	-1	623	-1
623	432	900	-18	1318	2542	131	622	-1
624	155	959	6	1021	1604	156	-1	625	-1
625	29	768	-6	525	1690	208	624	-1
626	740	130	14	943	2115	162	-1	627	-1
627	999	19	-14	997	2426	213	626	-1
628	53	430	15	922	2061	129	-1	629	-1
629	216	336	-15	582	1927	163	628	-1
630	955	257	19	148	1386	181	-1	631	-1
631	963	475	-19	2608	3752	238	630	-1
632	3	626	8	2485	3191	144	-1	633	-1
633	102	668	-8	2246	3035	101	632	-1
634	188	162	12	2592	3279	132	-1	635	-1
635	39	157	-12	2928	3520	125	634	-1
636	829	534	9	1305	2768	213	-1	637	-1
637	641	647	-9	2914	4152	142	636	-1
638	560	485	16	2723	3844	248	-1	639	-1
639	788	560	-16	3768	4877	198	638	-1
640	199	552	10	968	1675	223	-1	641	-1
641	235	470	-10	413	1616	105	640	-1
642	87	258	14	2399	3253	184	-1	643	-1
643	191	377	-14	3132	3882	154	642	-1
644	264	464	5	2357	3835	214	-1	645	-1
645	161	694	-5	2762	3679	200	644	-1
646	388	861	10	883	1991	136	-1	647	-1
647	544	990	-10	1377	2213	129	646	-1
648	854	777	9	19	1160	183	-1	649	-1
649	621	664	-9	3543	4060	142	648	-1
650	343	172	16	3003	4089	141	-1	651	-1
651	157	220	-16	4082	4737	169	650	-1
652	405	310	18	1899	2723	197	-1	653	-1
653	476	442	-18	1707	2892	165	652	-1
654	243	441	11	559	2024	103	-1	655	-1
655	308	390	-11	3431	4376	103	654	-1
656	120	953	19	2482	3026	200	-1	657	-1
657	177	846	-19	3152	3728	117	656	-1
658	733	227	11	166	1556	235	-1	659	-1
659	640	129	-11	836	1886	219	658	-1
660	698	444	10	1199	2417	168	-1	661	-1
661	726	493	-10	1215	2548	188	660	-1
662	923	565	19	2398	3622	210	-1	663	-1
663	931	365	-19	3942	4599	166	662	-1
664	694	363	5	414	1589	231	-1	665	-1
665	829	462	-5	1948	2538	213	664	-1
666	369	43	8	2021	3434	226	-1	667	-1
667	294	30	-8	3627	4869	223	666	-1
668	518	285	14	1879	2529	199	-1	669	-1
669	622	150	-14	2090	3366	146	668	-1
670	576	937	5	3086	3699	129	-1	671	-1
671	501	976	-5	3025	3777	144	670	-1
672	61	820	7	1131	2482	118	-1	673	-1
673	215	952	-7	1685	2347	213	672	-1
674	54	830	10	1017	1964	171	-1	675	-1
675	198	967	-10	1969	3438	226	674	-1
676	405	264	17	290	1740	242	-1	677	-1
677	259	392	-17	3166	3941	175	676	-1
678	991	953	7	789	1796	169	-1	679	-1
679	825	750	-7	3023	3666	195	678	-1
680	30	299	7	729	1868	157	-1	681	-1
681	295	316	-7	3307	4162	172	680	-1
682	587	169	7	565	1356	238	-1	683	-1
683	570	299	-7	2780	3597	217	682	-1
684	501	769	13	2165	3200	223	-1	685	-1
685	706	640	-13	3420	4323	246	684	-1
686	757	461	19	1826	3064	212	-1	687	-1
687	962	390	-19	2220	3711	213	686	-1
688	304	621	19	1484	2441	112	-1	689	-1
689	447	543	-19	4203	4879	136	688	-1
690	819	920	10	1122	1663	159	-1	691	-1
691	961	849	-10	2522	3054	138	690	-1
692	772	644	19	1481	2227	160	-1	693	-1
693	838	422	-19	3768	4560	102	692	-1
694	465	397	16	542	1202	179	-1	695	-1
695	498	243	-16	1537	2610	238	694	-1
696	665	393	11	2383	2903	134	-1	697	-1
697	576	607	-11	1814	3120	121	696	-1
698	841	108	17	2611	3830	217	-1	699	-1
699	878	287	-17	2795	4171	147	698	-1
700	965	287	7	408	1318	157	-1	701	-1
701	758	461	-7	4030	4708	175	700	-1
702	509	292	11	2333	2951	178	-1	703	-1
703	408	363	-11	1915	2905	148	702	-1
704	584	685	16	2098	3407	173	-1	705	-1
705	545	957	-16	3156	3825	217	704	-1
706	499	990	11	58	1168	194	-1	707	-1
707	637	958	-11	199	1274	185	706	-1
708	326	792	10	816	2080	137	-1	709	-1
709	387	907	-10	2575	3588	195	708	-1
710	573	964	19	3509	4557	108	-1	711	-1
711	616	958	-19	3142	4111	141	710	-1
712	853	254	8	873	1951	238	-1	713	-1
713	843	33	-8	1195	2571	195	712	-1
714	100	297	18	1207	1768	183	-1	715	-1
715	238	512	-18	2020	2841	189	714	-1
716	237	609	12	1086	2393	186	-1	717	-1
717	328	825	-12	3562	4976	167	716	-1
718	136	685	8	19	599	219	-1	719	-1
719	166	819	-8	2339	2859	130	718	-1
720	374	632	13	2232	2821	112	-1	721	-1
721	358	725	-13	2855	4315	200	720	-1
722	430	852	14	1075	2538	159	-1	723	-1
723	360	998	-14	2462	2993	111	722	-1
724	940	658	7	2428	3559	174	-1	725	-1
725	732	825	-7	4207	4908	154	724	-1
726	437	474	6	422	1874	227	-1	727	-1
727	579	528	-6	3347	4182	222	726	-1
728	147	691	17	299	1501	154	-1	729	-1
729	66	740	-17	1372	2117	220	728	-1
730	68	98	5	2351	3217	210	-1	731	-1
731	111	22	-5	3124	4575	243	730	-1
732	672	661	18	412	1620	131	-1	733	-1
733	462	643	-18	2642	4126	123	732	-1
734	311	293	18	1681	2757	142	-1	735	-1
735	375	44	-18	1819	3185	214	734	-1
736	474	234	18	2509	3724	245	-1	737	-1
737	494	459	-18	3388	4582	134	736	-1
738	264	97	18	854	1990	169	-1	739	-1
739	153	132	-18	3313	4490	215	738	-1
740	75	842	18	1310	2102	248	-1	741	-1
741	227	878	-18	3355	4144	188	740	-1
742	521	806	10	101	1383	200	-1	743	-1
743	497	859	-10	1664	3131	161	742	-1
744	379	664	16	2484	3501	101	-1	745	-1
745	548	885	-16	2453	3931	127	744	-1
746	538	472	8	3326	4722	235	-1	747	-1
747	479	415	-8	3196	4490	240	746	-1
748	138	377	18	3601	4999	204	-1	749	-1
749	118	571	-18	3178	4578	248	748	-1
750	123	249	19	1785	2366	211	-1	751	-1
751	51	38	-19	2772	3936	244	750	-1
752	220	86	7	3323	3829	214	-1	753	-1
753	318	196	-7	4020	4749	188	752	-1
754	402	555	8	1149	1712	221	-1	755	-1
755	222	448	-8	1618	2573	243	754	-1
756	474	975	14	149	1469	178	-1	757	-1
757	270	872	-14	3782	4791	130	756	-1
758	964	156	7	643	1453	182	-1	759	-1
759	756	258	-7	3337	4196	120	758	-1
760	203	508	17	396	1326	191	-1	761	-1
761	147	594	-17	1391	1937	203	760	-1
762	853	911	14	3261	4551	153	-1	763	-1
763	933	958	-14	3258	4229	181	762	-1
764	947	339	14	3286	4750	133	-1	765	-1
765	971	214	-14	3503	4848	201	764	-1
766	590	350	19	968	1898	176	-1	767	-1
767	362	501	-19	3869	4841	231	766	-1
768	214	962	14	1667	2474	155	-1	769	-1
769	297	809	-14	1887	3105	236	768	-1
770	98	548	16	3190	4459	163	-1	771	-1
771	22	582	-16	2368	3862	137	770	-1
772	808	475	17	3786	4568	209	-1	773	-1
773	612	298	-17	3324	4501	195	772	-1
774	32	312	10	165	715	161	-1	775	-1
775	39	574	-10	1013	2193	146	774	-1
776	609	154	10	2429	3263	179	-1	777	-1
777	831	328	-10	3438	4505	210	776	-1
778	767	641	14	836	1558	242	-1	779	-1
779	686	735	-14	887	1532	169	778	-1
780	32	416	20	891	1863	230	-1	781	-1
781	100	636	-20	368	1687	136	780	-1
782	755	798	15	1360	2583	210	-1	783	-1
783	813	589	-15	3115	4531	198	782	-1
784	273	516	12	2436	3449	106	-1	785	-1
785	333	634	-12	3945	4573	126	784	-1
786	345	59	8	2653	3615	180	-1	787	-1
787	211	264	-8	3431	3935	149	786	-1
788	392	646	7	1550	2240	169	-1	789	-1
789	483	850	-7	2110	2860	244	788	-1
790	716	417	13	2024	3522	236	-1	791	-1
791	956	502	-13	3673	4867	245	790	-1
792	345	658	20	3125	4586	202	-1	793	-1
793	297	873	-20	3087	4193	100	792	-1
794	773	937	16	1813	3311	143	-1	795	-1
795	658	985	-16	3510	4270	126	794	-1
796	705	160	12	115	1074	163	-1	797	-1
797	649	136	-12	1878	3109	103	796	-1
798	342	995	6	806	1674	103	-1	799	-1
799	270	792	-6	2233	2921	146	798	-1
800	995	62	11	1801	2322	196	-1	801	-1
801	989	63	-11	2914	3953	207	800	-1
802	913	198	10	1111	2266	103	-1	803	-1
803	808	78	-10	2814	4277	247	802	-1
804	447	558	14	836	1657	107	-1	805	-1
805	575	487	-14	588	2002	185	804	-1
806	193	615	19	1268	1812	126	-1	807	-1
807	165	758	-19	1712	2657	249	806	-1
808	399	910	6	1745	2622	107	-1	809	-1
809	165	831	-6	2741	4060	173	808	-1
810	80	843	5	2436	3228	183	-1	811	-1
811	72	561	-5	2337	3122	132	810	-1
812	338	952	7	1423	2585	186	-1	813	-1
813	268	853	-7	1543	2122	169	812	-1
814	826	331	16	545	1166	119	-1	815	-1
815	570	442	-16	2099	3130	228	814	-1
816	218	925	18	1036	2133	206	-1	817	-1
817	431	926	-18	1487	2104	108	816	-1
818	327	298	14	2256	3634	143	-1	819	-1
819	549	314	-14	2787	3811	102	818	-1
820	917	814	10	555	1469	169	-1	821	-1
821	787	615	-10	3056	3759	204	820	-1
822	707	415	5	2765	3606	186	-1	823	-1
823	666	667	-5	3211	4283	167	822	-1
824	285	644	20	1555	2487	118	-1	825	-1
825	397	391	-20	2517	3858	222	824	-1
826	409	178	13	1717	3056	203	-1	827	-1
827	412	19	-13	3360	4711	140	826	-1
828	311	277	6	152	954	103	-1	829	-1
829	317	378	-6	3878	4448	222	828	-1
830	375	943	13	3406	4234	106	-1	831	-1
831	337	686	-13	3160	4494	148	830	-1
832	12	620	12	1368	2781	104	-1	833	-1
833	194	684	-12	2361	2902	146	832	-1
834	429	132	15	1141	2026	111	-1	835	-1
835	379	148	-15	2602	3866	202	834	-1
836	485	509	18	2143	2898	178	-1	837	-1
837	352	575	-18	2990	3682	150	836	-1
838	47	847	5	35	991	165	-1	839	-1
839	154	797	-5	1653	3027	214	838	-1
840	483	425	18	570	2010	117	-1	841	-1
841	502	208	-18	3385	4877	157	840	-1
842	866	148	15	1913	3328	134	-1	843	-1
843	614	154	-15	2370	3621	204	842	-1
844	404	974	12	526	1363	216	-1	845	-1
845	608	967	-12	3003	3890	151	844	-1
846	156	540	14	2510	3131	221	-1	847	-1
847	346	589	-14	4057	4752	210	846	-1
848	88	907	8	462	1607	153	-1	849	-1
849	346	800	-8	3864	4676	243	848	-1
850	677	783	17	2429	3200	117	-1	851	-1
851	703	855	-17	3885	4903	116	850	-1
852	629	5	6	3189	4376	189	-1	853	-1
853	750	238	-6	2772	4216	189	852	-1
854	453	824	8	1110	1850	241	-1	855	-1
855	569	948	-8	898	2238	108	854	-1
856	310	338	6	388	1435	117	-1	857	-1
857	385	361	-6	1970	3450	201	856	-1
858	243	307	11	274	923	235	-1	859	-1
859	447	468	-11	1463	1968	223	858	-1
860	841	964	6	1091	2302	150	-1	861	-1
861	779	903	-6	2039	2962	115	860	-1
862	254	309	15	1517	2038	110	-1	863	-1
863	251	569	-15	2101	2909	213	862	-1
864	523	590	9	1877	3026	129	-1	865	-1
865	324	739	-9	2933	3591	175	864	-1
866	290	455	5	1114	2318	125	-1	867	-1
867	320	525	-5	3414	4538	216	866	-1
868	897	439	16	2180	2873	198	-1	869	-1
869	693	321	-16	3873	4935	242	868	-1
870	122	964	6	295	878	218	-1	871	-1
871	292	879	-6	2371	3588	103	870	-1
872	510	713	10	1001	2330	113	-1	873	-1
873	507	779	-10	3559	4871	134	872	-1
874	873	616	13	1618	2628	187	-1	875	-1
875	843	842	-13	1763	2873	225	874	-1
876	528	785	13	1427	2214	183	-1	877	-1
877	417	602	-13	3411	3944	233	876	-1
878	891	412	11	811	2195	156	-1	879	-1
879	912	612	-11	2306	3356	184	878	-1
880	522	192	17	2590	3442	218	-1	881	-1
881	582	12	-17	2373	3252	192	880	-1
882	849	339	18	1052	1999	189	-1	883	-1
883	848	397	-18	2092	3501	204	882	-1
884	142	411	8	1927	2991	223	-1	885	-1
885	71	364	-8	2096	2746	152	884	-1
886	439	514	12	1252	2311	227	-1	887	-1
887	464	381	-12	1650	2349	163	886	-1
888	239	809	13	2772	3938	195	-1	889	-1
889	39	889	-13	3170	3766	100	888	-1
890	817	482	13	123	1279	183	-1	891	-1
891	953	639	-13	3805	4630	185	890	-1
892	621	464	10	1480	2887	193	-1	893	-1
893	355	446	-10	2394	3225	206	892	-1
894	320	931	13	3785	4995	131	-1	895	-1
895	415	947	-13	3633	4523	213	894	-1
896	32	544	15	1882	3362	151	-1	897	-1
897	196	602	-15	3480	4038	221	896	-1
898	104	457	15	2656	3809	230	-1	899	-1
899	68	414	-15	1945	3342	219	898	-1
900	6	531	18	2394	2953	165	-1	901	-1
901	105	473	-18	2551	3425	118	900	-1
902	726	784	18	1663	2546	189	-1	903	-1
903	904	779	-18	3252	4350	173	902	-1
904	81	100	17	2842	3555	210	-1	905	-1
905	5	111	-17	2891	3742	188	904	-1
906	756	66	19	870	1373	184	-1	907	-1
907	727	344	-19	2075	3105	119	906	-1
908	647	426	8	1917	2900	163	-1	909	-1
909	808	370	-8	1880	2734	174	908	-1
910	118	525	13	2403	2994	163	-1	911	-1
911	171	746	-13	2533	3445	131	910	-1
912	968	724	18	1098	2283	203	-1	913	-1
913	911	984	-18	2692	3651	127	912	-1
914	520	423	20	833	1931	173	-1	915	-1
915	322	502	-20	3151	4321	117	914	-1
916	944	975	19	1650	2871	242	-1	917	-1
917	805	921	-19	3624	4905	194	916	-1
918	693	344	16	2004	3394	134	-1	919	-1
919	693	405	-16	3406	4597	206	918	-1
920	634	983	14	591	2070	112	-1	921	-1
921	816	961	-14	1403	2041	195	920	-1
922	252	542	6	61	937	241	-1	923	-1
923	392	361	-6	2966	3492	125	922	-1
924	994	98	17	662	1793	137	-1	925	-1
925	801	171	-17	1414	2362	164	924	-1
926	229	565	18	277	1690	160	-1	927	-1
927	52	546	-18	3540	4333	174	926	-1
928	920	19	20	2208	3054	135	-1	929	-1
929	741	81	-20	3691	4385	193	928	-1
930	412	354	7	2941	4084	200	-1	931	-1
931	565	384	-7	2931	4158	184	930	-1
932	797	30	11	833	1643	134	-1	933	-1
933	742	215	-11	1237	1770	221	932	-1
934	176	141	17	2529	3174	229	-1	935	-1
935	218	43	-17	2182	3195	107	934	-1
936	118	836	17	1606	2744	198	-1	937	-1
937	137	605	-17	3700	4880	101	936	-1
938	725	124	5	176	994	177	-1	939	-1
939	696	311	-5	4029	4556	248	938	-1
940	452	119	6	1795	3222	234	-1	941	-1
941	333	299	-6	1594	2605	177	940	-1
942	938	428	11	1742	2835	111	-1	943	-1
943	988	683	-11	3679	4217	151	942	-1
944	369	527	7	3087	4332	108	-1	945	-1
945	515	748	-7	2522	3699	111	944	-1
946	1	159	20	944	1596	239	-1	947	-1
947	139	294	-20	541	1922	145	946	-1
948	564	123	19	1076	1644	217	-1	949	-1
949	664	87	-19	875	2360	194	948	-1
950	974	926	10	3037	3770	109	-1	951	-1
951	848	813	-10	2870	4078	112	950	-1
952	887	761	11	32	594	118	-1	953	-1
953	830	553	-11	4134	4798	104	952	-1
954	372	842	16	1471	2206	152	-1	955	-1
955	524	866	-16	1473	2946	104	954	-1
956	542	912	13	1013	1621	228	-1	957	-1
957	276	929	-13	682	1939	191	956	-1
958	272	315	16	558	1542	220	-1	959	-1
959	296	129	-16	1452	2095	184	958	-1
960	338	540	13	3652	4708	204	-1	961	-1
961	471	422	-13	3274	4689	200	960	-1
962	452	720	19	1029	2462	106	-1	963	-1
963	522	496	-19	1443	2897	102	962	-1
964	607	843	16	1002	1737	237	-1	965	-1
965	615	952	-16	1713	3177	156	964	-1
966	76	712	19	1323	1867	196	-1	967	-1
967	235	838	-19	2693	3633	100	966	-1
968	140	200	14	1249	1779	216	-1	969	-1
969	330	273	-14	1305	2329	209	968	-1
970	556	848	19	1397	2798	166	-1	971	-1
971	652	941	-19	2859	3519	152	970	-1
972	648	898	15	2194	3667	224	-1	973	-1
973	578	643	-15	3014	4359	206	972	-1
974	212	883	16	1141	1764	141	-1	975	-1
975	34	944	-16	3661	4879	240	974	-1
976	238	3	17	1565	2839	155	-1	977	-1
977	284	31	-17	2917	4113	210	976	-1
978	809	349	5	3381	4110	160	-1	979	-1
979	873	298	-5	3655	4728	108	978	-1
980	319	217	8	2414	3891	184	-1	981	-1
981	196	462	-8	1724	3072	111	980	-1
982	916	316	9	1942	3239	130	-1	983	-1
983	751	438	-9	1934	3426	130	982	-1
984	869	448	9	984	2271	243	-1	985	-1
985	689	629	-9	2891	3894	188	984	-1
986	118	568	16	2609	3510	139	-1	987	-1
987	397	562	-16	4197	4919	158	986	-1
988	195	908	7	2979	3710	223	-1	989	-1
989	390	946	-7	2553	3806	167	988	-1
990	525	288	19	1545	2645	162	-1	991	-1
991	690	260	-19	3817	4500	141	990	-1
992	335	865	13	20	734	181	-1	993	-1
993	325	901	-13	3495	4886	212	992	-1
994	353	171	18	791	1723	193	-1	995	-1
995	262	2	-18	1384	2555	238	994	-1
996	340	207	14	816	1547	152	-1	997	-1
997	364	232	-14	3556	4656	147	996	-1
998	988	275	6	2237	2996	249	-1	999	-1
999	893	370	-6	2506	3920	190	998	-1
0	809	93	809	93	50	0	5000
1	623	582	623	582	50	0	5000
2	136	389	136	389	50	0	5000
3	385	510	385	510	50	0	5000
4	830	948	830	948	50	0	5000
5	809	93	809	93	50	0	5000
6	623	582	623	582	50	0	5000
7	136	389	136	389	50	0	5000
8	385	510	385	510	50	0	5000
9	830	948	830	948	50	0	5000
10	809	93	809	93	50	0	5000
11	623	582	623	582	50	0	5000
12	136	389	136	389	50	0	5000
13	385	510	385	510	50	0	5000
14	830	948	830	948	50	0	5000
15	809	93	809	93	50	0	5000
16	623	582	623	582	50	0	5000
17	136	389	136	389	50	0	5000
18	385	510	385	510	50	0	5000
19	830	948	830	948	50	0	5000
20	809	93	809	93	50	0	5000
21	623	582	623	582	50	0	5000
22	136	389	136	389	50	0	5000
23	385	510	385	510	50	0	5000
24	830	948	830	948	50	0	5000
25	809	93	809	93	50	0	5000
26	623	582	623	582	50	0	5000
27	136	389	136	389	50	0	5000
28	385	510	385	510	50	0	5000
29	830	948	830	948	50	0	5000
30	809	93	809	93	50	0	5000
31	623	582	623	582	50	0	5000
32	136	389	136	389	50	0	5000
33	385	510	385	510	50	0	5000
34	830	948	830	948	50	0	5000
35	809	93	809	93	50	0	5000
36	623	582	623	582	50	0	5000
37	136	389	136	389	50	0	5000
38	385	510	385	510	50	0	5000
39	830	948	830	948	50	0	5000
40	809	93	809	93	50	0	5000
41	623	582	623	582	50	0	5000
42	136	389	136	389	50	0	5000
43	385	510	385	510	50	0	5000
44	830	948	830	948	50	0	5000
45	809	93	809	93	50	0	5000
46	623	582	623	582	50	0	5000
47	136	389	136	389	50	0	5000
48	385	510	385	510	50	0	5000
49	830	948	830	948	50	0	5000
50	809	93	809	93	50	0	5000
51	623	582	623	582	50	0	5000
52	136	389	136	389	50	0	5000
53	385	510	385	510	50	0	5000
54	830	948	830	948	50	0	5000
55	809	93	809	93	50	0	5000
56	623	582	623	582	50	0	5000
57	136	389	136	389	50	0	5000
58	385	510	385	510	50	0	5000
59	830	948	830	948	50	0	5000
60	809	93	809	93	50	0	5000
61	623	582	623	582	50	0	5000
62	136	389	136	389	50	0	5000
63	385	510	385	510	50	0	5000
64	830	948	830	948	50	0	5000
65	809	93	809	93	50	0	5000
66	623	582	623	582	50	0	5000
67	136	389	136	389	50	0	5000
68	385	510	385	510	50	0	5000
69	830	948	830	948	50	0	5000
70	809	93	809	93	50	0	5000
71	623	582	623	582	50	0	5000
72	136	389	136	389	50	0	5000
73	385	510	385	510	50	0	5000
74	830	948	830	948	50	0	5000
75	809	93	809	93	50	0	5000
76	623	582	623	582	50	0	5000
77	136	389	136	389	50	0	5000
78	385	510	385	510	50	0	5000
79	830	948	830	948	50	0	5000
80	809	93	809	93	50	0	5000
81	623	582	623	582	50	0	5000
82	136	389	136	389	50	0	5000
83	385	510	385	510	50	0	5000
84	830	948	830	948	50	0	5000
85	809	93	809	93	50	0	5000
86	623	582	623	582	50	0	5000
87	136	389	136	389	50	0	5000
88	385	510	385	510	50	0	5000
89	830	948	830	948	50	0	5000
90	809	93	809	93	50	0	5000
91	623	582	623	582	50	0	5000
92	136	389	136	389	50	0	5000
93	385	510	385	510	50	0	5000
94	830	948	830	948	50	0	5000
95	809	93	809	93	50	0	5000
96	623	582	623	582	50	0	5000
97	136	389	136	389	50	0	5000
98	385	510	385	510	50	0	5000
99	830	948	830	948	50	0	5000
100	809	93	809	93	50	0	5000
101	623	582	623	582	50	0	5000
102	136	389	136	389	50	0	5000
103	385	510	385	510	50	0	5000
104	830	948	830	948	50	0	5000
105	809	93	809	93	50	0	5000
106	623	582	623	582	50	0	5000
107	136	389	136	389	50	0	5000
108	385	510	385	510	50	0	5000
109	830	948	830	948	50	0	5000
110	809	93	809	93	50	0	5000
111	623	582	623	582	50	0	5000
112	136	389	136	389	50	0	5000
113	385	510	385	510	50	0	5000
114	830	948	830	948	50	0	5000
115	809	93	809	93	50	0	5000
116	623	582	623	582	50	0	5000
117	136	389	136	389	50	0	5000
118	385	510	385	510	50	0	5000
119	830	948	830	948	50	0	5000
120	809	93	809	93	50	0	5000
121	623	582	623	582	50	0	5000
122	136	389	136	389	50	0	5000
123	385	510	385	510	50	0	5000
124	830	948	830	948	50	0	5000
125	809	93	809	93	50	0	5000
126	623	582	623	582	50	0	5000
127	136	389	136	389	50	0	5000
128	385	510	385	510	50	0	5000
129	830	948	830	948	50	0	5000
130	809	93	809	93	50	0	5000
131	623	582	623	582	50	0	5000
132	136	389	136	389	50	0	5000
133	385	510	385	510	50	0	5000
134	830	948	830	948	50	0	5000
135	809	93	809	93	50	0	5000
136	623	582	623	582	50	0	5000
137	136	389	136	389	50	0	5000
138	385	510	385	510	50	0	5000
139	830	948	830	948	50	0	5000
140	809	93	809	93	50	0	5000
141	623	582	623	582	50	0	5000
142	136	389	136	389	50	0	5000
143	385	510	385	510	50	0	5000
144	830	948	830	948	50	0	5000
145	809	93	809	93	50	0	5000
146	623	582	623	582	50	0	5000
147	136	389	136	389	50	0	5000
148	385	510	385	510	50	0	5000
149	830	948	830	948	50	0	5000
