500	150	1	1	100000
0	155	922	6	2513	3792	118	-1	1	70	1	3	5	7	9	13	14	15	17	18	20	21	22	23	26	28	30	33	34	35	38	40	41	43	47	48	50	51	54	55	57	58	59	60	63	67	69	70	73	74	76	78	82	88	89	92	93	96	99	101	104	112	116	118	121	123	125	126	127	129	133	134	135	138	142	143	144	145	146	147
1	393	897	-6	2351	3154	120	0	-1
2	831	866	17	1108	1653	193	-1	3	-1
3	559	882	-17	2695	4173	176	2	-1
4	781	702	8	1597	2778	115	-1	5	64	1	5	6	8	9	10	11	13	25	26	27	29	31	34	35	36	37	40	41	42	48	50	53	57	58	61	62	67	70	72	73	74	79	80	83	87	89	90	93	94	95	96	97	99	101	102	104	108	111	112	113	114	116	120	122	123	124	125	126	131	137	145	147	148
5	788	608	-8	2968	4356	196	4	-1
6	145	152	19	1276	1828	223	-1	7	59	3	13	14	16	17	20	21	23	30	32	35	36	40	41	47	48	53	54	57	58	62	63	65	67	74	75	77	78	83	86	89	90	93	95	97	102	103	104	105	111	112	114	116	119	120	122	124	127	128	129	133	135	137	141	142	143	144	146	147
7	203	210	-19	2678	4056	175	6	-1
8	899	229	20	778	1693	209	-1	9	83	1	2	3	5	12	13	14	18	19	20	22	23	24	25	26	32	33	34	35	36	37	39	44	46	47	48	50	53	54	56	58	59	60	61	62	63	64	65	66	67	69	70	71	73	81	84	87	88	89	90	94	95	97	99	104	105	106	110	111	112	113	114	115	117	118	119	120	121	122	125	126	128	131	133	136	137	138	141	142	143	144	147	148
9	856	204	-20	3633	4897	151	8	-1
10	796	12	12	2034	3199	185	-1	11	-1
11	663	87	-12	3773	4602	167	10	-1
12	226	542	20	570	1596	234	-1	13	58	1	4	9	16	19	21	23	25	26	27	30	32	35	36	37	39	44	45	46	50	52	56	57	59	68	71	72	74	75	77	78	80	84	88	89	91	92	94	95	96	98	99	100	102	103	110	112	113	117	121	127	130	135	139	141	143	145	149
13	368	561	-20	3508	4138	154	12	-1
14	104	269	19	1256	2443	236	-1	15	-1
15	43	61	-19	1636	3105	187	14	-1
16	179	237	13	512	1927	245	-1	17	80	1	4	6	7	10	11	13	16	17	20	21	22	25	27	28	29	30	31	32	39	44	45	46	47	50	51	52	53	54	55	58	60	63	66	68	69	71	72	73	74	77	80	82	87	88	90	91	92	94	96	97	103	104	106	107	109	110	111	112	114	115	118	119	120	121	122	123	126	127	129	132	133	134	137	138	139	142	143	144	147
17	44	238	-13	2051	3538	104	16	-1
18	726	515	15	386	1311	165	-1	19	-1
19	749	551	-15	3871	4485	200	18	-1
20	832	669	11	925	2311	223	-1	21	-1
21	963	690	-11	2061	3091	207	20	-1
22	333	682	18	1974	3438	162	-1	23	-1
23	530	538	-18	3871	4825	190	22	-1
24	185	412	8	673	2031	235	-1	25	-1
25	42	542	-8	1762	2597	109	24	-1
26	233	419	16	1009	1817	248	-1	27	75	1	2	4	5	6	8	10	12	14	15	16	18	19	20	21	23	25	30	31	34	36	40	41	42	43	45	48	49	50	52	54	57	60	64	66	67	68	69	70	71	74	75	77	82	83	84	85	89	93	97	98	102	103	109	111	112	113	114	116	118	120	124	126	127	130	132	134	135	136	141	142	143	145	148	149
27	177	270	-16	107	1599	143	26	-1
28	202	536	13	2372	3697	153	-1	29	60	6	12	16	19	20	22	26	27	32	33	35	37	38	42	45	49	51	53	56	65	67	69	73	74	75	79	80	81	82	87	90	92	93	96	97	98	101	103	106	107	108	113	114	117	120	122	123	124	125	129	130	132	134	136	137	138	139	140	141	149
29	360	581	-13	3465	4521	247	28	-1
30	961	886	10	502	1650	171	-1	31	-1
31	958	918	-10	2855	4002	228	30	-1
32	546	360	12	2777	3772	164	-1	33	45	3	8	12	19	24	27	31	33	34	39	46	53	54	57	64	68	70	72	73	74	75	76	86	93	94	96	99	103	104	106	108	110	115	122	131	133	134	135	137	138	139	141	143	144	146
33	550	232	-12	3034	4057	130	32	-1
34	277	442	7	1032	2350	177	-1	35	-1
35	99	326	-7	3278	4426	199	34	-1
36	983	252	20	348	1023	129	-1	37	-1
37	776	287	-20	2798	4016	247	36	-1
38	213	926	9	2993	4318	201	-1	39	56	2	7	8	10	11	12	13	17	18	22	25	26	28	29	30	31	33	34	35	38	41	42	44	46	48	49	51	54	55	57	58	69	73	78	79	81	85	91	93	95	97	99	100	107	109	111	114	115	116	125	131	133	144	145	147	148
39	117	729	-9	3706	4643	183	38	-1
40	446	113	10	91	737	155	-1	41	-1
41	660	121	-10	1896	3244	105	40	-1
42	740	358	19	660	2041	160	-1	43	-1
43	617	451	-19	780	1468	237	42	-1
44	651	700	8	1299	2764	103	-1	45	54	1	4	8	9	15	16	17	20	22	27	28	30	33	35	41	42	45	48	49	50	54	57	58	59	64	67	69	71	74	76	82	87	88	90	96	97	100	102	103	105	108	110	112	114	116	119	125	134	136	138	140	142	144	148
45	859	574	-8	3684	4953	147	44	-1
46	967	659	10	3103	4290	180	-1	47	-1
47	824	452	-10	3779	4448	123	46	-1
48	249	646	8	2905	4405	238	-1	49	88	0	2	4	5	7	8	9	10	14	16	18	20	24	25	26	27	28	30	31	33	35	36	37	39	41	43	44	45	46	48	49	51	53	54	57	58	59	60	61	62	64	66	69	70	71	72	74	75	79	82	85	86	91	92	97	98	99	100	103	106	109	110	111	112	113	114	120	121	122	124	125	126	128	129	130	131	133	136	137	138	141	142	143	144	145	146	147	149
49	397	784	-8	3822	4382	101	48	-1
50	333	856	16	801	2278	174	-1	51	-1
51	528	701	-16	1456	2237	144	50	-1
52	377	284	12	3006	4298	173	-1	53	-1
53	418	10	-12	2931	3834	110	52	-1
54	847	603	14	680	2088	232	-1	55	-1
55	574	562	-14	4364	4892	104	54	-1
56	188	787	8	2417	3895	193	-1	57	45	3	5	6	9	12	13	18	21	22	33	36	40	42	47	48	51	53	56	58	59	64	69	70	71	72	75	76	82	86	89	91	104	105	108	111	120	124	128	130	133	137	140	144	145	147
57	391	829	-8	4226	4818	114	56	-1
58	716	632	19	256	1327	167	-1	59	-1
59	710	796	-19	4091	4647	236	58	-1
60	70	99	8	97	1562	248	-1	61	81	1	2	4	6	7	8	12	14	15	17	19	20	23	28	30	32	33	37	38	40	42	46	48	52	54	59	62	63	66	67	68	69	70	71	74	75	76	78	80	82	83	84	85	86	87	89	90	92	93	95	96	97	100	103	104	105	106	107	108	110	111	114	117	119	120	121	122	126	129	132	134	135	136	137	138	139	140	141	142	146	149
61	45	375	-8	177	1498	160	60	-1
62	46	593	11	1088	1602	221	-1	63	-1
63	109	386	-11	2522	3414	199	62	-1
64	898	102	10	1978	3136	222	-1	65	-1
65	812	267	-10	2207	2936	232	64	-1
66	996	520	11	946	1796	241	-1	67	48	5	18	25	27	28	29	31	32	33	34	41	42	47	50	52	56	59	65	67	69	74	76	77	82	83	85	88	93	95	97	103	108	112	115	116	117	119	122	124	128	131	134	139	141	142	143	146	148
67	763	363	-11	1183	1985	234	66	-1
68	437	854	9	3786	4878	241	-1	69	70	1	2	4	7	9	10	11	12	13	18	20	23	25	26	27	28	29	30	33	36	38	41	42	45	46	47	52	57	58	60	65	66	67	68	71	72	73	75	76	80	82	84	86	87	91	92	93	94	97	99	100	102	104	106	107	110	116	124	125	126	128	129	130	131	133	135	137	138	142	145
69	615	756	-9	3239	4614	224	68	-1
70	272	690	5	1292	2726	114	-1	71	79	1	2	4	5	6	8	11	15	16	19	21	22	23	24	25	28	29	31	32	34	36	38	40	41	42	44	45	48	50	51	52	53	54	56	58	62	64	71	74	75	77	79	80	83	84	85	86	87	88	89	90	91	92	93	94	98	99	100	108	110	111	113	114	118	119	120	123	128	130	132	133	134	138	141	142	143	144	147	148
71	164	742	-5	1895	3343	162	70	-1
72	606	214	19	2953	3534	238	-1	73	59	1	3	6	7	8	9	10	11	15	23	26	32	40	41	42	43	46	47	50	51	58	65	66	68	71	73	75	82	84	87	88	90	94	95	98	99	101	103	104	105	107	108	110	115	116	118	121	123	125	126	127	128	129	130	133	139	141	143	146
73	633	471	-19	2896	4372	215	72	-1
74	903	445	18	1675	3079	106	-1	75	-1
75	933	328	-18	2803	3810	201	74	-1
76	7	187	14	3478	4955	103	-1	77	-1
77	140	388	-14	3198	4356	171	76	-1
78	432	557	7	784	1469	108	-1	79	87	2	3	4	5	6	7	9	14	16	19	20	21	23	25	26	27	29	33	34	35	37	38	39	40	43	44	45	47	48	49	50	51	52	53	54	56	58	60	63	64	66	68	70	71	73	74	75	77	79	81	82	83	84	85	87	89	90	92	93	94	95	97	99	101	103	104	106	107	108	109	111	112	116	119	120	122	127	128	130	132	134	137	140	143	144	146	147
79	648	418	-7	3505	4194	109	78	-1
80	40	608	15	724	1863	182	-1	81	87	1	2	3	4	5	6	7	10	16	18	20	27	29	30	31	36	38	39	40	41	42	43	46	47	48	49	53	54	55	56	58	61	62	64	65	67	70	73	74	76	77	79	84	85	86	87	88	89	91	93	94	95	96	97	98	99	100	102	103	104	105	107	108	109	112	113	114	116	117	118	120	121	125	128	129	130	131	132	133	134	138	139	143	145	146	147	149
81	152	824	-15	1232	2092	109	80	-1
82	139	331	8	1817	3263	159	-1	83	-1
83	216	202	-8	3569	4519	248	82	-1
84	590	255	10	993	2281	160	-1	85	58	2	5	7	8	10	11	12	13	14	16	18	19	20	21	25	26	28	31	32	34	37	42	50	52	58	61	62	64	66	70	73	76	79	80	82	85	87	89	95	97	98	100	101	108	109	111	112	113	115	119	121	124	126	135	138	140	145	148
85	867	199	-10	3100	4366	239	84	-1
86	162	165	16	2685	3683	167	-1	87	62	0	2	4	9	10	12	14	15	16	18	20	22	24	25	28	29	32	34	35	39	41	43	44	45	46	49	51	52	53	56	64	68	73	74	75	76	80	82	87	89	90	96	97	98	99	104	110	111	116	118	122	124	125	126	129	131	132	133	143	146	147	148
87	54	408	-16	3501	4029	182	86	-1
88	585	30	19	1687	2404	173	-1	89	-1
89	676	183	-19	4045	4774	187	88	-1
90	987	752	6	2157	2802	226	-1	91	-1
91	848	708	-6	1261	2705	166	90	-1
92	157	697	9	1219	1970	220	-1	93	-1
93	11	698	-9	3570	4559	122	92	-1
94	768	580	7	1536	2968	119	-1	95	87	0	2	3	4	5	6	7	8	9	12	14	15	16	20	21	23	24	25	26	27	31	32	36	37	38	39	41	42	43	44	45	46	48	49	50	52	53	55	57	58	59	60	62	63	66	68	69	71	73	75	76	77	80	81	85	86	87	88	92	94	95	100	101	102	104	105	107	108	110	111	114	115	117	122	123	126	127	128	131	133	134	135	138	139	140	144	147
95	926	647	-7	2001	3492	133	94	-1
96	149	404	11	1844	2373	186	-1	97	59	0	1	6	8	11	12	14	18	20	22	28	29	32	41	43	46	47	53	55	57	58	59	61	62	66	69	72	73	79	83	86	87	89	93	94	95	96	100	102	104	106	109	110	111	112	113	117	119	127	130	132	134	135	137	139	140	141	143	147
97	142	322	-11	1344	2296	170	96	-1
98	497	850	13	738	1640	123	-1	99	76	2	3	9	11	12	15	19	23	24	25	26	27	28	29	31	33	38	41	42	44	45	46	47	49	51	52	54	56	57	59	60	62	65	66	67	68	70	71	72	75	77	78	80	85	86	87	89	91	94	97	98	100	101	103	104	108	109	110	112	114	116	124	129	130	132	133	134	136	137	142	143	144	145	146	147	149
99	467	793	-13	141	1522	201	98	-1
100	117	122	17	1326	2356	100	-1	101	-1
101	370	196	-17	1027	1901	182	100	-1
102	797	169	9	3155	3973	165	-1	103	-1
103	909	117	-9	3779	4954	188	102	-1
104	372	563	15	113	640	202	-1	105	-1
105	166	402	-15	2112	3347	173	104	-1
106	30	379	17	459	1674	173	-1	107	88	2	3	4	5	6	7	8	10	17	18	21	22	23	24	27	29	31	32	33	35	37	40	41	43	44	45	49	51	52	56	57	58	59	60	62	63	65	68	69	70	73	74	76	77	79	80	81	82	83	84	85	86	88	89	91	94	95	99	101	103	106	107	108	109	110	111	112	113	114	116	117	118	122	123	124	127	129	130	131	133	137	138	139	140	141	143	148	149
107	128	279	-17	3261	4053	217	106	-1
108	123	184	20	1871	3200	155	-1	109	-1
109	67	252	-20	4343	4941	126	108	-1
110	933	653	11	68	1209	211	-1	111	-1
111	705	505	-11	565	1199	249	110	-1
112	393	427	6	329	1172	167	-1	113	54	8	10	15	16	18	21	31	32	33	35	37	38	39	42	44	45	50	52	56	58	60	62	66	67	72	75	79	80	82	83	87	92	94	95	97	100	101	103	105	113	118	123	124	125	126	128	132	133	134	135	139	140	141	144
113	373	181	-6	1367	2683	153	112	-1
114	116	995	8	2465	3824	203	-1	115	-1
115	293	898	-8	2813	3848	118	114	-1
116	313	103	18	1966	3408	133	-1	117	45	2	5	8	13	17	20	22	25	26	28	33	37	38	40	46	48	52	55	65	67	68	70	73	74	81	82	83	85	90	94	96	99	104	105	112	113	117	121	124	134	135	136	140	146	148
117	547	202	-18	1500	2963	119	116	-1
118	129	944	13	1954	2699	128	-1	119	-1
119	107	992	-13	1439	2614	154	118	-1
120	539	148	14	925	1962	224	-1	121	72	3	4	7	9	11	13	17	18	23	24	25	26	27	31	32	34	35	36	41	42	45	49	50	51	52	53	55	59	62	63	64	66	69	70	74	75	82	86	87	89	90	96	101	102	103	104	107	111	112	114	115	117	120	123	124	126	127	128	129	130	131	133	134	135	137	138	140	141	143	144	146	148
121	607	396	-14	1717	2256	135	120	-1
122	652	457	12	486	1614	206	-1	123	-1
123	704	695	-12	799	1475	136	122	-1
124	285	532	20	1291	2068	121	-1	125	65	3	8	10	11	16	17	19	20	22	24	27	28	29	31	32	35	38	39	42	48	52	54	55	60	62	64	66	68	70	73	77	78	80	82	83	84	86	92	95	96	97	98	100	101	102	103	107	109	112	113	115	116	117	119	121	122	124	126	136	137	138	140	141	143	145
125	451	632	-20	1337	2833	100	124	-1
126	154	667	12	783	1850	117	-1	127	85	1	3	4	6	7	8	12	13	16	17	18	19	20	23	24	25	26	27	28	32	34	35	36	37	38	41	44	46	49	50	51	52	54	56	58	59	60	61	62	66	67	71	73	77	79	81	82	83	84	85	86	87	89	94	95	97	98	99	100	102	105	107	108	109	110	114	116	117	118	119	120	121	123	124	125	126	127	129	131	133	137	139	142	145	147
127	68	890	-12	2123	2775	128	126	-1
128	718	38	12	758	1584	120	-1	129	-1
129	669	126	-12	1611	2610	121	128	-1
130	254	163	17	2044	2731	123	-1	131	54	0	1	2	5	6	8	10	11	16	17	20	23	29	30	31	32	33	39	41	45	47	52	54	60	62	64	65	67	68	70	73	75	76	77	79	84	88	91	94	96	99	101	103	109	113	116	117	118	120	121	123	128	135	145
131	400	356	-17	1547	2728	144	130	-1
132	948	836	13	2466	3123	202	-1	133	89	1	2	3	5	7	10	12	13	16	18	19	20	22	24	25	26	27	28	29	31	33	37	39	40	41	43	44	45	46	48	50	54	55	57	58	59	64	65	66	67	72	73	76	78	79	81	82	83	84	85	86	89	90	91	92	93	94	95	96	97	98	99	101	103	104	111	112	116	118	119	120	121	122	123	124	125	126	128	130	131	136	137	139	140	142	145	146	147	148
133	827	740	-13	3625	4521	207	132	-1
134	927	790	9	2026	2842	143	-1	135	-1
135	984	861	-9	2098	2599	123	134	-1
136	560	539	17	1114	1669	135	-1	137	-1
137	328	618	-17	2632	4044	173	136	-1
138	687	519	12	2121	3196	140	-1	139	-1
139	815	439	-12	1805	2958	100	138	-1
140	977	863	11	2108	3131	170	-1	141	-1
141	820	740	-11	1553	2679	120	140	-1
142	471	443	13	1348	2463	230	-1	143	-1
143	646	360	-13	3722	4798	107	142	-1
144	833	728	20	2266	3084	182	-1	145	84	1	3	4	5	9	11	12	16	18	20	23	24	26	28	29	31	33	34	36	39	42	43	45	46	49	51	52	53	54	57	58	59	62	63	66	69	70	72	73	74	75	77	78	80	82	84	89	90	93	94	95	97	98	99	104	105	106	107	108	109	110	112	115	117	119	120	122	123	124	125	126	129	130	131	132	133	135	136	139	141	143	144	145	146
145	782	630	-20	4048	4947	247	144	-1
146	640	329	18	930	1478	139	-1	147	76	2	5	6	7	8	12	13	16	17	18	21	22	23	25	28	32	33	35	38	41	43	44	45	46	48	51	55	56	57	58	59	62	63	64	65	67	70	71	72	73	76	79	80	81	82	86	87	89	90	95	99	100	101	102	106	108	110	111	114	115	117	118	119	120	121	124	125	126	127	136	137	141	143	144	147	148
147	486	164	-18	1456	2710	212	146	-1
148	833	75	6	1397	2634	194	-1	149	-1
149	930	207	-6	3947	4598	158	148	-1
150	246	229	16	577	1747	209	-1	151	66	0	5	10	15	19	20	21	22	26	28	32	33	35	36	37	43	44	45	48	50	55	56	60	65	66	71	72	77	79	80	81	82	84	85	86	89	90	96	97	98	100	101	102	103	105	106	107	108	109	111	112	114	116	117	120	122	124	128	130	131	132	134	137	139	146	149
151	23	130	-16	3818	4985	146	150	-1
152	273	503	6	601	1470	213	-1	153	-1
153	484	469	-6	3132	4271	187	152	-1
154	990	360	6	2454	3114	248	-1	155	-1
155	884	389	-6	1991	3315	202	154	-1
156	555	744	7	448	1135	193	-1	157	63	1	3	5	6	9	12	15	22	24	26	30	31	33	34	35	38	39	42	44	49	50	54	56	57	59	64	65	68	71	72	74	79	81	82	85	88	92	96	97	99	103	105	106	107	108	109	111	112	113	116	118	119	121	125	127	129	130	132	140	142	145	146	148
157	721	572	-7	2801	3311	154	156	-1
158	872	916	17	2946	3949	191	-1	159	87	1	6	10	11	13	14	15	20	22	23	25	26	29	31	32	35	36	37	42	44	45	46	48	51	52	53	54	55	62	63	65	66	68	71	72	73	74	77	78	79	80	81	84	85	86	89	90	91	93	94	95	96	97	98	99	100	101	104	106	107	108	109	110	111	112	113	116	117	118	119	120	121	124	126	129	130	131	133	134	135	136	137	138	139	143	144	145
159	786	891	-17	3913	4763	235	158	-1
160	26	663	18	2441	3547	245	-1	161	71	2	4	12	13	16	20	23	24	25	27	28	31	33	38	41	43	44	45	46	47	50	57	58	59	60	62	64	65	67	71	75	76	79	80	81	82	83	90	92	93	94	95	96	97	100	102	106	108	109	110	111	112	113	115	118	119	120	124	127	129	130	131	132	133	134	136	140	141	142	143	145
161	90	752	-18	3227	4594	207	160	-1
162	668	423	13	175	881	196	-1	163	-1
163	892	419	-13	610	2092	160	162	-1
164	666	76	20	778	1498	151	-1	165	56	3	4	5	8	9	15	21	23	25	28	32	33	36	39	40	41	45	46	48	49	51	55	58	59	60	63	66	68	69	71	75	78	84	85	87	88	90	92	98	100	108	109	111	113	114	115	117	120	123	124	127	129	130	138	139	147
165	575	63	-20	2150	2729	241	164	-1
166	717	18	12	727	1728	115	-1	167	45	0	2	6	8	13	17	19	20	21	35	37	38	54	59	66	68	69	70	71	73	75	78	80	81	82	89	97	98	103	104	107	112	118	121	122	123	124	125	129	130	131	142	145	147	148
167	859	143	-12	2404	3831	169	166	-1
168	396	227	9	3634	4534	113	-1	169	-1
169	471	221	-9	3435	4258	151	168	-1
170	165	446	7	886	1437	115	-1	171	-1
171	349	384	-7	3537	4681	128	170	-1
172	93	204	18	2661	3275	169	-1	173	45	2	8	10	12	20	21	25	36	37	41	48	49	50	51	63	66	68	69	70	71	74	77	78	81	82	84	85	89	92	93	100	104	107	109	110	112	119	129	133	134	136	140	141	145	149
173	200	404	-18	3887	4502	169	172	-1
174	640	129	5	2497	3851	226	-1	175	55	1	7	13	20	21	22	29	33	37	40	41	42	47	49	51	53	54	57	60	63	64	65	67	68	72	79	81	83	86	87	88	89	93	97	100	102	106	107	108	109	110	111	114	115	116	117	118	120	125	127	129	134	142	145	149
175	545	63	-5	2321	3299	163	174	-1
176	913	701	9	704	1639	100	-1	177	-1
177	854	813	-9	4067	4848	173	176	-1
178	321	225	11	415	1382	117	-1	179	-1
179	258	39	-11	3265	4650	157	178	-1
180	578	290	5	2215	2876	111	-1	181	66	6	9	14	15	16	17	19	20	22	23	24	27	28	29	37	39	41	42	46	47	50	51	55	56	58	59	61	62	63	64	65	66	72	74	75	76	77	78	79	83	85	88	89	90	93	94	95	98	101	103	104	106	109	110	112	114	116	119	120	128	132	137	138	141	144	145
181	347	359	-5	3544	4945	139	180	-1
182	228	707	8	1271	2622	123	-1	183	-1
183	348	517	-8	1987	3039	149	182	-1
184	24	599	9	3573	4481	206	-1	185	-1
185	236	604	-9	4074	4930	106	184	-1
186	167	601	9	168	706	199	-1	187	-1
187	106	552	-9	206	1390	200	186	-1
188	31	969	9	2321	3738	205	-1	189	45	3	5	6	10	13	22	27	28	33	38	39	41	45	46	47	51	52	55	57	58	69	70	74	75	81	86	90	94	99	100	104	105	112	119	120	121	122	125	132	137	139	141	143	144	145
189	7	775	-9	2867	3873	136	188	-1
190	647	18	10	277	1202	202	-1	191	-1
191	504	91	-10	3748	4592	147	190	-1
192	525	992	16	2701	3797	219	-1	193	53	1	2	3	5	6	11	21	23	27	29	31	32	34	36	38	40	41	44	46	47	48	49	50	51	52	55	56	58	59	61	66	67	70	71	77	83	84	88	97	101	105	107	108	109	110	117	120	123	125	132	133	134	137
193	456	927	-16	3012	3699	216	192	-1
194	587	178	9	2193	2830	127	-1	195	-1
195	536	302	-9	2059	3002	138	194	-1
196	216	347	11	2433	3371	146	-1	197	80	5	6	7	8	9	16	17	18	19	20	21	22	26	32	33	36	37	40	41	46	47	48	50	51	52	53	56	57	58	59	63	66	67	69	71	76	79	82	83	84	85	86	87	90	91	93	94	95	96	98	99	100	104	105	108	112	113	115	116	117	121	122	123	124	127	129	132	133	135	136	137	138	139	140	141	144	145	146	147	148
197	383	313	-11	2631	3617	110	196	-1
198	19	810	6	556	1546	207	-1	199	-1
199	15	822	-6	2127	3595	123	198	-1
200	35	988	13	692	1711	104	-1	201	74	2	4	7	9	10	14	15	18	20	22	23	25	29	33	34	37	38	40	42	43	44	46	51	52	53	59	60	62	65	66	67	69	71	72	74	76	78	80	81	82	83	85	86	88	94	95	96	100	103	106	110	111	113	115	116	117	119	120	123	124	125	127	129	130	132	133	134	140	141	142	145	147	148	149
201	204	969	-13	1923	2503	177	200	-1
202	518	455	11	102	749	185	-1	203	-1
203	650	236	-11	1685	2641	197	202	-1
204	55	427	17	2279	3489	246	-1	205	-1
205	140	402	-17	2162	2875	104	204	-1
206	301	383	12	317	1727	109	-1	207	46	1	2	3	6	13	19	20	21	24	28	29	31	35	38	44	62	64	66	68	69	73	75	76	79	85	86	90	91	102	103	107	108	109	110	111	114	118	122	125	126	127	128	142	144	146	147
207	118	343	-12	1856	3303	149	206	-1
208	342	923	14	3990	4728	182	-1	209	-1
209	196	812	-14	3377	4790	144	208	-1
210	927	849	19	2649	4004	192	-1	211	45	1	2	3	6	8	9	10	13	14	16	18	20	22	27	29	34	35	53	54	60	63	64	73	74	79	80	81	85	86	87	88	91	92	98	103	106	111	114	116	118	123	130	141	144	148
211	946	862	-19	2764	3892	132	210	-1
212	901	232	9	3449	3975	165	-1	213	-1
213	793	419	-9	3578	4550	204	212	-1
214	831	803	20	2816	4200	196	-1	215	-1
215	629	819	-20	3796	4524	144	214	-1
216	391	50	6	1960	2497	189	-1	217	66	4	7	8	10	11	13	15	17	19	21	23	25	26	27	29	35	41	44	45	48	50	51	55	58	59	60	61	63	64	71	75	77	78	79	80	81	83	86	93	95	97	102	103	104	107	111	112	114	116	117	123	124	126	127	128	129	130	131	132	136	138	141	144	145	146	148
217	293	229	-6	1965	3316	111	216	-1
218	71	607	8	2536	3222	234	-1	219	-1
219	79	868	-8	3104	3872	237	218	-1
220	300	82	14	3004	3887	141	-1	221	-1
221	500	163	-14	3329	4462	119	220	-1
222	771	768	16	2585	3142	101	-1	223	69	2	4	5	7	9	18	20	21	22	24	25	28	30	31	34	35	37	44	46	47	48	49	50	51	52	54	57	59	60	61	64	67	75	77	78	79	80	83	84	86	89	94	96	97	98	99	101	109	113	115	117	119	120	121	123	124	125	126	127	131	132	134	135	138	141	142	144	146	148
223	901	542	-16	3407	4322	238	222	-1
224	414	106	10	1252	2514	160	-1	225	50	2	3	4	6	17	19	20	21	26	30	33	47	53	60	63	65	67	68	69	71	73	75	76	78	79	84	86	92	98	105	107	109	112	113	114	117	120	123	125	128	129	130	133	134	135	136	139	143	145	146
225	181	248	-10	2175	3150	110	224	-1
226	890	453	10	861	1389	229	-1	227	83	1	2	3	6	7	8	9	11	12	13	14	15	17	18	19	21	22	25	28	29	30	33	36	38	40	41	42	43	44	49	54	55	57	58	59	60	61	62	63	64	66	71	72	73	74	76	78	81	84	88	90	93	94	95	97	98	101	102	104	105	111	114	115	118	120	124	125	126	127	128	129	132	133	135	137	138	139	141	142	144	146	148	149
227	707	523	-10	913	1642	230	226	-1
228	140	734	8	497	1052	130	-1	229	68	2	3	4	5	9	10	11	13	18	21	22	24	27	28	30	31	35	36	37	39	40	42	45	46	47	49	51	53	54	56	60	62	63	64	65	67	69	70	73	75	76	78	81	83	85	91	93	95	96	97	103	104	105	109	111	113	115	119	128	131	132	133	134	140	142	144	146	149
229	31	983	-8	1685	2537	230	228	-1
230	837	414	19	85	760	181	-1	231	71	1	3	4	8	10	11	12	18	19	21	24	30	31	33	35	40	41	44	45	46	48	49	54	55	57	58	60	61	64	66	69	71	74	75	81	84	88	89	91	92	94	97	99	102	103	104	105	107	108	113	114	116	118	119	121	125	127	128	129	130	131	132	134	136	137	139	140	141	142	144	149
231	821	653	-19	1913	2530	171	230	-1
232	458	325	7	174	1437	180	-1	233	-1
233	313	292	-7	2332	3084	104	232	-1
234	840	124	19	2008	3479	191	-1	235	88	1	3	4	5	7	9	11	13	14	15	16	18	21	22	23	25	28	31	38	40	41	42	44	47	48	49	50	51	52	53	54	55	56	57	64	68	69	71	72	75	76	78	79	80	81	83	84	85	86	88	89	90	93	94	95	97	98	99	101	103	104	105	106	108	110	111	113	114	116	118	119	120	123	124	125	128	129	134	135	136	137	138	140	141	142	144	146	148
235	866	230	-19	1905	2986	175	234	-1
236	633	599	15	2239	2947	129	-1	237	-1
237	863	475	-15	2761	4188	199	236	-1
238	986	575	12	3663	4342	137	-1	239	60	1	2	3	6	12	17	18	28	29	34	39	40	42	47	49	50	52	55	59	60	63	68	69	71	72	73	74	76	80	81	82	84	86	87	89	94	96	98	101	103	104	105	107	111	113	116	119	120	123	124	125	128	129	131	134	135	137	138	145	149
239	771	564	-12	3230	4252	174	238	-1
240	981	404	16	1833	3026	101	-1	241	71	0	1	5	7	8	9	10	11	12	13	15	16	18	20	23	24	25	27	28	30	32	34	42	45	46	48	50	55	56	57	61	63	68	69	71	76	87	88	89	90	92	93	94	96	98	103	104	105	106	108	109	111	116	118	119	120	123	124	126	128	130	132	133	134	138	141	142	143	145	147	148
241	976	413	-16	2158	3230	115	240	-1
242	923	841	18	3621	4872	152	-1	243	-1
243	778	623	-18	3678	4658	123	242	-1
244	817	943	6	705	1211	153	-1	245	-1
245	679	773	-6	18	1304	218	244	-1
246	155	721	16	175	1225	212	-1	247	67	1	8	10	11	12	13	15	16	17	19	20	21	24	27	29	30	31	33	34	38	39	40	42	43	44	45	48	50	53	54	64	65	66	71	72	76	81	82	88	90	96	97	98	100	101	103	104	106	108	111	112	117	118	119	120	123	125	126	129	131	132	133	135	137	138	143	146
247	263	780	-16	1431	1941	126	246	-1
248	643	558	18	1455	2005	213	-1	249	80	0	3	5	9	11	13	14	15	16	18	19	20	21	22	23	26	28	30	31	32	34	37	38	39	40	42	43	45	48	49	53	54	57	59	64	66	68	72	73	74	75	78	79	80	85	88	89	93	94	95	98	102	103	104	105	106	107	109	110	112	113	114	117	118	119	120	121	125	126	127	133	136	137	139	141	142	144	145	147	148
249	806	702	-18	4025	4974	191	248	-1
250	222	813	15	3227	4585	112	-1	251	-1
251	214	953	-15	2509	3834	173	250	-1
252	389	370	15	1119	1809	152	-1	253	-1
253	523	577	-15	2763	3419	150	252	-1
254	548	212	12	799	2241	201	-1	255	67	3	5	9	16	17	21	22	25	29	33	35	38	43	44	45	46	47	48	51	52	54	55	57	61	62	64	66	67	69	70	71	72	74	76	79	81	82	83	89	96	98	99	100	106	110	116	121	124	125	126	127	128	129	131	132	135	136	137	138	139	140	141	143	144	145	148	149
255	750	384	-12	1560	2846	244	254	-1
256	577	604	11	149	1366	244	-1	257	-1
257	401	421	-11	2758	3675	149	256	-1
258	953	359	16	1486	2623	222	-1	259	83	4	6	7	9	10	14	16	17	19	20	21	22	23	24	25	27	28	29	31	32	33	36	38	39	40	41	42	44	45	46	48	50	52	54	56	57	59	61	62	63	65	66	67	71	72	73	75	76	77	78	79	81	83	86	96	98	100	104	105	108	110	111	113	114	115	118	119	120	122	124	125	126	127	128	129	131	133	134	135	142	144	147	148
259	920	405	-16	1649	2376	219	258	-1
260	973	239	9	1620	2162	193	-1	261	84	3	4	6	7	9	10	11	13	14	17	19	22	26	28	29	30	31	32	33	34	35	38	39	40	41	42	43	44	45	47	49	50	51	52	54	56	57	62	63	65	66	68	69	70	71	73	74	75	76	78	80	84	85	89	92	93	95	100	105	107	108	109	110	112	115	120	121	126	127	129	130	131	132	135	136	137	138	139	141	144	145	146	148	149
261	856	66	-9	3621	4122	183	260	-1
262	453	430	17	1498	2211	113	-1	263	-1
263	421	644	-17	837	2080	133	262	-1
264	381	812	19	1418	2025	102	-1	265	51	4	6	7	10	11	19	25	27	29	39	40	41	42	43	46	47	53	55	56	63	64	65	66	67	68	69	70	78	80	81	83	84	86	88	91	92	93	102	103	104	106	109	110	111	114	115	120	126	127	130	145
265	194	733	-19	2556	3608	159	264	-1
266	64	651	9	254	1067	169	-1	267	85	1	2	4	7	9	11	13	14	18	19	23	24	25	26	27	28	29	31	32	33	34	35	36	38	39	41	42	44	45	47	48	49	50	52	53	54	56	59	64	65	73	74	75	76	77	79	81	84	86	88	90	91	92	94	97	98	99	100	101	102	110	111	113	114	116	117	119	120	121	124	126	128	130	132	133	135	138	139	140	141	142	143	144	145	146
267	181	458	-9	3607	4686	110	266	-1
268	222	995	7	2056	3394	201	-1	269	-1
269	106	864	-7	2932	3697	193	268	-1
270	423	674	20	2839	3602	227	-1	271	48	2	11	18	22	24	25	28	29	32	35	38	41	52	57	58	61	62	64	65	70	71	76	77	78	82	83	84	93	94	96	97	98	102	106	110	112	117	120	121	122	129	132	136	143	144	145	146	148
271	325	477	-20	3320	4264	165	270	-1
272	700	690	17	401	1520	207	-1	273	46	5	6	14	19	24	25	29	30	33	40	47	49	50	52	55	62	63	73	77	80	83	84	85	86	88	89	90	91	95	96	106	107	110	116	118	122	123	127	128	130	132	135	139	146	147	148
273	635	598	-17	2023	3204	131	272	-1
274	326	736	17	1643	3122	215	-1	275	-1
275	457	767	-17	947	2164	119	274	-1
276	933	118	5	399	1285	241	-1	277	-1
277	888	16	-5	3140	4456	217	276	-1
278	274	232	10	1412	2490	138	-1	279	-1
279	369	407	-10	3579	4877	157	278	-1
280	957	240	8	2459	3716	226	-1	281	50	4	5	10	11	13	14	16	17	20	22	29	31	34	40	44	46	48	50	53	54	55	60	65	66	75	77	79	82	84	93	97	99	100	102	108	109	110	112	115	119	121	123	126	128	129	132	134	135	139	147
281	979	452	-8	2185	3471	245	280	-1
282	557	556	5	739	2175	140	-1	283	-1
283	702	589	-5	2512	3902	228	282	-1
284	248	842	15	981	2257	239	-1	285	70	0	6	9	13	14	17	18	21	23	25	27	30	31	33	34	37	39	42	45	46	50	54	57	58	59	61	64	65	70	72	73	74	75	79	82	85	86	88	92	93	94	95	97	100	105	109	111	112	115	118	119	122	123	124	126	127	128	132	133	134	135	137	138	140	142	143	144	145	147	149
285	128	620	-15	2256	3692	146	284	-1
286	682	74	10	1214	2642	118	-1	287	76	1	2	3	5	7	8	13	15	17	18	20	23	24	26	28	30	35	36	39	42	43	49	50	52	54	55	57	58	60	61	62	64	65	67	68	73	74	76	79	81	85	86	87	88	91	92	93	94	97	98	99	102	104	105	106	108	109	110	111	112	117	121	123	128	130	131	132	134	135	136	137	138	139	141	142	147
287	826	304	-10	637	1864	196	286	-1
288	460	994	15	113	1236	234	-1	289	65	4	5	6	8	10	11	12	16	17	19	21	22	23	24	25	35	37	38	42	43	45	48	52	54	57	58	59	60	61	64	65	67	69	72	73	75	78	79	80	82	83	86	94	99	100	102	110	111	112	113	114	115	117	120	121	123	124	125	126	130	140	141	142	146	147
289	381	827	-15	2208	3219	133	288	-1
290	72	257	16	2331	3771	118	-1	291	67	2	3	11	13	17	18	19	25	26	30	31	32	34	36	37	40	42	44	46	53	55	57	58	59	63	64	65	66	71	72	73	74	79	83	84	85	87	90	91	93	94	95	97	98	100	102	103	104	105	108	111	116	117	118	120	121	124	125	130	132	133	134	136	137	142	144	146
291	40	203	-16	2073	3112	134	290	-1
292	166	157	19	2178	3602	190	-1	293	-1
293	424	184	-19	2930	4190	245	292	-1
294	679	823	14	524	1846	198	-1	295	88	0	1	2	3	5	6	7	8	9	11	12	14	15	16	17	18	20	22	23	24	25	27	28	29	30	31	32	33	34	36	37	47	48	49	50	52	53	54	56	57	59	60	61	63	65	67	68	69	71	74	77	79	83	85	86	87	90	93	97	98	99	100	101	102	104	105	106	108	109	110	113	116	118	119	120	122	125	126	128	130	132	133	135	136	138	143	146	147
295	716	974	-14	1307	2237	187	294	-1
296	651	578	18	1350	2747	116	-1	297	86	2	5	6	8	9	11	14	16	17	18	19	20	21	22	24	26	27	30	31	32	33	34	35	37	41	42	43	44	45	47	49	50	51	52	54	60	62	63	64	65	66	68	71	75	77	80	82	83	87	88	89	90	92	96	97	99	100	101	105	108	109	111	112	114	116	117	119	120	124	125	127	128	129	130	132	134	135	136	139	140	141	143	145	146	147	148
297	620	410	-18	1346	2417	136	296	-1
298	337	604	6	420	921	244	-1	299	-1
299	353	463	-6	1199	2243	105	298	-1
300	284	476	14	3902	4711	232	-1	301	65	3	7	10	12	13	15	16	19	20	21	22	24	26	27	29	31	32	33	34	36	37	38	41	45	50	54	56	57	59	61	62	63	67	69	70	73	75	79	87	91	95	98	105	108	110	111	112	113	116	117	119	121	125	126	127	129	131	135	139	141	142	144	145	146	147
301	72	622	-14	4024	4735	173	300	-1
302	698	402	15	2289	3660	179	-1	303	47	1	3	7	13	14	15	16	20	25	26	27	28	29	31	35	36	38	42	43	46	49	58	64	76	77	79	85	86	87	92	96	99	105	108	109	111	117	118	119	120	124	134	135	136	137	140	142
303	558	544	-15	3675	4841	185	302	-1
304	751	824	18	2297	3045	186	-1	305	82	0	1	2	3	6	9	10	11	13	16	18	21	22	24	25	27	32	36	37	38	42	43	44	48	49	50	51	53	54	55	56	59	61	63	66	72	74	76	77	78	81	82	84	85	87	89	90	92	94	95	96	97	98	99	100	102	103	107	108	109	110	111	112	113	114	115	117	121	122	124	131	134	135	137	139	140	142	143	144	146	147	149
305	607	752	-18	3205	4324	101	304	-1
306	567	870	9	2297	3048	101	-1	307	-1
307	836	923	-9	2810	4011	132	306	-1
308	913	560	6	3494	4354	135	-1	309	68	2	3	6	7	9	10	13	20	23	27	32	34	37	38	39	41	42	44	46	47	53	55	56	57	60	61	62	63	65	66	67	68	73	74	75	76	78	79	80	83	84	90	91	96	99	101	105	107	110	111	112	113	117	118	122	123	125	128	129	131	134	139	140	141	142	143	147	149
309	686	606	-6	3325	4734	102	308	-1
310	739	793	14	2366	3464	124	-1	311	-1
311	734	909	-14	3098	4131	195	310	-1
312	418	713	6	688	1244	153	-1	313	49	2	5	6	9	10	13	14	18	20	24	25	29	30	33	34	35	38	40	42	45	52	63	65	69	70	71	74	77	79	85	86	87	91	94	99	104	108	111	113	118	123	124	131	132	133	135	138	148	149
313	359	778	-6	3497	4219	161	312	-1
314	290	869	9	833	1791	230	-1	315	75	0	1	7	8	9	10	12	14	16	18	20	24	25	27	28	31	33	35	36	37	41	42	44	45	46	48	51	53	54	55	56	57	58	60	63	67	69	70	72	76	77	80	81	83	85	90	91	92	97	98	99	100	102	105	108	111	114	115	118	120	122	123	124	128	130	133	134	136	138	139	140	141	145	146	148
315	238	932	-9	3649	4291	117	314	-1
316	18	802	11	270	1116	162	-1	317	65	2	4	5	7	9	13	14	15	17	20	22	24	26	28	30	31	32	35	36	37	41	43	45	46	48	49	54	55	60	62	65	66	67	73	77	80	84	85	86	89	93	94	95	98	99	103	107	108	110	111	116	117	120	122	123	124	126	130	133	134	137	138	142	144	145
317	137	550	-11	3167	4126	150	316	-1
318	807	331	11	108	1083	135	-1	319	-1
319	829	205	-11	3841	4767	165	318	-1
320	556	358	13	2482	3953	195	-1	321	-1
321	375	202	-13	2660	3687	198	320	-1
322	640	987	19	89	697	224	-1	323	-1
323	536	883	-19	223	1641	226	322	-1
324	412	980	9	290	862	181	-1	325	-1
325	454	792	-9	2947	3602	214	324	-1
326	705	376	9	1774	2709	104	-1	327	48	1	5	8	13	14	18	21	25	28	33	35	38	40	42	43	45	53	55	56	64	65	66	68	75	76	77	82	85	89	97	99	101	104	106	110	113	117	118	120	122	123	128	133	135	139	142	145	149
327	818	301	-9	3862	4578	183	326	-1
328	687	63	19	557	1193	188	-1	329	-1
329	480	209	-19	757	1842	102	328	-1
330	460	44	9	328	1240	208	-1	331	-1
331	660	239	-9	3074	3976	227	330	-1
332	383	762	20	3351	4236	116	-1	333	58	0	2	6	8	13	15	17	18	19	20	25	32	35	36	39	42	50	52	55	56	59	61	62	63	66	70	75	76	78	80	82	91	92	93	94	97	101	103	104	105	106	111	112	113	114	118	123	125	126	129	134	135	137	140	141	143	146	149
333	522	691	-20	4123	4635	214	332	-1
334	987	278	6	597	1521	140	-1	335	51	4	7	11	15	17	22	23	24	26	29	32	33	35	36	37	38	41	42	43	44	46	51	54	57	58	59	63	68	72	73	76	82	85	93	104	105	108	109	118	122	127	128	132	133	136	140	141	142	144	145	147
335	799	382	-6	1932	2561	181	334	-1
336	44	913	11	1775	3192	223	-1	337	73	1	2	4	5	6	7	9	10	11	12	13	16	18	19	21	22	23	26	29	31	32	33	34	35	36	37	38	39	40	41	43	44	47	48	49	54	59	61	63	64	69	74	77	84	85	86	88	90	92	98	99	100	102	103	104	105	108	111	113	114	118	119	120	121	122	126	128	130	134	137	141	142	147
337	50	956	-11	1523	2460	104	336	-1
338	694	381	13	744	1662	218	-1	339	-1
339	923	291	-13	1430	2124	104	338	-1
340	591	542	14	3864	4442	193	-1	341	-1
341	449	600	-14	3550	4901	246	340	-1
342	32	213	14	21	1361	245	-1	343	-1
343	155	21	-14	34	1152	208	342	-1
344	347	324	6	1458	1967	175	-1	345	-1
345	189	266	-6	2730	4222	106	344	-1
346	443	365	6	747	1405	231	-1	347	46	5	9	14	16	18	19	22	24	28	29	31	44	45	53	57	59	66	67	69	72	75	76	82	88	89	90	94	95	97	99	101	106	107	108	109	110	111	118	119	125	129	130	133	137	143	147
347	371	220	-6	544	1560	221	346	-1
348	878	44	10	100	1490	160	-1	349	-1
349	922	96	-10	2954	4330	236	348	-1
350	911	465	8	889	1984	177	-1	351	89	0	1	2	3	4	9	10	11	12	13	14	15	17	20	21	22	24	28	29	30	31	32	33	35	36	37	39	40	43	44	45	46	47	50	51	53	54	55	57	60	62	63	65	66	67	70	72	73	77	78	79	81	82	85	86	89	90	92	94	96	101	104	105	107	108	110	112	114	116	122	125	127	128	130	131	132	134	135	137	138	140	141	143	144	145	146	147	148	149
351	944	556	-8	668	1421	198	350	-1
352	793	161	14	978	1904	239	-1	353	-1
353	633	154	-14	628	2123	240	352	-1
354	779	419	9	292	1002	138	-1	355	63	2	4	5	12	15	21	22	25	27	29	31	32	33	35	36	48	49	50	51	54	58	60	61	65	66	67	71	73	74	76	77	79	80	81	82	90	91	92	93	94	96	97	98	100	103	109	115	116	117	119	120	121	122	124	125	131	132	135	139	141	144	145	146
355	974	343	-9	2240	3078	156	354	-1
356	919	423	16	379	1621	227	-1	357	68	4	5	6	7	8	9	12	15	16	17	19	20	23	26	29	30	36	37	38	42	47	50	51	53	55	56	58	60	62	64	65	67	68	69	70	72	73	74	79	82	83	92	94	95	97	98	99	100	104	105	108	114	116	118	119	121	123	125	128	133	134	138	139	140	143	144	145	146
357	727	555	-16	731	1948	225	356	-1
358	120	513	16	40	841	233	-1	359	-1
359	295	720	-16	339	1616	246	358	-1
360	792	254	20	3184	4397	169	-1	361	67	5	7	8	9	10	11	13	14	15	17	18	20	23	24	26	28	29	32	33	35	36	44	45	46	47	49	52	57	62	63	65	66	67	71	78	79	83	85	86	91	94	99	100	101	102	104	108	109	110	111	112	113	114	115	117	118	120	127	131	132	136	139	141	142	143	144	145
361	738	79	-20	3160	4222	122	360	-1
362	959	106	17	1471	2658	115	-1	363	-1
363	930	232	-17	3756	4853	103	362	-1
364	934	773	13	2056	3227	208	-1	365	81	0	2	4	5	7	8	9	11	12	13	14	15	17	21	23	24	26	33	35	37	39	41	42	43	44	45	46	47	48	51	53	55	57	58	62	63	65	66	67	70	71	72	73	77	78	79	80	83	84	86	87	89	95	97	99	100	101	102	103	104	106	107	108	109	115	116	121	122	126	127	128	129	130	131	136	137	141	144	145	146	149
365	725	646	-13	2991	4177	232	364	-1
366	324	173	8	86	1402	200	-1	367	51	1	2	12	13	15	18	19	20	27	30	34	37	38	43	46	47	51	59	65	72	73	77	78	79	80	83	87	99	101	103	104	107	111	115	116	117	118	122	126	127	130	134	135	136	139	140	143	146	147	148	149
367	221	152	-8	1513	2542	209	366	-1
368	664	411	14	2207	2786	203	-1	369	-1
369	847	361	-14	1917	3033	194	368	-1
370	200	892	18	2850	4344	223	-1	371	55	9	13	22	23	25	29	30	32	39	40	43	45	46	48	50	54	59	64	65	66	68	71	74	75	80	82	85	88	89	90	93	95	98	99	105	106	107	109	112	113	114	117	122	123	126	129	132	135	137	138	139	142	144	145	147
371	198	721	-18	4278	4944	243	370	-1
372	537	976	14	1803	2509	114	-1	373	-1
373	733	989	-14	2066	3190	110	372	-1
374	737	54	19	749	1570	152	-1	375	-1
375	911	28	-19	2627	3171	160	374	-1
376	858	120	14	2718	3318	190	-1	377	-1
377	894	39	-14	2960	4458	203	376	-1
378	799	370	10	312	1748	113	-1	379	-1
379	758	457	-10	798	2151	208	378	-1
380	694	635	14	1804	2328	216	-1	381	-1
381	577	807	-14	4042	4961	128	380	-1
382	73	748	14	3468	4794	119	-1	383	-1
383	58	762	-14	4067	4655	229	382	-1
384	350	568	12	2150	3360	184	-1	385	54	0	1	6	7	9	18	21	23	30	32	33	34	37	38	40	46	47	56	61	69	70	71	72	75	77	78	82	84	92	93	94	95	96	97	100	101	103	108	111	112	114	118	124	126	128	130	131	135	136	138	140	141	143	144
385	236	500	-12	3173	3989	144	384	-1
386	218	140	17	3034	3554	204	-1	387	-1
387	440	7	-17	3314	4657	116	386	-1
388	516	309	12	367	1290	189	-1	389	-1
389	417	168	-12	840	1836	231	388	-1
390	912	940	17	1151	2310	136	-1	391	62	1	3	5	8	9	11	15	16	19	26	28	29	30	33	35	36	43	44	53	56	58	61	64	65	68	69	71	75	77	80	83	84	85	86	87	89	90	92	93	98	102	104	105	108	109	110	114	115	119	122	126	127	128	129	132	138	139	140	142	143	145	149
391	857	931	-17	1908	3190	228	390	-1
392	548	945	8	200	1627	138	-1	393	-1
393	595	917	-8	690	1321	239	392	-1
394	822	727	17	238	1106	209	-1	395	-1
395	793	480	-17	387	1738	141	394	-1
396	701	785	19	3394	4082	237	-1	397	-1
397	659	847	-19	3341	4375	164	396	-1
398	587	99	14	30	1443	216	-1	399	-1
399	555	4	-14	1563	2843	227	398	-1
400	327	233	18	1950	3067	217	-1	401	-1
401	140	309	-18	2145	2859	136	400	-1
402	218	233	10	1302	2594	212	-1	403	69	0	1	3	4	6	7	8	10	12	20	21	27	30	31	32	33	35	37	38	39	42	43	45	47	49	50	51	54	56	61	62	63	65	67	69	72	73	76	77	80	81	86	87	88	90	91	92	95	96	102	105	106	117	118	119	120	121	123	124	125	129	130	132	135	137	139	140	142	146
403	284	406	-10	907	2266	124	402	-1
404	81	178	15	2430	3291	244	-1	405	89	2	4	5	6	7	8	10	13	14	17	21	22	26	27	31	32	33	35	36	37	38	39	41	43	47	48	51	52	55	56	58	61	63	64	65	66	67	69	70	72	74	77	79	81	82	83	84	85	87	88	90	91	93	94	95	96	98	101	103	104	105	107	108	110	113	114	117	118	119	121	122	124	125	126	127	128	129	130	131	132	133	138	140	141	142	143	145	147	148
405	94	387	-15	3029	3937	124	404	-1
406	390	11	9	2254	3520	142	-1	407	-1
407	517	250	-9	2725	3379	199	406	-1
408	374	463	16	6	1100	200	-1	409	-1
409	379	218	-16	794	1939	238	408	-1
410	410	759	9	355	1603	179	-1	411	-1
411	472	537	-9	497	1906	184	410	-1
412	109	159	13	681	2012	114	-1	413	59	8	9	10	11	13	18	20	24	28	29	30	32	35	38	39	40	41	43	46	47	50	52	57	62	63	67	68	70	73	82	85	90	93	96	97	98	102	103	104	106	108	110	111	112	113	115	119	121	125	128	129	133	135	136	140	142	143	144	147
413	219	418	-13	770	2156	165	412	-1
414	204	184	7	481	1659	125	-1	415	84	2	3	5	10	11	12	14	16	17	19	21	23	28	30	31	32	33	37	41	43	44	45	46	48	49	51	53	55	56	58	59	60	61	63	65	66	68	69	71	72	73	74	75	77	80	81	83	86	88	90	92	94	95	96	98	99	101	103	104	105	106	107	108	109	113	114	116	117	119	120	124	125	126	127	128	129	131	136	137	139	140	142	143	145
415	332	48	-7	175	1184	112	414	-1
416	204	316	8	1468	2739	181	-1	417	-1
417	193	489	-8	1613	3064	158	416	-1
418	403	818	13	96	1139	128	-1	419	-1
419	366	712	-13	634	2000	196	418	-1
420	32	635	6	692	1659	143	-1	421	-1
421	17	438	-6	3512	4519	226	420	-1
422	568	753	16	830	1668	166	-1	423	-1
423	614	820	-16	850	2286	244	422	-1
424	789	369	15	3835	4796	214	-1	425	-1
425	800	403	-15	2782	4253	112	424	-1
426	800	787	5	940	1644	140	-1	427	72	3	4	5	8	9	10	11	12	13	14	20	21	23	24	26	28	30	31	32	34	35	38	39	40	45	48	50	54	55	58	61	62	67	68	69	71	72	73	75	77	79	81	82	84	85	88	89	93	95	97	99	100	101	106	107	109	110	112	114	120	122	125	129	130	134	136	138	139	141	143	145	148
427	768	625	-5	607	1482	146	426	-1
428	919	988	6	1833	2665	154	-1	429	-1
429	771	955	-6	3568	4166	164	428	-1
430	51	783	17	1162	2634	126	-1	431	-1
431	179	738	-17	859	1638	121	430	-1
432	307	75	11	1190	1783	119	-1	433	-1
433	169	69	-11	1060	2170	109	432	-1
434	203	369	16	3160	3852	170	-1	435	65	0	3	9	12	13	14	15	16	20	23	24	31	36	40	42	44	45	49	50	53	55	56	57	59	61	64	65	66	70	71	72	74	78	79	80	83	88	89	90	92	94	96	98	100	101	104	106	107	108	113	115	118	123	125	127	128	129	131	133	136	137	139	141	142	147
435	346	570	-16	3546	4140	239	434	-1
436	308	525	15	18	1412	247	-1	437	57	1	2	7	16	17	22	23	24	25	26	27	29	30	32	33	35	36	38	42	43	44	45	47	56	62	66	69	70	71	72	81	85	86	88	91	93	96	97	98	100	101	104	105	111	112	113	122	125	126	129	131	134	137	139	141	145	147
437	141	473	-15	3375	4001	133	436	-1
438	979	792	12	3102	3903	169	-1	439	-1
439	836	990	-12	3073	4170	105	438	-1
440	664	516	19	2075	3377	118	-1	441	70	4	5	6	7	8	11	12	15	18	19	23	27	32	33	37	38	39	40	42	43	47	48	49	50	51	52	53	56	59	61	72	73	75	76	77	78	80	81	88	90	93	94	96	97	98	101	103	105	108	112	114	115	116	118	119	120	121	122	123	124	125	135	136	137	138	141	143	145	146	147
441	826	439	-19	1394	2853	160	440	-1
442	430	192	17	801	2257	135	-1	443	-1
443	598	51	-17	1481	2564	144	442	-1
444	124	207	5	2184	3652	141	-1	445	78	1	2	7	9	10	14	15	17	20	23	25	26	27	28	29	31	32	33	35	36	38	42	43	44	46	47	48	49	50	53	54	56	59	60	64	66	68	70	71	74	77	78	83	85	86	87	89	90	91	93	96	97	98	100	103	105	108	110	111	113	114	120	123	125	126	130	132	133	135	136	139	141	143	144	145	146	147	148
445	368	338	-5	2836	3865	137	444	-1
446	705	48	9	1803	2961	122	-1	447	70	1	6	12	15	16	22	23	29	30	34	35	36	41	42	45	47	48	50	52	54	55	57	60	63	64	65	66	67	72	73	74	75	76	78	79	80	81	82	86	88	89	91	93	95	98	100	102	103	105	109	110	111	112	113	114	117	124	125	127	128	129	133	136	137	139	140	141	145	146	148
447	908	185	-9	1452	2435	165	446	-1
448	850	467	16	3185	3968	238	-1	449	67	1	2	3	5	6	9	11	12	13	14	15	22	26	30	31	32	36	38	40	41	43	47	49	50	52	56	57	59	60	62	63	64	66	67	72	76	78	81	82	86	87	88	90	91	96	100	101	103	104	105	106	109	115	116	120	124	126	128	129	136	137	138	140	143	145	147	148
449	776	197	-16	2745	4018	151	448	-1
450	983	809	11	3527	4823	101	-1	451	49	1	5	11	15	16	18	20	23	27	31	32	34	37	39	41	46	52	54	55	58	67	68	73	74	75	78	79	84	85	87	88	94	99	100	102	103	104	106	107	108	110	119	122	123	124	132	143	146	148
451	981	590	-11	2997	4055	133	450	-1
452	289	684	8	1850	2559	249	-1	453	73	1	2	3	6	9	11	13	15	16	19	25	28	34	35	37	39	40	43	44	45	48	49	50	51	53	54	56	59	60	62	63	65	66	72	74	75	76	78	79	83	85	87	88	96	97	101	106	108	110	111	113	114	117	118	121	124	126	127	129	130	132	133	134	135	137	138	139	141	143	144	146	147	149
453	25	605	-8	1998	3402	196	452	-1
454	284	257	10	2857	4089	137	-1	455	53	2	15	18	19	20	22	29	31	36	37	38	39	41	42	48	52	53	54	55	62	64	66	67	72	73	74	78	81	84	87	90	94	98	99	101	104	109	110	112	117	118	119	121	123	124	128	129	130	131	135	137	142	144
455	141	247	-10	2974	3731	172	454	-1
456	159	401	13	2177	3001	106	-1	457	-1
457	170	457	-13	2623	3603	198	456	-1
458	792	850	8	226	1205	103	-1	459	-1
459	797	844	-8	1050	1995	226	458	-1
460	519	145	20	81	919	170	-1	461	-1
461	697	288	-20	3472	3987	221	460	-1
462	337	206	16	1253	1831	205	-1	463	45	1	3	5	6	9	14	16	19	22	23	29	36	38	46	49	57	58	61	65	68	70	73	75	78	79	80	83	84	90	92	93	94	99	107	109	116	121	126	128	132	134	139	140	141	142
463	366	286	-16	1213	2551	143	462	-1
464	974	684	8	438	1481	135	-1	465	-1
465	872	811	-8	4119	4724	166	464	-1
466	339	47	16	205	718	179	-1	467	-1
467	541	16	-16	2987	4259	217	466	-1
468	370	913	19	1494	2518	191	-1	469	82	1	2	3	5	9	12	13	14	15	16	17	20	21	23	24	25	26	27	29	31	34	35	39	40	41	44	45	47	49	51	52	53	54	55	56	57	58	61	63	65	69	71	75	76	79	80	81	82	85	87	90	92	93	94	96	97	100	104	106	107	108	110	111	112	114	115	116	117	118	124	126	128	130	131	135	136	138	140	143	144	148	149
469	457	684	-19	1387	2281	127	468	-1
470	21	563	13	1150	2496	225	-1	471	64	1	5	7	9	11	12	15	16	17	18	19	21	22	23	24	25	28	29	30	33	36	38	40	41	43	44	47	52	55	58	62	63	70	72	74	77	78	81	84	85	89	93	94	98	100	101	104	105	106	107	108	109	110	112	117	124	125	127	128	129	134	136	138	142
471	243	524	-13	2631	3762	147	470	-1
472	912	238	8	1711	2346	124	-1	473	-1
473	829	298	-8	1603	2683	140	472	-1
474	657	657	11	1003	1570	141	-1	475	47	5	6	14	15	19	30	33	38	41	44	46	47	48	49	52	53	54	55	56	57	58	60	70	71	74	80	82	84	87	89	96	97	98	105	108	110	112	117	120	124	129	130	131	136	137	139	142
475	390	683	-11	1639	2725	140	474	-1
476	552	550	9	1353	2594	163	-1	477	89	1	5	7	8	9	10	11	12	13	14	17	20	21	22	26	30	33	34	36	37	39	41	43	44	48	49	50	52	53	55	56	59	60	61	62	63	64	65	69	71	72	73	74	77	78	79	80	83	84	85	86	88	91	94	95	96	97	98	99	100	104	105	107	108	109	110	111	112	113	117	118	119	120	121	122	123	126	127	128	129	130	132	135	138	139	140	144	145	147
477	620	391	-9	1664	2389	180	476	-1
478	129	395	6	2833	3749	160	-1	479	-1
479	308	418	-6	2844	4300	102	478	-1
480	971	76	14	1688	3113	152	-1	481	69	0	1	2	5	9	10	16	17	20	23	24	31	32	33	34	35	38	44	45	46	48	52	53	54	57	58	59	64	65	69	71	73	74	75	77	78	80	82	83	93	94	99	100	104	105	107	108	110	114	115	117	118	119	121	125	126	127	129	132	134	135	137	138	139	142	143	145	147	148
481	913	240	-14	2549	3892	105	480	-1
482	45	224	12	1329	2100	187	-1	483	79	4	6	7	10	11	13	15	16	17	18	22	24	26	27	28	29	30	34	36	37	40	42	43	44	46	48	49	52	57	59	63	64	67	70	72	73	74	76	77	79	82	84	88	95	96	97	98	100	101	102	104	105	106	107	108	110	112	114	116	119	120	122	123	124	125	129	131	133	135	137	138	139	140	142	144	145	146	147	148
483	51	227	-12	749	1763	191	482	-1
484	66	12	6	40	599	173	-1	485	82	2	5	6	10	11	14	16	18	19	22	24	25	26	28	30	31	32	33	34	36	37	38	44	45	47	49	50	52	54	55	57	58	60	62	63	65	68	69	72	73	74	77	79	80	81	83	85	86	88	89	90	91	92	93	95	97	99	100	102	103	111	114	115	116	119	120	122	123	126	130	131	135	136	137	138	139	140	141	146	147	148	149
485	182	175	-6	2046	3227	185	484	-1
486	333	155	10	1258	2447	205	-1	487	-1
487	355	11	-10	2720	4023	213	486	-1
488	513	908	16	2028	2541	223	-1	489	61	5	6	7	9	10	13	16	18	20	21	22	23	26	27	32	33	36	44	45	46	47	48	49	51	52	53	54	57	61	63	65	66	67	69	70	71	73	77	83	85	86	88	92	95	97	101	103	109	110	114	118	119	123	124	133	136	137	142	145	147	148
489	554	975	-16	3601	4517	159	488	-1
490	230	132	15	334	1785	165	-1	491	73	0	1	3	5	9	10	12	13	16	20	21	23	25	26	29	31	33	34	35	38	39	40	41	43	45	46	47	48	50	52	54	57	58	62	64	66	68	69	72	75	77	78	79	81	82	86	90	92	94	98	99	101	103	106	107	109	112	113	118	120	122	123	126	127	128	129	134	136	139	142	146	147	149
491	232	374	-15	1823	3141	170	490	-1
492	395	719	13	455	1294	133	-1	493	-1
493	232	571	-13	3831	4386	176	492	-1
494	679	713	15	940	2112	172	-1	495	84	1	4	5	8	9	10	11	14	15	16	17	19	20	22	24	25	29	31	34	37	39	40	43	44	45	49	52	54	55	59	60	62	63	66	67	70	71	73	74	75	77	78	80	81	82	83	84	85	86	87	88	89	93	94	96	97	100	101	104	105	106	110	111	112	113	114	115	117	118	119	121	122	124	125	126	128	129	130	131	133	134	138	139	144
495	647	583	-15	158	1487	167	494	-1
496	574	109	16	2196	3272	141	-1	497	87	1	4	7	9	10	11	12	13	14	15	16	17	19	20	21	22	25	27	28	32	33	37	38	41	42	45	46	48	50	52	55	56	58	59	61	65	66	67	68	70	71	74	78	79	81	84	85	87	88	92	93	94	95	98	99	100	102	103	104	105	107	112	113	114	115	116	118	120	121	122	123	125	126	127	128	129	130	131	132	134	138	142	143	144	145	146	148
497	314	107	-16	3917	4643	224	496	-1
498	450	129	6	2303	3107	146	-1	499	-1
499	466	47	-6	1322	2814	214	498	-1
500	973	523	13	797	2222	181	-1	501	-1
501	930	503	-13	670	1807	220	500	-1
502	720	349	15	2786	3293	229	-1	503	48	9	11	19	21	22	23	27	28	30	32	33	38	43	46	50	52	54	58	59	60	61	64	71	73	81	83	84	87	89	91	94	99	102	104	106	111	117	120	124	129	133	136	138	139	142	144	146	148
503	926	344	-15	4104	4716	181	502	-1
504	869	61	17	1013	1888	148	-1	505	-1
505	608	21	-17	431	1878	224	504	-1
506	82	12	10	818	1373	101	-1	507	83	1	3	4	5	6	7	8	10	13	14	16	17	19	21	23	24	25	26	30	32	33	34	36	38	43	44	46	48	49	52	53	56	57	59	60	63	64	65	67	68	69	75	77	79	81	83	85	86	87	88	89	92	93	94	100	103	104	105	106	107	109	112	114	118	120	123	126	127	128	131	133	134	136	137	138	139	140	141	142	144	147	148	149
507	224	42	-10	1028	2391	223	506	-1
508	1	555	10	1042	2442	120	-1	509	-1
509	212	731	-10	3024	3881	165	508	-1
510	287	611	13	1896	2402	131	-1	511	50	0	4	6	9	15	19	23	24	25	27	32	37	38	43	44	45	51	54	57	64	65	66	68	69	73	74	75	76	81	82	88	92	93	95	97	104	109	112	114	116	121	123	126	128	134	141	142	146	148	149
511	88	576	-13	1940	2549	134	510	-1
512	41	244	19	512	1581	154	-1	513	66	2	3	11	16	18	19	22	27	28	30	33	34	36	37	38	39	40	42	43	45	46	47	48	50	51	52	60	63	64	65	66	67	68	69	72	73	74	76	80	82	85	86	89	90	91	93	94	95	100	107	109	111	112	114	117	118	119	131	132	136	138	140	141	143	146	147
513	300	174	-19	2412	3807	180	512	-1
514	260	597	15	1883	3268	199	-1	515	63	0	1	2	5	8	14	19	21	22	25	26	28	30	33	36	37	43	44	51	53	54	58	60	63	64	65	66	67	68	69	71	73	77	81	87	88	89	91	94	96	99	103	106	107	108	114	115	117	119	120	121	123	124	125	127	132	133	134	136	139	144	146	149
515	439	725	-15	1877	3227	234	514	-1
516	958	274	9	2542	3895	102	-1	517	81	0	1	4	6	10	12	18	19	20	23	25	26	27	28	31	34	35	36	39	42	43	44	45	47	49	51	55	57	59	60	61	64	65	66	68	69	70	72	73	76	78	80	82	84	85	86	87	88	89	90	92	93	94	96	98	100	105	108	109	111	116	117	120	121	122	123	124	126	127	129	130	132	134	135	136	139	140	142	144	145	147
517	987	542	-9	2622	3633	154	516	-1
518	94	147	17	1140	1734	116	-1	519	-1
519	307	207	-17	3520	4059	217	518	-1
520	65	339	14	285	1031	102	-1	521	76	0	1	5	7	10	11	12	16	17	19	21	22	25	28	29	34	37	38	39	40	44	45	46	47	50	51	52	57	58	61	63	64	65	66	67	69	70	72	74	75	77	78	79	82	84	85	86	87	89	90	93	98	105	106	107	109	110	111	114	115	116	117	120	122	123	126	127	129	131	132	135	136	138	139	143	147
521	148	141	-14	825	1448	118	520	-1
522	933	57	16	2364	3339	131	-1	523	-1
523	779	228	-16	3500	4711	125	522	-1
524	302	635	6	1824	3290	159	-1	525	58	1	4	6	9	11	12	13	14	16	17	21	22	29	30	31	32	36	37	40	42	47	60	63	64	65	68	72	73	75	78	80	81	92	95	96	97	100	103	104	105	111	112	114	115	117	121	122	125	126	131	132	135	137	140	142	144	145	148
525	35	691	-6	2329	3093	190	524	-1
526	206	58	16	2052	3017	245	-1	527	-1
527	312	38	-16	2321	3452	151	526	-1
528	235	288	20	1032	1624	210	-1	529	-1
529	267	102	-20	4029	4963	185	528	-1
530	678	933	14	189	953	183	-1	531	-1
531	910	936	-14	2610	3813	124	530	-1
532	55	814	10	3624	4382	243	-1	533	62	2	3	6	7	9	12	15	18	19	24	27	30	31	32	36	39	47	48	51	52	54	56	58	59	60	61	62	64	65	74	80	81	82	86	87	89	91	94	97	99	100	102	104	107	109	111	112	114	117	118	119	121	127	128	129	130	131	134	136	139	147	148
533	148	753	-10	3748	4913	122	532	-1
534	729	674	15	2436	3108	184	-1	535	80	1	3	6	7	12	13	14	15	16	17	19	22	24	25	27	28	29	30	32	35	36	37	38	39	42	44	47	49	50	51	54	55	57	58	60	62	63	64	65	66	67	68	69	72	73	76	77	81	82	83	84	87	91	93	95	97	98	103	104	105	108	110	111	113	115	118	120	121	124	125	127	132	134	136	138	139	140	143	144	146
535	825	799	-15	3037	4505	224	534	-1
536	160	642	12	2804	3986	210	-1	537	61	0	1	2	5	6	8	14	15	17	18	20	25	27	30	31	36	38	45	49	52	53	54	58	59	61	63	64	71	73	74	77	78	81	82	83	85	88	89	92	93	95	96	100	101	110	112	114	115	116	118	119	122	124	128	133	134	137	140	141	147	148
537	89	591	-12	2125	3509	119	536	-1
538	387	232	9	1475	2505	187	-1	539	78	1	2	3	4	5	6	13	14	15	16	18	20	23	24	26	27	31	32	35	38	39	41	42	45	46	48	50	51	53	54	57	59	61	63	65	67	69	74	77	78	79	80	82	84	85	89	92	93	94	97	98	102	104	106	107	109	110	113	115	117	122	123	125	126	127	128	131	134	136	137	138	139	140	141	144	145	146	148
539	360	9	-9	3840	4797	157	538	-1
540	681	37	19	3011	4223	248	-1	541	82	0	1	2	4	5	6	8	10	11	12	14	15	19	21	23	24	25	26	28	32	34	35	36	38	40	41	42	43	44	48	51	54	56	58	60	61	62	63	65	66	67	68	71	72	77	80	81	82	86	88	90	91	93	94	95	99	101	103	106	107	111	114	117	122	124	125	126	127	129	130	133	134	135	136	138	139	142	144	145	147	148	149
541	749	195	-19	4408	4990	121	540	-1
542	129	555	7	1584	2165	188	-1	543	-1
543	228	693	-7	3372	4860	149	542	-1
544	160	552	18	1331	2647	148	-1	545	-1
545	439	543	-18	1805	3018	116	544	-1
546	165	51	10	3843	4832	206	-1	547	78	4	9	10	13	17	19	22	23	24	25	27	29	30	31	32	34	35	37	38	39	41	43	45	46	47	50	58	59	60	61	62	64	65	66	70	71	73	74	78	79	80	81	82	83	86	87	88	89	90	91	92	93	95	97	98	100	105	106	108	112	115	116	118	121	122	123	124	125	127	128	129	130	131	134	136	137	142	143
547	14	253	-10	3788	4619	187	546	-1
548	687	102	13	625	1892	204	-1	549	-1
549	886	265	-13	2624	3798	169	548	-1
550	372	192	5	513	1023	194	-1	551	-1
551	565	376	-5	3094	3638	199	550	-1
552	341	32	9	746	1358	200	-1	553	56	2	5	6	15	19	21	23	29	30	33	34	37	38	39	41	47	49	52	53	58	60	62	65	66	67	69	70	72	74	79	80	81	84	89	92	94	95	96	97	98	101	108	113	116	121	122	124	127	130	132	136	140	142	147	148	149
553	113	157	-9	2386	3053	220	552	-1
554	705	243	8	310	1534	101	-1	555	53	2	6	10	12	16	17	19	24	25	26	27	28	29	33	36	45	49	51	52	54	55	59	60	63	65	68	69	81	83	85	86	87	91	92	95	97	104	106	111	114	115	119	125	126	127	129	135	136	137	139	144	145	148
555	532	156	-8	3226	4293	211	554	-1
556	101	22	17	1627	2803	242	-1	557	-1
557	207	259	-17	3851	4860	245	556	-1
558	731	868	13	1298	2323	116	-1	559	86	2	3	4	5	6	7	9	11	15	16	17	19	20	21	22	23	24	27	30	31	32	34	36	38	39	42	46	49	50	52	53	58	59	60	61	62	63	65	67	69	70	71	72	73	75	76	81	83	87	88	90	91	94	95	96	97	99	101	102	106	107	109	110	112	113	116	119	123	125	126	127	128	129	131	134	135	138	139	141	143	144	145	146	147	148	149
559	560	705	-13	3857	4545	213	558	-1
560	463	614	7	1022	1654	112	-1	561	63	8	11	12	15	16	17	20	21	22	25	26	29	30	32	34	35	38	40	41	43	47	55	56	58	59	60	61	63	64	68	69	73	76	78	81	82	87	89	90	95	99	100	102	109	111	113	121	122	123	124	126	127	128	129	131	137	140	141	142	144	146	148	149
561	336	851	-7	3771	4601	176	560	-1
562	794	314	14	2475	3276	203	-1	563	62	2	6	7	13	15	18	20	25	26	27	29	30	31	33	34	35	37	38	39	40	43	44	46	47	50	52	54	56	58	65	68	71	74	83	91	93	99	103	108	109	110	112	113	114	116	118	119	120	121	123	127	128	131	132	136	138	140	142	146	147	148	149
563	734	425	-14	3783	4352	143	562	-1
564	378	497	18	903	1615	198	-1	565	63	2	3	4	5	6	9	10	11	12	15	24	25	27	28	29	32	33	34	35	36	37	39	40	43	44	46	48	49	50	53	54	59	62	63	69	72	75	83	84	87	89	90	91	94	96	97	101	105	106	110	112	117	119	122	125	127	133	134	139	142	143	144	148
565	354	217	-18	2440	3054	158	564	-1
566	470	641	7	1225	2285	120	-1	567	52	0	3	7	8	9	12	13	15	18	20	22	27	28	35	36	40	47	49	51	55	56	57	61	71	73	74	75	77	79	82	83	84	88	89	91	92	93	95	97	99	102	105	106	107	114	119	120	123	124	126	141	148
567	353	526	-7	2853	3796	151	566	-1
568	486	945	16	1454	2842	219	-1	569	84	1	2	3	5	6	11	12	13	16	17	20	21	26	27	31	32	36	37	38	39	40	41	42	45	46	48	49	51	52	54	55	56	58	61	62	63	64	65	67	68	70	71	74	75	77	78	83	84	87	88	90	92	93	96	99	101	103	104	105	108	110	111	112	113	114	116	118	119	120	123	124	125	126	127	128	129	132	134	136	138	139	140	142	147
569	366	697	-16	2861	3813	175	568	-1
570	7	630	19	3904	4623	103	-1	571	-1
571	82	437	-19	3220	4631	147	570	-1
572	47	782	18	2375	3693	117	-1	573	72	1	2	3	4	12	15	21	22	24	26	27	28	29	31	34	36	38	40	43	45	47	50	55	58	63	64	66	67	68	69	70	72	73	75	76	77	79	80	81	82	83	84	85	86	87	88	91	96	102	103	104	105	106	107	108	109	111	114	119	121	124	127	131	134	135	137	138	142	143	144	145	148
573	209	623	-18	2771	4240	245	572	-1
574	659	890	18	102	724	138	-1	575	-1
575	913	881	-18	933	1674	168	574	-1
576	267	577	8	1948	3446	138	-1	577	86	2	3	5	6	9	11	13	14	16	18	19	21	22	23	26	27	29	30	31	32	33	34	35	36	41	42	45	46	47	49	51	52	53	56	57	60	61	63	64	65	66	69	71	73	74	76	78	81	83	85	86	87	88	89	90	91	93	95	97	107	108	113	114	115	116	119	120	125	127	128	129	130	131	133	134	135	137	139	140	141	142	144	145	146	147	148
577	482	546	-8	3356	4624	165	576	-1
578	174	139	15	1719	2533	226	-1	579	80	2	3	4	5	10	11	12	13	16	17	19	21	23	24	25	26	27	29	30	31	32	33	35	41	43	44	46	47	49	50	53	56	57	58	60	62	63	67	68	70	71	73	74	75	78	79	81	82	85	86	90	92	93	95	96	99	100	101	103	108	111	115	117	118	120	121	123	124	125	127	128	130	134	135	138	140	142	144	146	147
579	351	162	-15	1523	2806	224	578	-1
580	781	453	8	738	2130	128	-1	581	66	1	2	7	8	9	10	11	18	19	20	21	24	26	28	30	32	35	38	39	40	44	45	46	51	57	59	60	61	67	68	70	72	80	81	82	84	85	86	90	92	93	95	98	99	104	107	108	109	111	112	114	120	122	123	126	129	130	131	133	134	137	141	142	143	144	145
581	972	318	-8	2199	2913	149	580	-1
582	361	604	13	1915	3219	157	-1	583	-1
583	350	496	-13	3642	4399	246	582	-1
584	759	385	9	1667	2692	145	-1	585	-1
585	755	484	-9	2881	3444	111	584	-1
586	778	285	10	316	1344	203	-1	587	48	1	5	7	10	17	20	22	23	24	31	33	34	37	38	40	41	43	45	46	50	51	53	55	61	63	64	69	73	74	83	85	86	94	95	97	99	107	109	110	120	121	123	126	127	129	137	146	147
587	724	161	-10	764	1621	149	586	-1
588	850	315	13	2363	3184	227	-1	589	76	0	1	6	7	9	10	12	15	16	17	18	19	20	23	24	25	27	30	32	35	36	38	43	44	47	48	49	53	59	60	61	62	64	67	69	70	75	76	77	79	81	83	84	86	90	92	93	94	95	97	103	104	105	107	110	112	113	114	115	117	119	120	121	122	126	128	129	130	134	136	137	139	141	142	144	148
589	910	158	-13	4280	4797	215	588	-1
590	601	654	15	2222	3066	168	-1	591	-1
591	599	643	-15	2001	3280	195	590	-1
592	528	138	13	1125	1637	170	-1	593	-1
593	776	178	-13	2241	3294	114	592	-1
594	527	365	15	128	1415	151	-1	595	-1
595	311	260	-15	3223	4237	233	594	-1
596	754	517	15	1802	2482	214	-1	597	-1
597	899	682	-15	2202	3122	239	596	-1
598	783	619	18	1268	2563	247	-1	599	-1
599	726	345	-18	2290	3757	230	598	-1
600	569	854	13	1628	2488	127	-1	601	-1
601	453	882	-13	1575	2541	173	600	-1
602	8	223	16	116	889	159	-1	603	-1
603	54	164	-16	263	1557	108	602	-1
604	640	807	12	1186	1915	216	-1	605	81	5	8	12	13	14	15	16	17	18	22	23	25	26	27	28	29	31	32	33	38	40	43	45	46	47	48	52	53	56	58	60	64	65	66	67	68	70	71	72	73	74	76	77	79	80	81	86	87	88	90	91	92	93	95	98	99	100	101	102	103	104	106	107	108	112	113	119	122	128	129	130	131	132	137	138	139	141	142	144	145	147
605	568	948	-12	1904	2628	248	604	-1
606	643	850	14	1577	2124	138	-1	607	60	1	2	3	4	5	9	12	14	17	21	23	26	28	31	33	35	41	43	44	53	56	59	60	61	62	65	66	69	70	72	75	77	79	80	85	87	88	95	99	102	103	106	108	110	113	115	116	117	119	120	121	125	130	133	134	136	141	143	144	148
607	470	997	-14	2626	3277	194	606	-1
608	415	332	9	2722	3977	186	-1	609	78	1	4	7	9	11	12	14	15	18	23	24	25	30	32	34	35	36	38	40	41	44	45	47	48	49	51	52	55	62	64	67	68	69	70	71	72	73	74	79	80	81	84	85	87	88	91	94	95	99	100	101	102	103	104	105	106	107	111	113	115	116	120	121	122	125	126	130	131	132	133	136	137	140	143	144	145	146	149
609	245	515	-9	3911	4607	235	608	-1
610	573	532	16	498	1724	175	-1	611	78	2	3	4	6	8	14	17	19	20	21	22	23	24	25	27	28	29	30	31	33	34	35	36	40	41	42	43	44	47	48	50	52	54	55	57	60	63	64	67	68	73	75	76	78	79	86	87	88	89	90	93	95	96	97	98	99	100	101	103	104	106	109	110	115	116	117	119	124	125	127	131	133	134	136	137	141	143	145
611	636	482	-16	1543	2625	244	610	-1
612	70	219	14	371	1177	168	-1	613	64	4	7	8	9	11	12	15	18	19	21	25	26	30	31	34	36	38	40	41	51	53	56	57	58	62	66	72	74	75	82	87	88	89	90	91	93	94	98	102	104	107	108	109	110	113	117	118	119	123	124	125	126	128	129	130	132	133	136	137	139	140	143	145	146
613	331	310	-14	1997	3073	121	612	-1
614	537	487	13	328	1433	115	-1	615	66	0	1	2	5	10	11	13	17	21	22	28	30	31	33	37	41	43	44	46	48	50	53	56	58	61	64	66	67	71	72	75	77	78	79	81	87	88	90	91	94	97	98	100	102	105	106	107	111	112	113	114	116	117	119	124	129	130	132	133	134	135	137	141	142	143	146
615	370	620	-13	2745	3713	143	614	-1
616	825	405	10	907	1802	107	-1	617	-1
617	982	624	-10	2775	3547	234	616	-1
618	714	276	6	3520	4665	115	-1	619	-1
619	750	410	-6	3103	4222	126	618	-1
620	161	931	8	2923	4301	153	-1	621	70	1	5	11	12	14	16	18	19	21	23	24	26	29	30	33	34	35	39	40	44	45	46	54	55	56	57	58	59	64	67	69	70	72	75	79	82	85	90	94	95	96	97	98	101	103	106	107	109	110	112	115	116	118	120	121	125	129	131	132	134	137	138	139	140	141	143	144	145	147	149
621	35	765	-8	2428	3799	126	620	-1
622	671	720	7	984	1730	126	-1	623	-1
623	465	614	-7	2732	4142	128	622	-1
624	605	371	7	554	1220	115	-1	625	61	3	9	12	13	14	15	17	18	19	22	23	24	26	27	33	39	40	41	42	46	48	50	51	52	55	56	57	58	60	61	62	68	70	76	77	81	83	85	87	89	95	97	100	104	109	110	113	114	117	118	121	122	123	128	132	135	136	137	139	143	144
625	551	447	-7	453	1944	207	624	-1
626	913	64	14	26	1304	192	-1	627	87	1	2	3	4	7	10	11	12	13	14	15	16	17	18	19	20	21	22	23	24	25	27	30	32	34	36	37	42	46	47	48	49	50	51	52	53	55	56	60	61	64	66	67	68	69	72	75	76	77	78	83	86	87	88	89	91	95	96	101	102	103	105	106	109	110	114	115	116	118	120	121	122	123	124	125	126	127	129	130	131	133	135	140	141	142	143	144
627	939	328	-14	17	1322	217	626	-1
628	434	62	7	386	1168	243	-1	629	-1
629	682	78	-7	3166	3963	224	628	-1
630	401	698	8	720	2087	113	-1	631	88	1	2	5	8	9	11	12	13	18	22	23	25	27	28	30	31	33	35	36	37	42	47	48	49	53	54	55	57	58	61	63	64	65	66	67	69	70	76	77	82	83	84	85	86	87	88	89	90	91	94	95	98	101	102	104	106	107	108	109	110	113	114	115	116	117	118	119	120	121	123	124	126	128	130	131	132	134	136	137	138	139	143	144	145	146	147	148	149
631	150	739	-8	2994	4133	202	630	-1
632	858	968	6	1910	2739	213	-1	633	-1
633	728	801	-6	2061	2575	151	632	-1
634	190	356	10	1214	2570	184	-1	635	79	4	6	7	9	10	11	12	16	17	19	20	22	23	27	29	30	32	33	35	39	40	42	43	44	49	52	53	54	56	57	58	63	64	65	68	69	71	75	76	79	80	81	82	84	88	89	94	96	99	101	102	104	105	107	108	109	111	113	114	115	116	117	118	119	125	126	127	130	131	132	135	136	137	140	142	143	146	148	149
635	299	261	-10	2513	3155	188	634	-1
636	622	21	20	2530	3667	249	-1	637	-1
637	792	196	-20	3112	3828	129	636	-1
638	433	580	10	844	1743	204	-1	639	70	2	3	4	6	12	13	16	19	24	25	26	27	28	30	31	32	33	34	36	41	44	45	46	47	52	53	54	56	57	59	62	65	69	70	72	73	75	77	79	85	89	90	92	96	97	99	101	103	104	106	107	108	109	110	112	115	118	121	124	126	127	128	129	131	132	137	139	140	142	147
639	475	442	-10	4039	4714	112	638	-1
640	60	728	10	1191	2535	199	-1	641	59	3	4	5	10	12	15	16	17	19	22	25	26	28	34	38	40	42	44	49	51	53	55	56	58	59	60	62	65	67	69	70	72	74	77	83	88	90	92	93	96	97	101	102	104	105	109	116	119	122	125	126	127	128	130	135	141	143	145	149
641	1	896	-10	1242	2552	162	640	-1
642	544	635	13	119	916	245	-1	643	74	0	1	2	4	5	6	7	10	12	15	17	19	22	25	26	27	28	31	32	34	36	37	41	42	44	48	51	54	55	58	59	63	64	65	70	71	72	75	76	78	82	89	91	92	94	95	97	99	100	103	106	108	109	110	113	115	117	119	120	122	124	126	127	128	129	130	132	133	135	137	140	141	145	146
643	686	488	-13	1709	2656	239	642	-1
644	537	623	12	120	1271	191	-1	645	63	2	6	11	13	15	21	22	23	24	25	26	27	29	30	34	35	36	40	41	42	43	46	50	51	52	58	59	60	61	62	63	65	66	67	69	71	72	74	76	77	79	80	83	84	86	88	89	91	93	101	105	107	118	121	122	125	126	130	134	135	138	144	146
645	497	660	-12	946	1772	105	644	-1
646	493	466	8	2109	3184	108	-1	647	58	2	6	7	10	14	16	20	26	30	33	36	37	41	47	55	57	58	59	61	62	67	75	77	78	81	83	84	89	90	93	94	96	99	102	104	105	107	111	112	113	114	116	117	120	121	126	127	129	130	132	135	136	137	138	140	146	147	148
647	235	353	-8	2994	3854	109	646	-1
648	665	426	12	130	1158	102	-1	649	72	1	2	3	7	9	13	14	15	19	20	21	26	27	28	29	35	38	40	42	43	45	47	49	50	55	57	59	61	62	64	66	68	69	70	71	73	74	76	77	78	79	82	83	84	86	87	89	91	92	93	94	99	100	106	107	108	109	111	112	114	118	119	120	121	123	126	131	132	134	141	142	145
649	846	619	-12	3848	4556	128	648	-1
650	444	310	11	1518	2741	214	-1	651	-1
651	344	312	-11	3138	4270	103	650	-1
652	833	30	10	775	2062	124	-1	653	-1
653	937	42	-10	2616	3968	240	652	-1
654	770	436	19	48	792	199	-1	655	-1
655	809	503	-19	1992	2993	248	654	-1
656	483	465	18	1453	2428	101	-1	657	82	2	4	5	6	7	9	13	14	16	17	18	19	20	21	23	24	25	26	27	30	31	36	37	38	40	41	45	47	49	51	54	55	56	57	58	62	63	67	68	69	70	75	76	80	83	84	85	88	89	90	92	93	95	96	98	99	101	102	103	104	105	108	109	110	112	113	116	117	119	123	126	129	135	136	138	139	141	142	143	144	145	146
657	595	340	-18	3001	3945	230	656	-1
658	962	120	10	2883	4202	222	-1	659	-1
659	710	224	-10	3530	4665	108	658	-1
660	854	153	12	624	2069	210	-1	661	81	1	3	4	7	8	10	12	18	20	21	23	24	25	26	28	30	33	35	36	39	40	41	43	44	46	48	49	50	55	56	58	59	61	64	66	68	72	75	77	80	81	82	84	85	86	88	89	94	95	96	97	98	99	100	103	105	106	107	108	109	111	114	115	121	122	125	126	127	129	130	131	132	134	135	136	137	139	141	144	147	149
661	775	285	-12	1364	2793	227	660	-1
662	213	382	16	341	1104	179	-1	663	-1
663	295	428	-16	2134	3531	151	662	-1
664	805	543	14	71	1260	108	-1	665	-1
665	917	776	-14	992	1806	128	664	-1
666	671	298	6	2714	3217	242	-1	667	-1
667	837	180	-6	3233	4712	101	666	-1
668	48	958	13	65	1207	168	-1	669	-1
669	51	721	-13	1592	2693	197	668	-1
670	277	261	13	582	1933	144	-1	671	78	1	2	3	7	8	9	10	11	12	13	14	17	18	26	27	28	29	31	34	38	39	40	41	42	44	45	46	47	49	50	51	52	54	55	59	60	61	62	63	65	66	71	76	81	82	83	86	87	91	93	95	96	97	100	103	105	107	108	115	116	117	118	119	123	125	126	128	132	134	135	137	138	140	141	142	143	145	149
671	316	236	-13	3179	4545	232	670	-1
672	381	999	19	240	1216	232	-1	673	-1
673	448	862	-19	4093	4946	237	672	-1
674	34	120	19	2366	3188	206	-1	675	-1
675	225	232	-19	2089	3097	210	674	-1
676	305	533	11	1426	2403	245	-1	677	81	0	1	5	7	8	10	15	17	21	26	30	31	32	33	35	36	38	39	40	44	45	46	47	48	50	58	60	61	62	63	64	65	67	69	70	71	72	76	78	81	84	86	87	89	90	91	93	95	96	97	98	99	103	105	107	108	109	110	111	112	114	115	116	117	123	124	126	128	129	134	136	137	138	140	141	142	143	144	145	146	147
677	245	636	-11	2424	3277	200	676	-1
678	285	661	9	827	2049	247	-1	679	63	10	11	13	14	16	18	21	22	24	25	26	27	28	29	30	34	37	38	41	43	44	45	46	48	49	53	54	57	60	61	63	64	66	72	73	78	84	90	92	94	101	107	108	109	113	116	117	118	120	121	122	124	126	127	132	134	135	137	138	142	143	144	145
679	471	834	-9	4046	4866	203	678	-1
680	767	559	9	252	1499	113	-1	681	-1
681	544	632	-9	1653	2280	147	680	-1
682	700	292	8	2840	4199	175	-1	683	-1
683	770	42	-8	2965	3544	160	682	-1
684	159	366	5	838	2034	187	-1	685	54	1	2	6	10	14	16	17	20	24	35	40	45	47	53	58	59	60	61	62	64	65	66	70	71	75	76	77	81	82	87	89	91	92	94	95	96	98	102	110	113	114	116	118	125	127	129	130	134	136	140	141	145	146	147
685	425	375	-5	2972	3873	107	684	-1
686	66	191	5	3539	4947	155	-1	687	-1
687	160	281	-5	4161	4966	106	686	-1
688	266	106	14	1156	1686	224	-1	689	84	0	1	3	6	7	10	11	13	14	18	20	21	22	25	26	27	28	31	34	35	38	40	41	46	49	51	53	54	56	57	62	63	64	66	68	70	71	72	75	76	81	83	84	85	87	88	90	91	93	96	97	98	99	101	103	104	105	106	107	109	110	111	112	115	116	118	119	121	122	123	126	128	129	130	131	132	137	139	140	142	145	146	148	149
689	19	130	-14	617	2002	111	688	-1
690	648	308	9	1595	2732	180	-1	691	-1
691	859	406	-9	4260	4826	173	690	-1
692	482	246	13	659	1884	149	-1	693	47	2	3	5	6	10	11	19	20	26	31	35	36	37	41	42	43	48	55	56	69	70	74	75	79	81	82	87	91	93	94	98	102	104	106	107	108	111	114	119	123	129	134	137	138	140	143	149
693	500	407	-13	1309	2612	227	692	-1
694	89	844	9	1988	3303	146	-1	695	-1
695	72	597	-9	1804	3184	190	694	-1
696	465	292	12	1002	2442	223	-1	697	-1
697	488	342	-12	958	2123	132	696	-1
698	820	495	15	455	1461	237	-1	699	-1
699	722	365	-15	1107	1935	163	698	-1
700	764	249	15	1133	1748	242	-1	701	69	0	1	3	4	5	8	9	11	13	14	15	18	21	22	29	30	31	32	34	35	41	44	45	46	51	55	56	58	60	62	64	68	70	72	75	76	77	79	80	81	84	85	86	89	92	94	95	97	98	101	102	103	106	110	114	118	119	121	125	127	132	136	140	141	142	143	146	147	149
701	775	317	-15	2293	3235	133	700	-1
702	432	101	14	1342	2109	182	-1	703	-1
703	554	215	-14	1924	3063	152	702	-1
704	969	328	7	1772	3158	201	-1	705	54	1	12	18	19	20	23	24	27	28	32	37	38	44	50	51	53	55	59	62	65	68	69	70	72	73	74	75	80	82	86	89	90	91	95	97	99	100	104	105	106	109	112	114	115	117	118	119	124	128	130	131	136	139	147
705	941	550	-7	3014	3995	183	704	-1
706	219	366	14	1237	2072	107	-1	707	72	1	6	8	11	12	14	17	18	22	23	26	27	28	29	30	31	34	36	37	38	42	44	45	47	50	52	53	55	57	58	65	66	67	70	71	72	73	74	75	76	78	79	82	84	89	90	92	93	97	101	103	104	109	111	115	117	118	121	122	123	124	127	128	130	131	132	134	136	140	142	144	147
707	62	402	-14	1211	1997	181	706	-1
708	187	87	14	109	767	193	-1	709	-1
709	66	147	-14	2108	2994	114	708	-1
710	276	271	18	1214	2290	243	-1	711	51	1	3	4	6	7	8	9	13	18	19	24	25	26	28	32	33	38	39	49	51	54	64	65	66	68	69	70	71	73	75	77	78	87	89	90	92	98	101	114	116	118	122	124	127	128	132	140	143	144	145	148
711	276	473	-18	1262	2150	120	710	-1
712	530	690	10	1538	2151	199	-1	713	81	3	6	7	8	13	17	18	19	20	21	23	25	26	28	29	30	31	32	34	37	38	39	42	43	44	46	49	50	51	52	53	60	62	65	67	69	72	73	74	76	77	78	79	80	84	85	86	90	92	93	96	99	100	103	104	106	108	109	110	111	112	115	116	118	119	120	121	124	125	126	130	131	134	137	139	140	141	144	145	146	148
713	254	721	-10	3462	4472	104	712	-1
714	846	211	14	799	1517	161	-1	715	-1
715	792	402	-14	3886	4940	115	714	-1
716	45	133	7	1065	1762	191	-1	717	-1
717	93	52	-7	368	1547	178	716	-1
718	821	920	9	3796	4340	219	-1	719	65	2	4	6	11	13	15	16	20	23	27	28	32	34	35	37	40	41	43	44	50	52	54	55	58	61	62	66	67	68	69	72	74	79	81	83	84	85	88	89	92	94	96	98	99	104	105	106	109	112	113	115	118	119	120	122	123	125	127	131	134	136	140	142	145	148
719	870	936	-9	4340	4897	218	718	-1
720	322	282	12	824	1650	125	-1	721	-1
721	217	280	-12	2294	3790	188	720	-1
722	204	577	7	1370	1915	151	-1	723	52	3	8	9	12	15	16	28	29	31	34	37	40	41	45	48	50	51	57	59	60	64	66	67	70	71	79	80	82	83	84	89	99	100	101	105	106	108	111	112	118	120	121	123	124	127	133	138	139	140	143	145	147
723	186	489	-7	2541	3749	200	722	-1
724	184	551	10	1104	1796	151	-1	725	64	4	5	7	9	10	13	18	19	20	21	24	32	33	36	43	44	45	48	50	52	53	54	55	56	57	58	61	62	65	66	68	69	70	71	72	77	80	81	82	86	87	88	89	90	93	100	104	108	110	113	115	117	123	125	126	131	135	138	139	140	141	144	145	146
725	402	615	-10	2507	3506	210	724	-1
726	775	832	11	624	1672	196	-1	727	-1
727	504	789	-11	2203	3200	221	726	-1
728	704	523	19	3564	4549	158	-1	729	-1
729	486	396	-19	3498	4560	147	728	-1
730	988	410	18	2920	4148	219	-1	731	65	1	3	4	5	8	10	15	16	17	18	19	30	31	32	36	38	39	40	41	42	44	45	48	50	54	56	59	61	64	68	72	75	81	83	84	86	87	93	95	99	100	108	109	110	112	114	115	116	117	118	121	122	124	125	129	130	132	135	137	138	141	142	143	145	147
731	985	579	-18	3307	4648	226	730	-1
732	399	434	14	3110	4491	146	-1	733	-1
733	210	603	-14	2715	4000	232	732	-1
734	204	401	9	347	1063	110	-1	735	-1
735	411	297	-9	292	1782	218	734	-1
736	177	344	8	2060	3087	158	-1	737	50	0	1	2	9	13	15	20	21	22	23	24	26	29	34	38	41	42	45	46	48	51	53	55	56	62	64	66	68	72	73	74	89	93	95	99	100	101	103	107	114	115	119	120	121	123	130	136	139	144	146
737	406	421	-8	2374	3773	227	736	-1
738	683	482	17	2315	3745	243	-1	739	-1
739	486	330	-17	2281	3098	235	738	-1
740	478	598	14	1308	1998	106	-1	741	56	0	1	3	6	9	13	15	16	21	22	25	27	30	33	34	40	43	44	45	46	47	48	50	53	55	57	59	63	64	68	71	76	77	80	83	84	85	88	92	95	96	106	111	113	114	115	117	121	128	136	137	138	141	144	145	149
741	304	531	-14	1291	2303	178	740	-1
742	311	719	10	3373	4052	133	-1	743	-1
743	207	772	-10	3559	4756	184	742	-1
744	345	244	10	3236	4360	151	-1	745	70	2	3	4	8	9	11	12	15	18	19	20	23	24	25	29	30	36	37	38	39	40	42	43	45	46	51	55	57	58	61	62	63	64	65	67	70	74	75	76	79	83	86	87	88	92	96	100	101	104	106	108	110	112	114	115	116	117	118	124	127	129	132	133	134	135	136	137	139	140	147
745	192	446	-10	3289	4106	201	744	-1
746	676	860	11	2094	3180	195	-1	747	77	0	1	3	8	9	10	13	14	15	16	18	23	24	26	27	28	32	33	35	36	39	40	41	42	45	47	48	50	53	54	57	59	61	63	69	71	72	73	74	75	78	84	86	87	88	90	91	92	93	96	97	99	102	104	105	108	110	113	114	116	117	119	120	121	124	129	131	134	135	136	138	139	141	143	144	145	147
747	413	826	-11	1851	3246	128	746	-1
748	562	239	17	1047	2428	240	-1	749	83	3	5	10	14	15	18	20	22	25	29	32	34	37	38	40	41	43	44	45	46	48	49	50	52	53	54	55	56	57	59	60	63	64	65	70	72	74	75	77	84	85	86	87	88	90	91	93	94	95	96	98	99	100	103	105	106	107	110	111	113	114	115	117	118	122	125	126	128	129	130	132	133	135	136	139	140	141	142	143	144	146	148	149
749	505	447	-17	2047	3201	149	748	-1
750	132	441	20	1799	3264	248	-1	751	-1
751	127	507	-20	1557	2692	133	750	-1
752	38	186	6	741	1382	177	-1	753	-1
753	19	277	-6	3478	4002	196	752	-1
754	603	208	8	163	1060	157	-1	755	61	2	3	6	10	11	15	17	19	22	25	31	33	36	37	38	42	44	47	51	53	56	60	67	72	75	76	77	79	80	81	82	83	84	86	87	92	94	95	99	101	103	109	110	111	116	119	120	121	122	123	124	127	134	135	137	138	140	142	143	144	147
755	725	447	-8	4142	4750	112	754	-1
756	788	876	8	1217	2713	174	-1	757	-1
757	544	789	-8	3016	3807	233	756	-1
758	642	202	16	1618	2148	104	-1	759	47	0	1	8	10	11	12	21	23	29	30	33	35	39	40	45	47	48	53	54	59	63	65	68	78	81	83	89	90	97	98	100	106	110	112	115	122	128	129	130	133	134	136	137	139	140	148	149
759	807	65	-16	1839	2887	207	758	-1
760	979	448	13	3202	3933	201	-1	761	71	0	3	4	6	7	9	11	12	13	14	15	18	20	22	24	25	28	30	32	33	36	37	39	41	46	51	53	55	56	58	59	60	61	64	68	70	71	73	74	75	80	82	86	88	92	93	94	95	97	103	106	107	108	110	113	117	119	123	125	128	134	136	138	139	140	142	143	145	146	148	149
761	915	275	-13	3442	4876	217	760	-1
762	400	28	12	200	1061	126	-1	763	79	1	2	6	8	9	10	11	12	13	16	17	18	19	20	22	24	25	27	28	29	31	33	39	43	44	45	46	48	51	53	54	59	61	62	64	65	67	69	70	72	73	77	78	81	82	84	85	86	92	95	97	102	103	104	105	106	107	110	111	112	113	114	117	119	125	129	130	133	134	136	139	140	142	143	144	145	146	147	149
763	202	25	-12	14	1377	165	762	-1
764	389	66	12	789	2073	166	-1	765	-1
765	636	114	-12	1370	2791	197	764	-1
766	240	350	18	2595	3607	244	-1	767	51	2	4	5	6	9	11	12	13	18	21	22	25	26	37	38	42	46	47	51	55	59	60	64	65	70	71	73	75	82	85	86	91	92	96	97	102	104	105	107	113	114	121	123	124	127	135	137	143	144	145	146
767	483	241	-18	3362	4763	129	766	-1
768	415	87	15	1033	2218	117	-1	769	-1
769	366	117	-15	3078	4339	242	768	-1
770	476	644	15	186	715	116	-1	771	65	0	7	9	10	11	13	15	17	18	22	24	25	27	28	29	33	35	37	39	41	42	43	46	49	51	53	54	58	60	61	65	67	68	70	71	73	75	77	79	80	81	84	86	87	92	93	96	99	100	101	110	111	112	114	118	119	125	126	130	138	139	140	142	144	147
771	638	609	-15	1954	2473	177	770	-1
772	972	837	9	3983	4735	107	-1	773	67	0	1	8	14	15	16	20	22	25	27	29	33	35	36	39	40	42	44	46	52	55	56	60	61	62	69	70	72	75	77	83	84	85	87	88	92	93	94	95	97	98	102	104	105	108	109	111	113	115	116	117	118	120	125	126	127	132	134	138	139	140	141	142	143	144	146	147
773	798	834	-9	3143	4469	147	772	-1
774	691	893	7	520	1864	188	-1	775	-1
775	852	842	-7	3762	4848	171	774	-1
776	496	178	17	521	1879	167	-1	777	67	0	1	2	5	6	8	10	12	13	14	15	17	18	19	23	24	27	28	29	30	32	34	36	37	38	45	49	57	59	60	62	64	65	67	68	72	75	78	79	80	81	82	83	89	91	94	95	96	97	101	103	109	111	116	118	120	122	124	129	131	133	134	137	139	141	145	146
777	727	204	-17	3080	4363	172	776	-1
778	686	627	9	886	2332	211	-1	779	-1
779	733	741	-9	3774	4739	163	778	-1
780	223	70	18	3620	4467	221	-1	781	-1
781	47	92	-18	2717	4131	107	780	-1
782	669	859	20	75	803	221	-1	783	64	1	4	6	10	11	14	18	19	20	23	27	28	34	36	40	41	49	53	54	55	56	57	58	60	61	62	66	68	69	70	71	72	73	76	77	78	81	83	84	91	92	93	94	95	96	104	105	106	108	112	114	116	117	119	120	121	124	131	134	137	141	142	146	148
783	925	808	-20	406	1079	192	782	-1
784	831	899	11	509	1775	138	-1	785	-1
785	659	921	-11	3491	4672	166	784	-1
786	538	982	19	2193	3300	179	-1	787	61	0	1	3	7	8	9	10	11	13	14	18	19	20	24	26	29	31	32	33	40	45	46	47	48	49	51	53	54	56	57	61	66	67	70	74	78	80	88	89	90	91	94	95	98	104	111	112	113	114	119	121	127	131	136	137	138	139	145	146	147	148
787	523	750	-19	1709	2780	112	786	-1
788	792	993	7	1144	2409	245	-1	789	-1
789	869	994	-7	2060	3404	188	788	-1
790	51	301	10	2469	3313	100	-1	791	62	1	3	4	10	14	16	18	20	23	29	33	34	35	36	39	40	41	42	43	46	48	54	55	57	61	62	63	65	66	73	76	81	82	86	89	92	93	98	99	105	106	107	110	112	113	115	120	123	125	127	128	129	130	131	133	137	138	140	141	145	146	148
791	250	214	-10	3638	4882	229	790	-1
792	385	215	12	1744	3055	170	-1	793	46	9	13	16	18	19	25	29	34	39	40	44	47	49	50	52	55	57	58	59	61	69	72	75	76	78	79	81	86	91	93	94	95	97	98	99	102	103	109	112	123	125	132	133	136	137	143
793	508	289	-12	1036	2409	104	792	-1
794	151	617	7	1474	2812	216	-1	795	-1
795	109	417	-7	3748	4779	202	794	-1
796	955	963	20	2953	4410	203	-1	797	71	1	3	5	7	8	12	14	15	17	22	24	27	29	30	32	36	37	43	44	45	47	48	49	50	51	54	56	57	58	59	65	68	70	72	78	80	82	85	86	87	88	92	93	94	96	98	99	104	106	107	109	111	112	113	115	116	117	118	119	121	124	128	129	131	134	139	140	143	144	145	146
797	900	945	-20	3139	4027	188	796	-1
798	826	958	19	582	1750	120	-1	799	86	1	2	3	4	7	8	9	10	11	13	14	15	22	24	28	29	31	32	33	34	35	37	38	40	41	43	47	54	55	56	58	60	61	62	64	67	68	71	73	74	75	78	79	80	81	82	84	85	86	87	91	93	95	97	98	103	104	105	106	107	108	110	111	112	114	116	118	119	120	122	123	124	125	126	127	128	129	131	133	134	138	141	143	145	146	147
799	774	934	-19	2315	3155	231	798	-1
800	474	172	12	624	2007	205	-1	801	-1
801	397	290	-12	1370	2331	184	800	-1
802	854	798	12	1330	2815	153	-1	803	-1
803	792	651	-12	1034	1954	187	802	-1
804	378	903	12	1715	2257	154	-1	805	65	0	3	5	6	7	9	10	11	12	14	19	22	25	27	28	32	35	38	40	43	49	53	54	55	58	61	62	63	65	69	70	73	74	77	79	82	83	85	87	89	92	94	98	99	100	104	107	108	110	114	117	118	119	120	121	123	125	127	130	131	132	134	139	144	148
805	182	828	-12	1325	2267	146	804	-1
806	412	768	13	462	1884	152	-1	807	-1
807	502	861	-13	1353	2047	149	806	-1
808	754	442	7	2635	3339	211	-1	809	47	2	4	5	10	11	12	16	18	20	26	29	34	38	39	43	47	52	61	62	66	70	83	84	87	88	92	95	96	99	102	105	106	111	112	113	115	118	121	122	123	129	133	136	138	144	145	148
809	665	289	-7	2148	3360	115	808	-1
810	968	514	10	53	971	223	-1	811	-1
811	980	663	-10	853	1370	135	810	-1
812	988	212	15	285	1555	125	-1	813	-1
813	986	109	-15	355	1300	169	812	-1
814	61	88	17	1585	2415	141	-1	815	-1
815	20	168	-17	2171	3367	210	814	-1
816	836	519	14	539	1321	164	-1	817	63	0	2	6	7	8	9	12	13	17	25	30	32	34	37	40	44	45	48	49	51	52	53	54	55	57	58	65	71	72	73	74	75	78	83	84	87	88	89	90	92	94	96	101	111	112	113	115	117	118	119	123	124	126	127	130	131	134	139	141	142	144	147	149
817	941	650	-14	1684	2435	153	816	-1
818	204	848	9	3036	4389	151	-1	819	-1
819	42	693	-9	3274	4275	114	818	-1
820	102	624	19	2373	3726	174	-1	821	-1
821	125	488	-19	4212	4721	205	820	-1
822	53	637	20	2803	4192	121	-1	823	73	0	2	3	6	7	12	13	15	16	17	18	20	23	24	25	26	29	31	36	37	39	40	41	43	46	47	49	51	52	53	54	56	58	61	66	67	73	74	76	77	78	79	80	81	82	83	84	86	87	88	89	90	99	100	102	105	108	110	113	118	119	120	126	131	132	135	136	137	140	142	145	146	147
823	209	611	-20	3682	4292	213	822	-1
824	763	95	17	529	1679	199	-1	825	49	1	2	4	5	6	7	10	21	25	29	32	34	44	48	50	52	57	59	60	61	62	63	64	65	66	71	72	77	84	85	86	99	100	103	105	110	111	117	118	119	123	124	125	127	128	131	140	143	146
825	526	31	-17	1724	2775	248	824	-1
826	394	290	20	777	1556	197	-1	827	58	1	2	9	12	18	23	24	25	26	29	31	32	33	45	46	47	48	50	51	52	53	55	57	62	67	69	70	72	73	75	76	77	78	79	81	84	91	92	93	94	96	99	102	103	111	113	118	119	123	126	137	138	139	141	145	147	148	149
827	150	264	-20	1444	2110	200	826	-1
828	241	179	7	1699	2350	127	-1	829	55	4	5	8	12	13	14	15	16	17	20	21	23	25	28	29	31	34	43	44	48	52	55	57	60	64	65	66	74	76	77	81	84	85	88	89	90	93	104	106	107	108	111	112	114	117	118	119	121	122	124	136	137	139	140	148
829	247	374	-7	1332	2381	228	828	-1
830	930	759	9	2565	3360	104	-1	831	89	1	2	3	4	5	7	8	11	13	15	19	21	22	25	28	30	32	36	40	41	43	45	46	50	51	52	53	54	55	57	58	59	60	63	66	68	69	70	71	74	75	77	78	79	80	81	84	86	88	89	91	92	93	94	96	98	99	101	103	104	105	107	108	109	111	112	114	116	118	119	122	123	125	126	127	128	129	134	135	136	137	138	139	140	141	144	145	146	147
831	755	931	-9	3380	4754	201	830	-1
832	101	520	11	25	819	180	-1	833	-1
833	104	488	-11	2727	4186	242	832	-1
834	814	395	8	557	1712	140	-1	835	-1
835	633	598	-8	2132	3592	180	834	-1
836	703	58	8	3063	4238	133	-1	837	-1
837	867	232	-8	2504	3800	225	836	-1
838	862	314	5	1166	2072	110	-1	839	-1
839	859	525	-5	1748	2778	173	838	-1
840	92	641	8	459	1079	140	-1	841	-1
841	218	511	-8	2223	2925	222	840	-1
842	844	365	8	1514	2227	231	-1	843	-1
843	804	497	-8	4078	4873	147	842	-1
844	377	392	10	1500	2371	248	-1	845	66	1	3	5	6	8	14	15	16	18	25	26	28	29	31	32	33	36	41	43	44	45	50	51	53	55	60	61	63	64	65	66	67	70	71	72	76	79	81	85	87	89	91	95	98	99	100	103	106	111	114	116	119	123	124	127	128	130	132	134	139	140	141	144	146	147	149
845	357	537	-10	1342	2811	125	844	-1
846	383	817	11	1174	2360	127	-1	847	58	1	5	7	8	9	10	12	17	18	20	24	26	31	34	37	40	43	46	47	48	49	50	56	59	60	65	67	71	74	76	79	81	84	85	87	91	97	98	101	102	104	107	109	110	111	117	118	121	123	126	128	131	137	138	139	140	143	147
847	192	957	-11	721	1969	121	846	-1
848	747	195	16	892	2273	221	-1	849	47	1	2	6	9	10	11	16	23	31	32	34	37	38	47	51	53	54	58	62	65	66	76	77	84	92	95	99	103	104	105	106	110	112	113	115	116	122	126	128	129	130	135	138	140	143	144	145
849	779	115	-16	2246	3288	126	848	-1
850	435	873	17	613	1944	238	-1	851	81	0	2	3	5	6	8	12	13	14	16	18	19	21	22	24	25	27	28	30	31	32	33	34	35	41	42	43	46	47	49	50	57	58	64	65	68	70	71	73	75	76	77	81	85	86	87	88	90	91	92	97	99	100	102	103	105	107	108	111	112	114	115	117	118	121	122	123	125	126	129	130	132	133	134	140	142	143	144	145	147	148
851	689	956	-17	865	1552	218	850	-1
852	565	491	14	3290	4188	243	-1	853	-1
853	640	346	-14	4046	4792	206	852	-1
854	961	700	11	888	2347	214	-1	855	87	0	2	3	5	6	7	8	9	10	12	13	15	16	19	21	22	23	25	28	31	32	34	35	36	37	38	39	40	41	43	45	49	52	53	54	56	58	59	60	63	66	67	70	74	77	78	79	80	81	83	84	85	86	87	88	89	90	92	93	98	99	101	103	104	105	106	109	110	111	112	114	115	116	118	119	123	125	130	134	136	137	139	140	142	144	148	149
855	994	500	-11	4441	4977	240	854	-1
856	303	561	10	1868	2837	117	-1	857	-1
857	348	707	-10	4121	4884	221	856	-1
858	39	557	9	703	1305	190	-1	859	-1
859	141	330	-9	3705	4227	121	858	-1
860	617	557	12	1214	1755	122	-1	861	-1
861	789	708	-12	1330	1954	101	860	-1
862	99	124	15	704	1538	116	-1	863	-1
863	319	75	-15	322	1338	223	862	-1
864	284	189	11	1872	2485	193	-1	865	88	1	3	4	5	8	12	15	16	18	19	20	23	24	25	28	29	32	33	34	35	36	37	41	42	43	45	46	47	48	49	50	54	55	60	62	66	68	69	71	72	73	74	75	77	78	79	84	85	86	88	89	90	92	93	94	96	98	99	101	104	105	108	110	112	113	115	116	117	121	122	123	125	126	127	128	129	130	131	132	136	137	138	142	143	145	147	148	149
865	128	422	-11	2540	3120	126	864	-1
866	39	539	8	2171	2878	201	-1	867	70	1	4	7	10	11	15	20	21	24	27	30	31	36	37	40	41	42	44	45	46	47	50	53	54	55	56	57	58	60	61	63	66	69	75	77	80	82	86	89	90	92	97	100	101	102	103	105	106	107	109	111	115	117	119	120	123	124	125	126	127	129	131	132	136	139	140	141	142	147	148
867	153	709	-8	2624	4002	144	866	-1
868	778	656	11	114	703	197	-1	869	-1
869	748	908	-11	3983	4673	240	868	-1
870	926	951	15	323	1333	118	-1	871	59	8	11	14	15	18	19	20	21	24	25	29	34	35	38	40	41	43	44	45	48	51	52	56	63	64	66	67	69	72	73	75	80	85	88	92	93	96	104	105	107	111	112	113	114	115	116	117	122	124	125	128	129	136	137	138	141	143	146	148
871	694	887	-15	738	1987	148	870	-1
872	343	837	20	2159	2961	246	-1	873	53	1	2	7	13	14	16	18	21	23	25	26	28	36	37	43	47	50	51	52	56	58	59	75	77	79	82	83	84	85	88	91	92	99	102	105	106	115	118	120	121	123	125	128	130	131	135	137	139	140	143	144	146	148
873	521	623	-20	3981	4679	198	872	-1
874	189	422	10	953	2161	198	-1	875	-1
875	449	457	-10	3986	4855	172	874	-1
876	288	401	18	1323	1888	235	-1	877	74	2	5	10	14	15	18	19	21	22	25	26	31	32	34	35	38	39	41	42	44	48	49	50	53	54	55	58	59	62	63	64	65	71	72	73	74	75	77	79	81	84	85	88	92	94	95	96	97	100	103	104	105	106	109	113	114	116	118	119	120	122	126	128	129	130	131	135	137	139	141	143	144	147	148
877	363	423	-18	2749	3387	101	876	-1
878	926	378	16	1882	2803	128	-1	879	-1
879	967	188	-16	3256	3781	113	878	-1
880	644	99	14	4289	4982	202	-1	881	-1
881	738	248	-14	4141	4998	102	880	-1
882	317	23	13	1531	2769	148	-1	883	-1
883	316	42	-13	3524	4890	235	882	-1
884	96	478	19	3436	4046	114	-1	885	-1
885	165	666	-19	3250	4427	162	884	-1
886	165	179	18	1076	1699	174	-1	887	-1
887	136	27	-18	4021	4549	179	886	-1
888	97	756	6	463	1574	208	-1	889	81	4	5	7	8	9	11	15	16	21	23	27	30	31	32	35	36	37	38	39	40	41	42	43	44	45	46	47	48	50	52	53	54	55	58	61	62	63	64	66	68	69	70	71	74	76	77	79	80	83	84	86	88	89	94	96	99	100	102	105	106	107	110	112	113	114	116	117	119	120	124	126	127	129	131	132	133	137	143	144	145	148
889	265	738	-6	624	1990	223	888	-1
890	191	843	15	73	1200	196	-1	891	89	0	2	3	4	6	9	12	14	16	19	21	22	23	25	28	31	32	34	35	36	38	39	40	41	42	43	47	48	51	52	53	55	56	58	59	60	65	66	68	69	71	73	75	77	78	79	83	84	85	86	87	91	92	93	94	95	97	98	99	104	106	107	108	109	112	113	117	118	119	121	122	123	125	126	128	129	132	133	134	135	137	138	139	141	144	145	146	147	149
891	209	790	-15	1207	2304	216	890	-1
892	166	394	18	1267	2529	157	-1	893	-1
893	301	491	-18	1086	2075	120	892	-1
894	150	494	10	386	1087	140	-1	895	-1
895	183	316	-10	2602	3894	136	894	-1
896	97	28	9	478	1933	163	-1	897	-1
897	155	98	-9	1417	2555	116	896	-1
898	125	980	17	1784	2946	248	-1	899	88	1	3	4	5	8	9	11	13	14	15	16	17	18	19	20	21	25	26	27	30	31	33	36	38	42	43	44	46	47	49	51	54	56	57	58	59	60	63	65	68	69	70	71	72	76	78	81	85	86	87	88	89	91	93	94	95	96	97	101	102	104	106	107	110	111	112	115	117	118	120	123	125	126	127	128	129	130	133	136	137	138	139	140	144	145	147	148	149
899	215	884	-17	2661	3432	216	898	-1
900	991	468	14	3561	4360	126	-1	901	61	1	3	5	11	14	15	18	21	22	23	24	27	28	29	31	34	37	40	41	42	44	48	52	54	56	64	65	69	73	74	75	77	78	80	83	84	85	87	88	90	91	97	105	107	110	113	116	119	121	124	125	126	130	134	135	136	139	140	141	144	147
901	777	524	-14	3042	4129	144	900	-1
902	914	160	9	866	2078	194	-1	903	57	0	3	5	6	7	8	10	11	12	13	18	21	22	25	26	31	33	37	41	43	46	47	52	54	55	56	59	65	70	71	72	77	82	85	87	96	100	101	106	108	110	112	113	115	116	117	121	123	128	130	134	135	138	140	143	145	146
903	833	83	-9	1681	2596	101	902	-1
904	54	515	11	397	1695	213	-1	905	77	3	4	5	7	11	12	14	16	18	22	24	25	26	27	28	29	30	33	36	37	38	40	41	43	44	45	46	47	49	50	56	57	59	60	63	66	67	69	70	71	73	74	76	79	80	81	85	89	90	93	96	97	102	105	108	110	111	115	116	118	119	122	125	128	129	132	133	134	138	140	141	143	144	145	147	148	149
905	266	332	-11	1413	2561	182	904	-1
906	829	328	18	2119	3550	170	-1	907	-1
907	613	283	-18	2241	3182	152	906	-1
908	398	819	17	3580	4789	159	-1	909	-1
909	171	884	-17	4193	4890	129	908	-1
910	478	120	9	539	1728	179	-1	911	69	0	3	6	9	12	14	16	19	20	21	23	27	28	30	33	34	35	38	39	41	43	44	47	49	51	52	53	56	58	59	60	62	64	65	67	69	70	71	72	73	75	79	81	86	87	90	92	93	96	99	100	103	104	105	106	110	111	113	120	122	123	124	129	131	133	137	138	140	142
911	465	314	-9	518	1613	159	910	-1
912	432	291	13	1552	2699	201	-1	913	-1
913	632	480	-13	2279	3630	207	912	-1
914	391	295	13	504	1721	200	-1	915	-1
915	219	358	-13	3822	4540	168	914	-1
916	761	484	11	1171	2166	111	-1	917	-1
917	799	358	-11	2232	3665	234	916	-1
918	20	679	15	2372	3775	249	-1	919	-1
919	146	851	-15	3604	4295	199	918	-1
920	89	996	10	2164	3191	157	-1	921	56	2	5	6	11	15	17	20	21	22	25	28	33	36	38	42	44	47	50	52	59	65	66	69	72	73	74	75	76	78	80	81	84	86	93	95	102	105	106	108	109	115	119	121	123	124	125	128	129	131	134	136	138	142	144	146	147
921	3	875	-10	3577	4900	163	920	-1
922	988	474	15	1758	2318	207	-1	923	-1
923	886	697	-15	1583	2704	236	922	-1
924	14	269	14	919	1873	210	-1	925	-1
925	59	57	-14	4023	4893	225	924	-1
926	893	700	8	126	1188	223	-1	927	-1
927	649	807	-8	2635	3765	112	926	-1
928	987	727	12	1757	3113	225	-1	929	59	0	4	7	8	18	20	24	26	28	30	33	34	35	37	40	43	47	54	59	60	62	64	66	69	70	71	72	74	75	79	80	81	82	89	92	94	95	102	104	107	108	110	112	118	119	120	122	123	124	125	127	128	129	130	134	135	136	137	145
929	934	484	-12	2535	3972	225	928	-1
930	381	821	10	1218	1907	180	-1	931	-1
931	552	609	-10	1666	2944	236	930	-1
932	173	578	14	822	2186	191	-1	933	-1
933	229	562	-14	2096	3494	121	932	-1
934	947	937	12	2759	4128	220	-1	935	-1
935	909	977	-12	3422	4460	249	934	-1
936	728	315	18	917	1627	119	-1	937	-1
937	545	279	-18	1602	3030	201	936	-1
938	286	955	18	1061	1589	173	-1	939	-1
939	491	773	-18	2999	4072	190	938	-1
940	529	354	17	3521	4469	199	-1	941	-1
941	731	330	-17	3384	4581	106	940	-1
942	805	943	7	1349	2392	131	-1	943	75	1	3	5	6	8	11	12	14	15	16	17	18	19	24	25	26	27	31	37	40	42	44	45	47	48	53	54	56	57	59	61	62	65	67	71	73	81	83	84	85	86	87	89	90	92	97	99	101	104	105	108	109	110	111	114	115	116	117	118	121	123	124	125	127	130	131	132	135	136	137	140	142	144	145	149
943	718	752	-7	2121	2825	104	942	-1
944	578	27	15	1112	2130	201	-1	945	-1
945	617	150	-15	2056	2871	245	944	-1
946	999	783	17	1527	2069	198	-1	947	-1
947	965	602	-17	1081	2464	211	946	-1
948	939	169	13	1643	3135	157	-1	949	60	1	2	3	5	7	10	11	12	14	15	16	17	18	24	28	29	30	32	35	36	40	46	50	58	61	68	72	74	76	77	80	81	83	85	86	87	90	91	95	96	98	101	103	107	109	111	114	119	122	123	124	128	131	133	135	140	142	144	146	147
949	704	76	-13	2553	3686	100	948	-1
950	207	598	12	2770	3842	213	-1	951	-1
951	319	414	-12	3607	4412	176	950	-1
952	496	618	7	1670	2845	143	-1	953	-1
953	359	496	-7	1901	2975	148	952	-1
954	141	228	15	1253	2066	129	-1	955	-1
955	90	320	-15	1000	1728	164	954	-1
956	347	238	9	2838	3604	214	-1	957	64	2	4	7	12	15	17	19	20	21	27	29	30	32	34	38	39	43	44	45	46	47	49	50	51	52	54	57	60	61	62	64	65	66	67	69	72	79	84	88	89	93	94	96	103	105	109	112	115	118	119	120	121	122	124	129	130	134	135	136	138	139	142	147	148
957	534	240	-9	3000	4407	231	956	-1
958	636	422	17	320	824	231	-1	959	72	1	5	6	13	16	17	20	21	22	23	24	25	29	30	32	33	34	36	39	42	43	44	45	46	48	49	50	51	53	55	58	59	61	62	63	64	65	66	67	68	69	71	72	74	75	76	77	83	86	92	93	95	103	104	107	111	114	115	116	119	121	122	125	126	130	131	136	137	142	146	147	148
959	624	632	-17	1723	2364	127	958	-1
960	204	567	14	720	1828	225	-1	961	-1
961	58	735	-14	3682	4738	121	960	-1
962	314	559	19	2107	3556	106	-1	963	-1
963	544	654	-19	3568	4405	104	962	-1
964	195	144	10	37	1386	242	-1	965	69	0	5	7	12	13	14	15	20	23	26	27	28	29	31	36	41	44	46	48	50	52	57	59	60	61	64	65	69	71	72	77	78	79	80	83	85	86	87	89	90	91	93	100	101	102	103	108	109	114	115	116	117	118	121	122	123	128	129	130	132	134	137	138	140	142	144	145	146	147
965	123	56	-10	2424	3122	242	964	-1
966	982	859	17	290	1778	126	-1	967	-1
967	988	993	-17	2780	3622	135	966	-1
968	451	89	9	2619	3807	136	-1	969	51	1	2	3	6	10	13	16	24	25	26	31	34	35	38	39	40	41	42	44	52	53	56	63	64	65	66	71	73	75	76	79	82	83	84	85	89	90	91	93	95	96	100	105	107	116	118	123	126	128	135	146
969	443	227	-9	3856	4457	186	968	-1
970	383	519	10	305	1658	158	-1	971	-1
971	390	728	-10	121	862	129	970	-1
972	681	331	11	986	2145	159	-1	973	62	2	4	6	8	9	18	21	22	23	24	27	33	34	35	37	38	41	44	45	49	52	53	55	58	59	62	63	64	65	67	72	75	79	80	82	86	89	91	94	95	98	99	102	107	108	110	112	114	117	120	121	124	126	130	134	136	140	143	144	145	146	148
973	544	191	-11	1459	1987	119	972	-1
974	137	238	14	461	1482	231	-1	975	-1
975	67	367	-14	957	1662	201	974	-1
976	957	250	6	376	1730	100	-1	977	-1
977	827	139	-6	2699	3494	216	976	-1
978	205	175	14	2803	3728	122	-1	979	70	1	2	4	5	9	11	12	14	17	19	21	22	23	25	26	28	33	36	41	43	44	45	46	47	49	50	52	53	54	55	62	63	69	70	71	74	75	78	79	81	82	86	91	93	94	95	96	98	100	102	103	104	106	112	114	116	118	120	121	125	126	129	133	134	135	138	139	141	142	146
979	94	205	-14	2355	3315	190	978	-1
980	460	377	6	332	1553	117	-1	981	-1
981	456	291	-6	1939	2673	133	980	-1
982	150	777	9	2374	3497	152	-1	983	75	1	2	6	7	10	11	13	14	19	22	23	24	25	26	27	28	29	30	32	33	36	37	38	40	41	43	45	46	47	51	54	56	59	61	62	64	67	68	72	74	75	80	85	88	89	90	92	93	94	95	96	99	100	102	104	105	107	109	112	113	114	115	117	120	121	122	127	128	129	134	135	136	141	144	147
983	277	670	-9	2623	3449	239	982	-1
984	767	561	6	2151	2669	211	-1	985	69	1	3	5	10	11	14	17	19	23	24	26	29	32	33	34	36	37	40	43	45	49	50	51	52	53	55	58	59	62	63	67	68	69	70	71	72	74	76	77	78	81	82	83	84	87	88	90	93	94	97	102	103	105	114	119	125	128	129	130	131	133	135	136	137	139	140	143	146	149
985	739	401	-6	3064	4166	147	984	-1
986	734	671	11	972	1796	152	-1	987	-1
987	943	736	-11	676	1587	140	986	-1
988	118	85	19	3998	4837	212	-1	989	73	2	5	8	9	11	12	14	15	16	17	21	22	25	26	27	28	31	34	35	36	38	39	40	41	42	44	45	51	52	53	55	57	58	59	62	64	65	66	68	69	71	74	77	78	82	87	88	90	92	93	94	96	97	99	103	104	106	110	117	118	119	120	123	124	125	127	128	133	138	140	141	144	149
989	233	7	-19	3952	4992	140	988	-1
990	583	512	19	3536	4375	148	-1	991	69	2	3	4	10	12	13	16	17	18	19	20	21	24	26	29	33	34	35	42	47	49	52	54	55	56	58	59	60	68	70	71	72	73	75	76	78	81	82	84	85	86	87	94	95	98	99	101	103	104	107	108	112	115	116	117	118	122	124	125	126	128	131	132	133	134	140	143	144	148
991	818	580	-19	3637	4473	151	990	-1
992	885	954	20	750	1843	236	-1	993	51	1	2	4	11	15	23	24	27	29	30	32	33	34	37	38	39	40	42	45	49	50	56	59	60	61	65	68	70	73	75	77	78	79	81	86	90	96	108	111	115	116	118	124	129	131	133	134	137	139	144	149
993	834	737	-20	1825	3063	160	992	-1
994	172	474	7	1818	3164	240	-1	995	82	1	3	4	5	9	10	14	16	20	22	23	25	27	30	32	33	34	35	36	37	39	40	42	43	44	46	47	49	53	54	56	57	59	60	62	63	67	68	69	71	72	73	75	79	80	81	85	86	87	88	92	93	94	96	99	105	106	108	110	112	113	114	119	121	122	124	128	129	132	133	134	135	136	137	138	139	140	142	143	145	146	147
995	114	305	-7	3808	4854	137	994	-1
996	757	154	8	977	1642	143	-1	997	-1
997	517	25	-8	3712	4440	118	996	-1
998	194	261	8	507	1372	168	-1	999	-1
999	272	282	-8	1331	2452	236	998	-1
0	728	179	422	408	50	0	5000
1	16	969	167	993	50	0	5000
2	935	641	722	443	50	0	5000
3	458	178	844	277	50	0	5000
4	642	465	791	313	50	0	5000
5	941	684	815	744	50	0	5000
6	966	446	864	590	50	0	5000
7	408	236	422	345	50	0	5000
8	708	997	962	869	50	0	5000
9	930	496	921	340	50	0	5000
10	793	281	720	443	50	0	5000
11	5	820	28	964	50	0	5000
12	894	124	764	494	50	0	5000
13	178	474	429	687	50	0	5000
14	14	352	183	494	50	0	5000
15	26	571	419	700	50	0	5000
16	565	809	323	604	50	0	5000
17	564	202	178	201	50	0	5000
18	771	36	462	111	50	0	5000
19	988	444	729	487	50	0	5000
20	604	98	478	76	50	0	5000
21	731	525	662	331	50	0	5000
22	365	147	630	193	50	0	5000
23	295	117	383	222	50	0	5000
24	285	673	203	627	50	0	5000
25	724	330	492	171	50	0	5000
26	172	699	423	361	50	0	5000
27	663	995	351	784	50	0	5000
28	946	510	870	858	50	0	5000
29	732	795	777	874	50	0	5000
30	799	736	928	504	50	0	5000
31	989	351	942	755	50	0	5000
32	994	480	803	357	50	0	5000
33	507	883	702	838	50	0	5000
34	645	677	727	816	50	0	5000
35	276	569	563	306	50	0	5000
36	450	47	385	92	50	0	5000
37	910	326	713	402	50	0	5000
38	812	993	576	985	50	0	5000
39	571	781	387	915	50	0	5000
40	296	671	610	925	50	0	5000
41	205	77	25	341	50	0	5000
42	826	894	776	489	50	0	5000
43	599	967	663	573	50	0	5000
44	339	655	504	437	50	0	5000
45	370	894	673	604	50	0	5000
46	615	194	249	69	50	0	5000
47	197	742	89	721	50	0	5000
48	794	854	820	590	50	0	5000
49	877	853	967	969	50	0	5000
50	319	893	514	653	50	0	5000
51	383	317	291	48	50	0	5000
52	78	53	392	44	50	0	5000
53	704	876	982	702	50	0	5000
54	900	192	549	412	50	0	5000
55	11	108	215	128	50	0	5000
56	421	218	155	452	50	0	5000
57	722	271	945	562	50	0	5000
58	468	571	786	438	50	0	5000
59	383	97	91	69	50	0	5000
60	60	158	378	94	50	0	5000
61	297	851	259	816	50	0	5000
62	402	705	484	732	50	0	5000
63	778	435	449	218	50	0	5000
64	356	333	515	311	50	0	5000
65	273	454	243	502	50	0	5000
66	784	785	648	873	50	0	5000
67	951	324	895	40	50	0	5000
68	95	414	166	773	50	0	5000
69	67	586	323	623	50	0	5000
70	634	992	579	681	50	0	5000
71	518	278	412	178	50	0	5000
72	920	660	632	536	50	0	5000
73	731	743	493	652	50	0	5000
74	819	465	553	678	50	0	5000
75	221	527	393	855	50	0	5000
76	874	987	781	575	50	0	5000
77	978	560	970	628	50	0	5000
78	901	694	944	339	50	0	5000
79	264	782	322	854	50	0	5000
80	301	280	84	458	50	0	5000
81	903	566	729	750	50	0	5000
82	878	715	745	355	50	0	5000
83	864	995	861	837	50	0	5000
84	736	722	969	823	50	0	5000
85	712	891	721	645	50	0	5000
86	793	850	539	872	50	0	5000
87	868	814	897	619	50	0	5000
88	794	631	828	365	50	0	5000
89	807	515	916	122	50	0	5000
90	739	455	610	396	50	0	5000
91	224	61	362	261	50	0	5000
92	144	665	441	668	50	0	5000
93	756	972	673	648	50	0	5000
94	168	182	204	315	50	0	5000
95	332	811	258	596	50	0	5000
96	165	645	156	316	50	0	5000
97	432	315	499	205	50	0	5000
98	951	739	990	610	50	0	5000
99	871	127	893	506	50	0	5000
100	654	185	657	120	50	0	5000
101	885	980	954	755	50	0	5000
102	501	94	164	96	50	0	5000
103	20	758	382	845	50	0	5000
104	959	436	628	643	50	0	5000
105	918	306	914	85	50	0	5000
106	784	849	826	578	50	0	5000
107	340	354	555	282	50	0	5000
108	317	336	410	475	50	0	5000
109	335	703	268	966	50	0	5000
110	442	710	827	594	50	0	5000
111	383	863	63	623	50	0	5000
112	852	731	595	488	50	0	5000
113	756	351	556	53	50	0	5000
114	893	519	665	457	50	0	5000
115	995	24	604	110	50	0	5000
116	307	643	429	459	50	0	5000
117	601	422	853	619	50	0	5000
118	959	615	819	880	50	0	5000
119	526	228	491	351	50	0	5000
120	748	788	496	648	50	0	5000
121	405	770	402	898	50	0	5000
122	815	259	820	576	50	0	5000
123	217	894	283	499	50	0	5000
124	201	253	355	244	50	0	5000
125	55	188	138	428	50	0	5000
126	678	55	952	160	50	0	5000
127	274	91	161	296	50	0	5000
128	913	119	624	243	50	0	5000
129	656	276	429	217	50	0	5000
130	628	425	458	713	50	0	5000
131	531	473	383	386	50	0	5000
132	817	113	671	89	50	0	5000
133	309	799	715	800	50	0	5000
134	241	635	433	366	50	0	5000
135	316	605	423	952	50	0	5000
136	715	496	867	184	50	0	5000
137	513	832	174	724	50	0	5000
138	933	958	948	534	50	0	5000
139	462	759	249	804	50	0	5000
140	740	992	518	791	50	0	5000
141	247	572	140	573	50	0	5000
142	773	229	690	148	50	0	5000
143	194	216	596	348	50	0	5000
144	78	830	163	654	50	0	5000
145	522	825	423	852	50	0	5000
146	625	316	983	518	50	0	5000
147	312	454	99	755	50	0	5000
148	633	377	833	85	50	0	5000
149	77	748	225	582	50	0	5000
