50	15	1	1	100000
0	423	696	14	2101	2704	231	-1	1	-1
1	453	755	-14	3587	4719	187	0	-1
2	805	877	16	1030	2190	122	-1	3	-1
3	615	740	-16	1563	2759	180	2	-1
4	209	215	20	68	1495	151	-1	5	-1
5	22	165	-20	1803	3041	182	4	-1
6	849	196	17	1495	2175	107	-1	7	-1
7	750	164	-17	1914	2519	224	6	-1
8	795	1	12	588	1847	169	-1	9	-1
9	772	189	-12	479	1399	155	8	-1
10	370	695	10	3855	4844	225	-1	11	-1
11	445	627	-10	3370	4811	230	10	-1
12	472	593	9	150	1190	123	-1	13	-1
13	613	753	-9	238	1067	195	12	-1
14	385	325	18	2892	3951	137	-1	15	-1
15	146	243	-18	2807	3678	117	14	-1
16	446	683	12	620	1719	163	-1	17	-1
17	468	585	-12	1256	2445	204	16	-1
18	759	173	11	1502	2287	249	-1	19	-1
19	558	211	-11	3079	4500	141	18	-1
20	276	370	8	1915	2565	157	-1	21	-1
21	447	328	-8	1825	2626	129	20	-1
22	616	742	17	2779	3783	100	-1	23	-1
23	830	890	-17	4033	4878	116	22	-1
24	587	692	17	702	1620	106	-1	25	-1
25	495	934	-17	477	1868	189	24	-1
26	40	69	5	1415	2631	206	-1	27	-1
27	35	70	-5	787	2160	198	26	-1
28	840	150	15	1570	2463	158	-1	29	-1
29	768	331	-15	1888	2606	169	28	-1
30	480	767	6	1223	2257	208	-1	31	-1
31	600	723	-6	1152	2529	209	30	-1
32	268	167	15	3258	4098	118	-1	33	-1
33	296	371	-15	4170	4687	132	32	-1
34	418	821	12	12	593	102	-1	35	-1
35	441	659	-12	1261	2262	249	34	-1
36	468	791	12	575	1969	224	-1	37	-1
37	451	602	-12	2402	3064	170	36	-1
38	640	553	7	1357	2051	154	-1	39	-1
39	420	624	-7	1550	2104	190	38	-1
40	802	659	19	3243	3754	191	-1	41	-1
41	780	850	-19	2912	4226	172	40	-1
42	777	137	18	58	1516	125	-1	43	-1
43	514	187	-18	1282	1843	101	42	-1
44	123	153	10	1355	2367	169	-1	45	-1
45	150	37	-10	3168	3953	195	44	-1
46	828	885	15	2319	3142	190	-1	47	-1
47	620	740	-15	3099	4245	217	46	-1
48	981	262	6	205	1237	179	-1	49	-1
49	747	298	-6	766	2095	173	48	-1
50	747	312	12	258	1377	122	-1	51	-1
51	746	245	-12	3328	4185	209	50	-1
52	485	762	10	1728	2634	213	-1	53	-1
53	501	598	-10	2077	2917	187	52	-1
54	81	54	10	3721	4405	120	-1	55	-1
55	56	97	-10	3041	4168	153	54	-1
56	479	311	9	1033	2144	112	-1	57	-1
57	482	325	-9	3357	3918	208	56	-1
58	709	831	19	2810	3734	227	-1	59	-1
59	479	767	-19	3432	4732	234	58	-1
60	478	308	5	1335	2325	116	-1	61	-1
61	345	528	-5	1967	2969	150	60	-1
62	120	986	10	2186	3160	236	-1	63	-1
63	261	808	-10	3493	4794	129	62	-1
64	796	886	6	2114	3412	162	-1	65	-1
65	569	727	-6	2871	4284	229	64	-1
66	39	113	10	848	1369	158	-1	67	-1
67	93	72	-10	3143	3924	115	66	-1
68	823	913	8	2490	3027	208	-1	69	-1
69	990	794	-8	3189	4107	200	68	-1
70	749	193	6	1943	3157	156	-1	71	-1
71	535	363	-6	2492	3017	221	70	-1
72	306	358	11	1110	1809	215	-1	73	-1
73	501	373	-11	2248	3558	179	72	-1
74	721	181	7	2932	4214	239	-1	75	-1
75	574	317	-7	3011	3986	215	74	-1
76	928	57	19	206	786	121	-1	77	-1
77	774	204	-19	255	1293	202	76	-1
78	432	677	6	1292	1936	244	-1	79	-1
79	415	730	-6	1152	2428	167	78	-1
80	472	907	15	155	1341	246	-1	81	-1
81	502	708	-15	1071	2444	228	80	-1
82	486	312	11	397	1594	119	-1	83	-1
83	296	225	-11	1956	3381	125	82	-1
84	311	376	10	146	943	103	-1	85	-1
85	242	592	-10	2895	3795	219	84	-1
86	480	624	5	775	2176	188	-1	87	-1
87	697	756	-5	3620	4459	167	86	-1
88	905	681	19	1968	2572	204	-1	89	-1
89	933	671	-19	1774	2975	133	88	-1
90	422	201	17	2915	4240	162	-1	91	-1
91	597	361	-17	3857	4579	147	90	-1
92	578	438	5	2566	3908	138	-1	93	-1
93	438	607	-5	3800	4423	241	92	-1
94	5	76	18	1485	2816	155	-1	95	-1
95	66	272	-18	2150	3177	148	94	-1
96	441	352	5	1357	1864	221	-1	97	-1
97	694	328	-5	2422	3607	120	96	-1
98	452	604	14	2325	3131	187	-1	99	-1
99	472	642	-14	3832	4705	185	98	-1
0	371	718	371	718	50	0	5000
1	459	318	459	318	50	0	5000
2	831	726	831	726	50	0	5000
3	624	479	624	479	50	0	5000
4	536	721	536	721	50	0	5000
5	371	718	371	718	50	0	5000
6	459	318	459	318	50	0	5000
7	831	726	831	726	50	0	5000
8	624	479	624	479	50	0	5000
9	536	721	536	721	50	0	5000
10	371	718	371	718	50	0	5000
11	459	318	459	318	50	0	5000
12	831	726	831	726	50	0	5000
13	624	479	624	479	50	0	5000
14	536	721	536	721	50	0	5000
