100	30	1	1	100000
0	19	716	16	2584	3597	235	-1	1	-1
1	59	866	-16	2590	3276	241	0	-1
2	667	778	10	276	1371	167	-1	3	11	1	6	10	13	17	18	19	21	25	26	29
3	578	532	-10	827	1559	176	2	-1
4	380	549	18	441	1493	157	-1	5	16	1	2	3	4	5	6	8	13	15	18	19	21	26	27	28	29
5	382	573	-18	762	2061	134	4	-1
6	977	315	13	917	2350	135	-1	7	9	4	7	11	16	17	19	22	25	29
7	768	433	-13	613	1459	155	6	-1
8	287	982	18	551	1157	219	-1	9	11	8	13	14	15	17	18	19	21	23	26	28
9	565	953	-18	3082	3595	177	8	-1
10	596	3	12	1224	2378	184	-1	11	9	6	7	8	11	15	20	23	27	28
11	847	18	-12	2609	3919	243	10	-1
12	330	564	8	1173	2027	196	-1	13	11	0	1	2	4	5	7	9	16	19	20	24
13	291	367	-8	1252	2442	119	12	-1
14	368	578	7	166	1076	107	-1	15	-1
15	212	625	-7	217	752	123	14	-1
16	797	56	11	1082	1783	214	-1	17	-1
17	518	89	-11	2178	3042	242	16	-1
18	10	668	16	622	1390	184	-1	19	-1
19	167	689	-16	997	2106	219	18	-1
20	833	501	14	1125	2499	214	-1	21	10	3	11	13	14	17	19	20	22	24	26
21	915	661	-14	3885	4601	221	20	-1
22	689	302	15	3277	3899	161	-1	23	-1
23	715	434	-15	3143	4263	147	22	-1
24	595	535	13	1995	3132	208	-1	25	-1
25	534	335	-13	2110	2932	104	24	-1
26	346	745	14	512	1103	243	-1	27	-1
27	545	689	-14	3639	4535	159	26	-1
28	74	31	12	3838	4338	120	-1	29	9	0	2	5	10	11	16	18	24	29
29	213	204	-12	3307	4630	171	28	-1
30	617	600	6	1837	2539	203	-1	31	-1
31	677	757	-6	2648	3780	194	30	-1
32	425	571	16	732	2151	230	-1	33	17	3	6	8	9	10	11	12	13	14	15	16	18	20	21	23	24	28
33	555	557	-16	3408	4423	225	32	-1
34	327	743	10	3464	4764	100	-1	35	-1
35	281	588	-10	3327	4162	106	34	-1
36	926	662	7	3417	4527	123	-1	37	-1
37	778	875	-7	3727	4662	230	36	-1
38	321	903	11	872	1977	236	-1	39	-1
39	297	686	-11	4116	4972	112	38	-1
40	339	659	9	55	1404	119	-1	41	-1
41	349	758	-9	2700	4084	157	40	-1
42	3	846	16	3158	3740	184	-1	43	-1
43	129	599	-16	2993	4480	139	42	-1
44	894	643	18	753	1682	227	-1	45	13	0	1	4	7	8	13	14	15	17	18	23	25	28
45	946	401	-18	2051	2924	163	44	-1
46	659	828	9	1080	2235	162	-1	47	17	5	6	7	8	9	12	14	16	17	18	19	20	22	24	26	28	29
47	444	669	-9	3386	4255	234	46	-1
48	542	177	20	130	1407	214	-1	49	-1
49	521	407	-20	3823	4663	114	48	-1
50	98	954	15	2035	2646	119	-1	51	15	1	2	3	5	8	12	13	14	15	16	22	24	25	27	29
51	257	948	-15	3366	4538	224	50	-1
52	659	93	18	318	1783	120	-1	53	12	2	3	6	8	12	13	15	16	17	21	22	28
53	480	169	-18	396	1046	212	52	-1
54	934	664	15	75	1010	239	-1	55	-1
55	793	467	-15	1149	2168	211	54	-1
56	687	170	9	3751	4338	190	-1	57	-1
57	557	402	-9	3953	4523	232	56	-1
58	218	671	14	2357	3226	101	-1	59	9	3	7	9	11	13	20	22	24	26
59	405	743	-14	3301	4715	223	58	-1
60	918	581	8	1110	1839	123	-1	61	-1
61	989	331	-8	2151	2801	192	60	-1
62	997	492	6	2491	3267	194	-1	63	-1
63	797	351	-6	2760	3305	194	62	-1
64	572	475	18	3491	4479	220	-1	65	-1
65	427	655	-18	3310	4584	237	64	-1
66	447	753	19	3417	4053	227	-1	67	-1
67	474	648	-19	2738	4040	122	66	-1
68	720	204	16	1357	2789	235	-1	69	-1
69	526	346	-16	3959	4840	194	68	-1
70	889	590	16	2250	3513	111	-1	71	-1
71	651	573	-16	3478	4923	132	70	-1
72	627	738	6	100	1124	167	-1	73	15	2	3	4	8	10	11	12	14	17	18	23	24	25	26	27
73	895	793	-6	3873	4397	170	72	-1
74	609	35	7	836	1422	156	-1	75	-1
75	727	154	-7	4289	4955	180	74	-1
76	692	686	9	3048	4162	117	-1	77	-1
77	904	604	-9	3716	4902	153	76	-1
78	940	371	20	750	1904	177	-1	79	-1
79	875	402	-20	337	1515	201	78	-1
80	653	39	19	1927	2695	152	-1	81	14	3	5	8	9	11	13	15	16	20	22	23	27	28	29
81	790	227	-19	3000	3781	164	80	-1
82	312	985	14	1487	2310	197	-1	83	-1
83	163	764	-14	4284	4824	144	82	-1
84	217	916	7	1988	3007	100	-1	85	-1
85	54	810	-7	2608	3606	168	84	-1
86	82	717	10	3035	4293	153	-1	87	17	2	3	4	7	9	11	12	13	15	19	20	21	23	25	26	28	29
87	189	641	-10	2939	4096	240	86	-1
88	761	414	12	1104	1623	239	-1	89	10	1	2	6	9	13	17	19	20	26	29
89	724	528	-12	2966	3493	193	88	-1
90	709	941	11	633	1948	160	-1	91	-1
91	595	831	-11	1029	2182	175	90	-1
92	795	416	17	2571	3368	149	-1	93	-1
93	980	628	-17	2781	4253	240	92	-1
94	782	940	18	444	1585	184	-1	95	12	0	3	5	6	8	11	12	16	18	21	22	27
95	656	968	-18	31	1175	102	94	-1
96	345	180	20	2112	2658	166	-1	97	10	0	13	14	15	16	18	20	22	23	26
97	447	365	-20	2978	3577	190	96	-1
98	961	652	11	2213	3616	134	-1	99	11	0	1	2	4	7	10	14	15	17	21	23
99	861	863	-11	3315	4418	122	98	-1
100	243	730	6	2003	2512	202	-1	101	17	0	1	2	3	6	7	9	13	15	18	19	22	23	24	25	26	27
101	447	626	-6	2728	3642	172	100	-1
102	817	223	18	639	1473	110	-1	103	-1
103	871	196	-18	435	1362	168	102	-1
104	563	225	18	444	1051	114	-1	105	-1
105	788	204	-18	2319	3669	234	104	-1
106	806	219	5	1640	3110	228	-1	107	-1
107	932	130	-5	1338	2438	218	106	-1
108	712	355	18	1163	2220	152	-1	109	-1
109	969	317	-18	4356	4861	170	108	-1
110	557	5	19	2288	2918	243	-1	111	-1
111	444	135	-19	3684	4983	140	110	-1
112	719	823	16	795	1777	217	-1	113	-1
113	701	793	-16	3041	3681	206	112	-1
114	543	747	5	306	1406	229	-1	115	-1
115	596	811	-5	3566	4214	225	114	-1
116	914	202	6	1799	2932	108	-1	117	-1
117	860	213	-6	3410	4809	206	116	-1
118	210	207	5	425	1232	138	-1	119	-1
119	302	399	-5	2993	3530	137	118	-1
120	550	116	19	2337	3177	216	-1	121	10	2	4	5	7	9	12	15	22	25	28
121	730	254	-19	3063	3702	243	120	-1
122	689	496	19	1936	2575	183	-1	123	11	1	4	11	12	14	15	19	22	23	25	29
123	788	662	-19	2957	3859	137	122	-1
124	472	389	13	1192	2159	167	-1	125	-1
125	745	347	-13	3742	4572	139	124	-1
126	546	930	7	2681	3935	106	-1	127	15	2	3	4	5	9	13	14	15	17	18	19	21	22	27	29
127	460	675	-7	4098	4997	224	126	-1
128	483	985	17	38	1042	161	-1	129	14	4	8	9	10	12	13	18	22	23	24	25	27	28	29
129	246	896	-17	3232	4491	180	128	-1
130	988	836	7	391	1492	127	-1	131	13	1	3	7	10	14	15	16	19	22	23	26	28	29
131	956	792	-7	2334	3615	130	130	-1
132	808	795	14	2690	3760	108	-1	133	12	1	2	10	11	17	19	20	21	22	25	26	29
133	812	837	-14	2216	3314	181	132	-1
134	538	194	11	1690	2341	110	-1	135	-1
135	700	45	-11	2061	2876	164	134	-1
136	553	136	17	550	2044	243	-1	137	-1
137	395	196	-17	3206	4511	156	136	-1
138	202	903	12	1557	3031	142	-1	139	14	0	2	5	7	8	10	11	12	16	20	22	24	27	28
139	134	997	-12	1952	2639	175	138	-1
140	451	494	16	1478	2956	135	-1	141	11	1	10	13	15	17	18	19	21	22	27	29
141	542	243	-16	2514	3444	140	140	-1
142	69	402	7	559	1800	141	-1	143	12	1	2	3	5	7	10	11	14	17	21	23	29
143	289	427	-7	2234	2950	170	142	-1
144	866	437	18	727	2047	232	-1	145	-1
145	813	709	-18	1987	3065	151	144	-1
146	922	39	5	1114	1881	227	-1	147	9	4	5	6	7	15	18	20	22	24
147	727	237	-5	3992	4971	207	146	-1
148	261	930	10	163	1566	112	-1	149	-1
149	396	708	-10	2129	3013	237	148	-1
150	322	957	16	1623	3076	113	-1	151	-1
151	425	815	-16	2239	2771	249	150	-1
152	902	4	19	922	2093	111	-1	153	-1
153	962	82	-19	1785	2362	246	152	-1
154	651	137	19	2388	3106	219	-1	155	-1
155	741	229	-19	2533	3181	202	154	-1
156	670	747	12	429	1918	173	-1	157	13	0	3	4	7	8	11	13	14	15	21	25	28	29
157	470	709	-12	1097	1824	164	156	-1
158	750	510	8	335	1826	111	-1	159	16	0	2	6	7	10	11	12	13	15	16	18	19	25	27	28	29
159	880	663	-8	2754	3968	216	158	-1
160	49	161	17	3548	4706	193	-1	161	-1
161	168	251	-17	3837	4607	180	160	-1
162	746	912	5	709	2051	139	-1	163	-1
163	645	734	-5	274	1639	202	162	-1
164	313	212	8	1913	2467	219	-1	165	10	3	5	7	11	13	16	19	20	26	27
165	62	91	-8	2484	3924	177	164	-1
166	430	438	11	500	1764	199	-1	167	14	0	1	4	6	11	12	13	14	20	22	23	27	28	29
167	430	201	-11	3691	4265	162	166	-1
168	700	28	12	2423	3563	229	-1	169	12	0	4	5	10	11	12	14	18	20	23	24	28
169	692	87	-12	2786	3392	129	168	-1
170	485	348	15	673	2106	192	-1	171	15	2	3	4	9	10	14	16	19	20	23	25	26	27	28	29
171	320	572	-15	2113	2978	145	170	-1
172	436	454	17	741	1967	180	-1	173	-1
173	436	567	-17	963	1811	165	172	-1
174	256	520	10	449	1497	198	-1	175	9	0	4	8	10	16	17	20	26	28
175	509	442	-10	2772	4159	170	174	-1
176	42	91	11	2045	2996	213	-1	177	13	1	2	6	7	8	13	15	16	17	22	23	28	29
177	298	89	-11	2596	3150	188	176	-1
178	701	426	8	386	1467	209	-1	179	-1
179	522	422	-8	2486	3246	152	178	-1
180	775	215	20	1520	2116	218	-1	181	9	1	2	3	4	15	16	21	27	28
181	954	107	-20	1695	2887	109	180	-1
182	288	710	13	333	1743	134	-1	183	10	2	8	11	15	17	19	21	24	27	29
183	212	439	-13	2647	3498	146	182	-1
184	574	285	14	1312	2068	204	-1	185	11	3	6	7	10	11	14	15	18	19	22	29
185	386	436	-14	1715	2353	107	184	-1
186	456	30	15	455	1101	204	-1	187	16	0	2	4	6	8	9	12	14	16	17	20	21	25	27	28	29
187	353	138	-15	2043	2589	141	186	-1
188	594	246	10	2466	3478	148	-1	189	-1
189	365	390	-10	3173	3886	131	188	-1
190	904	853	11	1779	2562	117	-1	191	15	1	2	4	5	6	7	9	10	12	13	14	17	18	23	29
191	891	810	-11	3281	4070	165	190	-1
192	282	267	16	3698	4578	248	-1	193	12	1	4	5	8	9	11	12	18	23	24	26	28
193	83	437	-16	3489	4775	248	192	-1
194	438	899	16	108	1200	179	-1	195	10	3	6	7	11	12	15	21	23	24	29
195	648	776	-16	537	1781	204	194	-1
196	446	827	7	918	2088	178	-1	197	16	5	6	7	10	11	12	14	15	16	18	19	20	22	24	26	28
197	253	938	-7	1115	2516	215	196	-1
198	431	149	20	1179	1683	188	-1	199	-1
199	238	162	-20	2932	4176	191	198	-1
0	119	425	280	663	50	0	5000
1	428	802	229	738	50	0	5000
2	682	905	792	566	50	0	5000
3	395	570	641	522	50	0	5000
4	551	120	151	233	50	0	5000
5	12	9	219	363	50	0	5000
6	172	975	238	749	50	0	5000
7	177	182	366	114	50	0	5000
8	254	656	342	836	50	0	5000
9	345	660	36	530	50	0	5000
10	279	118	484	482	50	0	5000
11	139	587	310	418	50	0	5000
12	524	498	579	294	50	0	5000
13	593	957	279	976	50	0	5000
14	39	636	191	343	50	0	5000
15	517	111	534	87	50	0	5000
16	207	937	336	553	50	0	5000
17	324	894	269	475	50	0	5000
18	278	365	633	234	50	0	5000
19	939	838	579	997	50	0	5000
20	783	702	455	564	50	0	5000
21	859	929	964	594	50	0	5000
22	700	450	490	486	50	0	5000
23	679	297	340	438	50	0	5000
24	292	38	274	154	50	0	5000
25	692	801	869	609	50	0	5000
26	764	221	742	202	50	0	5000
27	810	430	753	564	50	0	5000
28	316	710	209	702	50	0	5000
29	486	84	271	198	50	0	5000
