250	75	1	1	100000
0	760	555	7	1838	2886	175	-1	1	31	2	5	7	10	11	12	14	15	16	18	20	24	27	29	32	34	37	45	46	48	49	51	53	54	58	62	63	66	67	69	72
1	798	378	-7	3475	4722	247	0	-1
2	973	705	18	1157	2209	191	-1	3	42	1	7	8	9	11	12	13	14	16	18	21	22	23	25	27	29	30	31	33	34	36	37	38	39	40	43	45	49	50	51	52	56	57	58	59	61	63	64	65	67	72	74
3	937	932	-18	2865	3948	114	2	-1
4	974	755	13	2619	3910	175	-1	5	-1
5	985	843	-13	3634	4970	168	4	-1
6	854	306	8	705	1758	145	-1	7	-1
7	969	79	-8	3177	4258	189	6	-1
8	566	727	17	523	1347	134	-1	9	-1
9	348	749	-17	3374	4196	180	8	-1
10	815	560	9	2581	3753	197	-1	11	40	1	2	7	10	13	15	18	19	22	23	24	29	30	31	32	36	38	39	40	43	44	45	46	47	48	49	51	52	54	56	57	58	59	60	61	63	66	67	68	73
11	895	369	-9	2736	4190	248	10	-1
12	195	72	7	1913	3393	209	-1	13	36	1	2	3	5	7	8	9	13	14	16	17	25	26	32	39	41	44	45	46	48	49	50	52	54	55	56	57	58	59	60	62	64	67	68	69	70
13	60	48	-7	2597	3396	248	12	-1
14	741	274	12	1145	2043	141	-1	15	26	0	3	4	5	6	7	10	13	16	20	24	25	27	29	32	35	41	43	49	51	54	55	61	67	68	70
15	960	376	-12	3666	4824	181	14	-1
16	74	126	16	19	1232	166	-1	17	32	7	9	13	16	18	20	23	26	29	30	32	34	36	38	40	42	43	44	45	46	48	50	57	60	61	64	67	68	70	71	73	74
17	29	377	-16	640	1352	203	16	-1
18	230	223	14	140	1103	199	-1	19	-1
19	120	32	-14	4108	4939	200	18	-1
20	222	37	6	1188	2062	153	-1	21	31	0	3	4	6	9	11	14	16	17	20	22	23	25	26	27	31	36	38	40	41	43	46	48	49	52	53	56	61	64	69	71
21	127	254	-6	3935	4444	242	20	-1
22	928	655	6	1683	3039	166	-1	23	28	3	4	7	10	11	12	13	17	19	23	26	27	29	32	34	42	43	48	49	50	54	55	59	60	63	66	72	73
23	926	817	-6	3141	4060	207	22	-1
24	74	809	7	1364	2312	210	-1	25	-1
25	137	588	-7	1865	3292	200	24	-1
26	900	951	15	1480	2915	155	-1	27	-1
27	806	919	-15	1242	1950	204	26	-1
28	971	977	8	2716	3890	189	-1	29	24	3	8	9	13	14	19	22	23	26	36	40	41	42	46	48	51	53	56	59	66	69	70	72	73
29	838	904	-8	1874	3251	163	28	-1
30	871	474	13	736	1953	169	-1	31	23	3	5	6	11	16	17	21	22	27	31	32	38	41	48	49	50	51	55	61	63	65	70	73
31	645	361	-13	2831	3362	137	30	-1
32	609	381	8	2343	3765	200	-1	33	33	3	4	8	9	11	13	17	19	20	23	26	27	29	31	33	35	36	43	45	48	49	50	52	53	56	63	65	66	67	69	70	71	72
33	493	304	-8	3008	4127	185	32	-1
34	49	651	8	167	793	185	-1	35	-1
35	131	730	-8	13	1339	231	34	-1
36	92	273	11	1204	2191	241	-1	37	-1
37	306	441	-11	1830	3310	203	36	-1
38	399	550	18	2802	3750	227	-1	39	-1
39	369	313	-18	2556	4004	142	38	-1
40	188	115	14	2196	2952	166	-1	41	-1
41	229	41	-14	2411	3582	163	40	-1
42	107	197	15	1560	2708	102	-1	43	-1
43	274	169	-15	1703	2723	184	42	-1
44	762	727	19	1988	3154	140	-1	45	-1
45	626	737	-19	2608	3542	137	44	-1
46	343	900	17	1069	1707	192	-1	47	34	2	3	8	10	13	17	20	21	23	25	26	29	30	31	32	34	35	38	40	42	43	44	48	53	58	59	62	63	66	67	69	70	71	72
47	211	862	-17	512	1603	192	46	-1
48	423	544	18	248	1056	123	-1	49	-1
49	684	594	-18	1700	2475	155	48	-1
50	959	567	10	2202	3699	145	-1	51	41	0	3	6	7	8	11	13	16	18	19	20	22	25	27	28	29	30	31	32	33	34	35	39	40	41	42	48	49	57	58	59	60	61	62	63	64	66	67	69	70	71
51	873	631	-10	2099	3266	191	50	-1
52	389	465	18	499	1422	135	-1	53	41	1	2	6	8	9	12	13	15	19	20	22	24	25	26	27	28	29	30	31	32	33	35	36	37	39	40	42	43	49	52	54	55	59	60	62	63	64	65	66	68	70
53	617	627	-18	3634	4163	121	52	-1
54	62	144	7	1727	3227	144	-1	55	29	0	2	3	5	6	9	19	24	26	28	30	31	32	37	38	40	41	42	44	49	50	51	53	57	61	64	68	72	73
55	102	335	-7	2128	2818	124	54	-1
56	450	255	9	2821	4147	114	-1	57	42	0	1	3	5	10	13	14	16	17	18	20	21	22	23	25	26	27	28	29	30	33	36	38	39	43	44	46	47	49	50	51	52	54	55	57	58	59	66	68	71	72	73
57	419	442	-9	3470	4309	167	56	-1
58	488	485	12	255	1439	143	-1	59	44	1	5	6	7	8	9	12	13	14	16	17	18	21	23	25	26	27	28	31	33	37	38	39	42	43	44	47	48	49	50	51	53	55	60	62	63	64	65	66	67	69	70	73	74
59	552	510	-12	1377	2599	131	58	-1
60	269	837	7	354	1525	116	-1	61	-1
61	224	834	-7	2477	3834	109	60	-1
62	1	253	7	1703	2991	189	-1	63	-1
63	191	363	-7	2668	3243	249	62	-1
64	697	574	16	346	957	108	-1	65	-1
65	769	375	-16	343	1132	155	64	-1
66	813	343	14	2538	3571	194	-1	67	-1
67	722	391	-14	3747	4649	158	66	-1
68	818	670	6	626	1485	236	-1	69	30	6	8	14	16	17	18	22	24	26	27	30	34	36	37	39	46	47	49	51	52	54	56	57	59	60	63	64	67	68	71
69	706	822	-6	1649	2940	193	68	-1
70	604	812	17	1272	2267	181	-1	71	42	0	2	4	5	8	10	12	13	14	21	22	23	24	27	30	31	32	36	39	40	41	42	43	46	47	48	49	52	53	55	56	57	58	59	60	64	65	66	67	71	72	73
71	505	633	-17	2308	3263	214	70	-1
72	585	242	20	605	1981	136	-1	73	-1
73	535	456	-20	909	1550	195	72	-1
74	903	521	15	1180	1784	140	-1	75	43	1	2	3	4	5	6	8	9	11	14	15	17	20	22	23	24	25	28	29	30	35	38	39	40	43	46	48	49	50	53	55	57	59	61	62	63	66	68	69	70	71	72	73
75	993	597	-15	3679	4879	199	74	-1
76	433	339	18	322	1183	189	-1	77	44	3	4	5	6	7	9	10	12	13	14	17	18	19	20	22	23	24	25	26	27	28	29	31	32	33	34	36	42	43	44	45	46	48	50	51	60	61	62	66	67	68	70	71	74
77	563	239	-18	1005	1721	179	76	-1
78	112	426	8	1220	2247	239	-1	79	-1
79	141	540	-8	1996	3274	130	78	-1
80	159	512	7	2753	3756	167	-1	81	-1
81	177	325	-7	2827	3393	227	80	-1
82	249	579	14	2165	3648	241	-1	83	-1
83	19	667	-14	2714	3916	113	82	-1
84	129	8	14	1340	2741	244	-1	85	-1
85	130	69	-14	1688	2777	125	84	-1
86	126	334	16	2027	3049	118	-1	87	25	0	2	6	10	11	12	15	17	18	24	25	26	30	31	32	36	39	42	49	51	61	62	65	67	73
87	371	346	-16	1960	3266	177	86	-1
88	388	911	19	1102	2548	189	-1	89	-1
89	235	870	-19	2688	3956	185	88	-1
90	48	994	19	324	1518	114	-1	91	-1
91	200	964	-19	1355	2699	112	90	-1
92	563	421	12	1325	2501	103	-1	93	-1
93	759	250	-12	3351	4249	137	92	-1
94	929	398	19	2697	3709	127	-1	95	-1
95	888	212	-19	3067	3882	105	94	-1
96	554	517	12	1430	2832	123	-1	97	27	0	3	5	7	11	14	17	21	24	25	26	28	29	31	32	38	39	42	46	47	49	54	57	58	61	65	67
97	677	375	-12	3011	4464	182	96	-1
98	810	377	9	1939	3138	212	-1	99	27	1	2	3	4	5	22	26	29	31	32	35	37	39	40	49	53	54	58	63	64	65	66	67	68	70	71	73
99	987	252	-9	1543	2857	214	98	-1
100	489	893	7	909	2002	246	-1	101	23	5	7	10	11	13	23	24	25	27	31	34	35	36	39	40	45	57	58	59	61	62	64	73
101	339	693	-7	1257	2509	220	100	-1
102	231	633	12	708	1767	203	-1	103	-1
103	202	444	-12	647	1479	203	102	-1
104	770	638	6	2640	3582	138	-1	105	38	0	1	2	5	6	10	11	13	14	15	18	21	25	26	28	30	31	32	34	37	38	40	41	42	46	52	54	55	56	57	58	59	67	69	70	71	72	73
105	899	729	-6	3409	4620	133	104	-1
106	485	648	6	1219	1749	195	-1	107	24	11	12	14	15	16	17	25	26	28	29	30	32	37	38	40	43	44	45	46	52	57	65	71	73
107	332	605	-6	2148	3027	135	106	-1
108	95	984	16	75	1425	171	-1	109	-1
109	65	756	-16	2744	4232	181	108	-1
110	890	688	8	1319	2543	118	-1	111	-1
111	830	726	-8	1696	2618	110	110	-1
112	298	773	20	1686	3133	230	-1	113	26	2	3	7	9	10	13	15	19	20	24	27	35	38	42	43	46	52	53	55	56	58	60	64	67	68	72
113	496	733	-20	1747	2510	123	112	-1
114	177	959	10	2363	3406	177	-1	115	-1
115	277	833	-10	1939	3048	180	114	-1
116	548	899	18	485	1191	200	-1	117	24	6	7	12	15	18	22	24	30	33	35	39	41	42	43	46	50	53	59	62	64	65	69	72	73
117	409	743	-18	550	1317	107	116	-1
118	711	438	16	1672	2312	236	-1	119	-1
119	908	469	-16	2145	2728	129	118	-1
120	984	733	20	2806	4291	223	-1	121	-1
121	924	457	-20	2486	3949	187	120	-1
122	625	400	6	2979	3713	244	-1	123	39	5	8	9	12	15	16	17	18	20	22	23	24	25	27	29	30	33	34	36	38	39	40	42	43	44	45	48	49	51	52	53	54	55	57	58	60	64	68	69
123	467	504	-6	3712	4999	199	122	-1
124	954	798	19	1085	2496	159	-1	125	-1
125	783	578	-19	2530	3706	215	124	-1
126	96	616	8	3587	4810	106	-1	127	-1
127	287	702	-8	4015	4726	154	126	-1
128	741	139	20	206	1377	137	-1	129	-1
129	899	74	-20	4158	4758	142	128	-1
130	249	825	16	1301	2526	203	-1	131	-1
131	95	750	-16	4382	4968	121	130	-1
132	459	605	11	686	2027	134	-1	133	-1
133	546	465	-11	4258	4917	245	132	-1
134	41	823	17	1144	1788	146	-1	135	-1
135	82	678	-17	510	1797	111	134	-1
136	534	135	19	935	2235	203	-1	137	43	0	1	4	5	7	9	11	13	16	17	18	19	20	22	24	25	27	28	33	34	36	37	39	40	41	43	44	46	48	49	51	52	53	54	56	58	59	60	63	70	72	73	74
137	693	203	-19	2558	3113	228	136	-1
138	739	932	12	233	1168	114	-1	139	35	3	4	5	10	11	13	19	20	26	27	28	31	32	36	38	39	41	43	44	48	49	51	52	55	56	57	60	61	62	64	65	67	69	73	74
139	746	739	-12	126	974	156	138	-1
140	503	899	17	1434	2003	110	-1	141	41	0	1	3	5	7	8	11	12	13	14	16	17	21	22	24	26	29	31	32	33	37	40	41	43	45	46	47	48	50	54	57	58	59	61	62	63	64	70	71	72	74
141	550	801	-17	3288	4594	126	140	-1
142	24	225	18	65	1273	199	-1	143	-1
143	105	163	-18	1290	1964	229	142	-1
144	385	997	9	2437	3559	244	-1	145	28	1	8	11	14	15	19	20	23	25	30	33	34	36	37	39	40	42	44	47	49	51	52	58	60	64	65	68	71
145	399	946	-9	3134	3828	147	144	-1
146	78	252	12	1979	2705	119	-1	147	24	2	4	9	11	12	15	16	17	24	25	27	29	30	34	42	44	46	47	51	54	56	67	69	73
147	198	217	-12	3532	4386	192	146	-1
148	73	724	6	1338	2710	112	-1	149	-1
149	72	650	-6	2955	4162	109	148	-1
150	790	161	10	2043	2680	123	-1	151	-1
151	644	342	-10	2641	3206	216	150	-1
152	473	820	6	1950	3195	206	-1	153	27	0	2	3	4	5	12	15	16	19	25	32	33	34	37	39	40	45	48	49	54	55	58	59	64	65	69	71
153	302	783	-6	1813	2737	231	152	-1
154	324	752	7	1215	1850	187	-1	155	-1
155	411	823	-7	2202	2718	123	154	-1
156	921	125	6	921	1606	136	-1	157	-1
157	966	53	-6	522	1349	162	156	-1
158	857	488	17	734	2018	201	-1	159	-1
159	714	715	-17	2484	3536	163	158	-1
160	790	480	14	420	1819	101	-1	161	34	2	7	8	10	12	13	14	15	16	17	19	21	23	24	27	28	29	30	33	35	36	38	40	43	46	48	52	54	56	62	66	67	68	70
161	723	421	-14	3282	4270	184	160	-1
162	954	342	18	1986	3257	217	-1	163	26	1	2	3	7	8	15	18	19	22	23	30	32	34	35	40	43	44	45	49	54	57	58	67	68	72	73
163	960	66	-18	3813	4935	248	162	-1
164	181	286	14	1077	1789	189	-1	165	36	0	1	2	8	10	11	13	14	15	17	21	22	24	27	28	29	30	31	34	38	40	41	44	48	51	52	55	58	59	61	62	63	67	68	72	73
165	118	196	-14	1849	2657	173	164	-1
166	49	736	6	211	940	207	-1	167	-1
167	17	650	-6	1702	2538	104	166	-1
168	7	376	11	2353	3466	140	-1	169	-1
169	186	531	-11	3913	4781	166	168	-1
170	77	922	11	806	1697	105	-1	171	-1
171	281	786	-11	1673	3058	224	170	-1
172	394	915	8	181	1297	137	-1	173	-1
173	306	853	-8	2931	3657	112	172	-1
174	180	449	15	2304	2879	127	-1	175	-1
175	150	528	-15	2373	3859	222	174	-1
176	933	650	6	102	914	214	-1	177	-1
177	956	496	-6	4177	4755	154	176	-1
178	451	49	5	298	1490	113	-1	179	36	1	2	3	6	7	8	9	13	14	16	17	20	21	22	24	26	28	34	39	43	44	46	47	49	52	53	56	58	59	62	63	66	67	69	71	72
179	599	232	-5	761	1664	234	178	-1
180	410	863	8	223	863	113	-1	181	-1
181	509	808	-8	1029	2320	145	180	-1
182	544	358	14	657	1533	135	-1	183	-1
183	446	315	-14	2162	2897	110	182	-1
184	103	432	12	312	1664	139	-1	185	-1
185	191	502	-12	2265	3484	103	184	-1
186	455	438	12	2274	3422	160	-1	187	-1
187	643	229	-12	3951	4880	128	186	-1
188	610	992	14	1534	2179	221	-1	189	-1
189	658	931	-14	2669	4017	195	188	-1
190	2	230	11	3242	4718	209	-1	191	-1
191	173	136	-11	3417	4151	196	190	-1
192	404	37	6	1417	1981	122	-1	193	41	0	1	2	3	5	8	9	10	11	16	18	19	20	21	22	24	25	28	30	31	32	33	34	38	41	42	43	46	47	48	49	50	51	53	54	60	62	63	65	67	74
193	670	32	-6	3687	4922	174	192	-1
194	837	532	17	1164	2134	203	-1	195	-1
195	925	332	-17	1032	2271	153	194	-1
196	712	651	13	928	2428	120	-1	197	-1
197	514	568	-13	4285	4997	167	196	-1
198	392	642	18	237	940	107	-1	199	24	3	6	8	11	13	19	22	25	26	29	33	36	38	41	48	52	56	59	60	63	64	66	69	71
199	325	656	-18	1810	2335	227	198	-1
200	676	442	5	1669	2665	157	-1	201	33	1	4	5	6	10	15	17	18	19	22	26	28	29	31	34	35	38	41	43	44	46	48	49	53	54	55	58	62	64	65	66	67	74
201	591	593	-5	1847	3316	228	200	-1
202	614	8	8	952	2032	201	-1	203	29	1	2	3	4	11	16	21	23	26	27	28	31	34	38	40	41	48	51	56	58	59	60	62	63	65	66	67	69	70
203	572	250	-8	1573	2764	164	202	-1
204	57	386	13	1001	2395	202	-1	205	41	1	2	4	13	14	15	17	18	20	24	26	27	28	29	31	33	34	35	36	40	41	42	44	45	49	51	54	56	57	58	59	62	64	65	66	67	69	70	71	72	74
205	289	241	-13	2950	3556	183	204	-1
206	607	175	15	3180	4233	208	-1	207	-1
207	444	391	-15	2813	3929	196	206	-1
208	261	358	6	147	1607	128	-1	209	30	5	9	14	16	17	19	22	26	28	30	34	37	39	43	45	48	51	52	54	55	56	58	59	62	65	66	67	68	72	73
209	196	356	-6	2232	3538	207	208	-1
210	634	393	13	1442	2438	195	-1	211	-1
211	673	337	-13	1794	2952	108	210	-1
212	669	0	13	1467	2862	162	-1	213	42	1	2	3	7	8	10	11	12	14	15	17	18	19	20	22	23	25	26	28	31	32	36	37	40	42	43	44	46	47	51	52	54	55	58	59	63	64	65	66	67	71	74
213	536	117	-13	2330	3747	191	212	-1
214	918	703	8	658	1447	198	-1	215	-1
215	665	695	-8	1104	2117	155	214	-1
216	364	455	17	1062	2319	111	-1	217	40	0	2	6	7	8	9	13	16	17	18	19	20	22	23	25	27	28	33	37	38	44	47	48	49	50	51	53	55	58	59	60	61	62	64	66	67	70	71	72	73
217	419	521	-17	633	2112	219	216	-1
218	763	248	14	281	1268	148	-1	219	23	0	9	12	14	16	20	23	27	30	33	35	38	39	46	47	49	50	59	64	69	70	72	73
219	815	225	-14	1747	3112	111	218	-1
220	585	903	19	1053	2215	201	-1	221	38	0	2	5	10	11	13	15	17	18	19	21	22	23	26	27	29	30	31	33	34	35	39	41	43	44	45	48	50	51	55	57	59	61	64	66	67	69	72
221	475	975	-19	3646	4959	187	220	-1
222	707	291	17	399	1400	238	-1	223	33	0	1	2	4	6	7	10	11	14	17	18	20	22	25	26	27	31	32	35	36	38	39	44	45	52	55	56	58	60	62	63	70	73
223	731	249	-17	2143	3029	123	222	-1
224	75	271	9	221	1090	227	-1	225	-1
225	104	190	-9	1492	2444	149	224	-1
226	954	908	9	2219	3447	143	-1	227	41	1	3	4	6	7	10	11	12	14	23	24	25	27	29	30	31	32	33	34	36	39	44	46	47	48	50	51	53	57	58	59	60	61	62	64	65	66	69	71	72	73
227	700	913	-9	2262	3367	240	226	-1
228	735	408	17	3048	4344	120	-1	229	-1
229	600	391	-17	2262	3465	148	228	-1
230	722	826	10	934	1486	116	-1	231	-1
231	739	603	-10	1195	2607	196	230	-1
232	415	207	9	747	1778	103	-1	233	-1
233	512	93	-9	2927	3871	116	232	-1
234	913	200	10	126	1407	146	-1	235	-1
235	822	281	-10	1260	1911	192	234	-1
236	568	260	8	102	1326	149	-1	237	42	1	2	4	5	8	10	11	15	16	18	19	21	23	27	28	29	31	34	35	36	37	38	39	40	41	42	43	44	45	47	48	49	51	56	59	60	61	65	67	68	69	74
237	710	305	-8	1471	2565	154	236	-1
238	613	63	14	844	2051	229	-1	239	35	3	6	8	11	12	14	15	16	21	22	23	25	26	29	30	32	33	34	35	38	40	42	43	45	48	49	53	54	57	59	63	64	67	70	72
239	660	234	-14	2625	3603	217	238	-1
240	914	643	17	160	1486	188	-1	241	-1
241	732	800	-17	1066	2424	127	240	-1
242	887	417	16	1107	1872	247	-1	243	-1
243	842	547	-16	2928	4376	129	242	-1
244	800	255	16	1305	2382	234	-1	245	-1
245	873	16	-16	2146	2893	169	244	-1
246	921	908	10	498	1024	207	-1	247	28	2	5	6	7	9	12	18	22	24	25	26	28	32	33	34	35	38	39	40	41	44	47	54	55	58	62	68	72
247	740	906	-10	572	1244	246	246	-1
248	702	665	12	2882	3600	245	-1	249	-1
249	725	861	-12	3365	3940	112	248	-1
250	894	937	6	1902	3157	112	-1	251	24	4	6	9	14	18	20	25	27	28	32	33	37	38	41	45	48	49	50	52	64	65	68	70	71
251	916	828	-6	2523	3852	177	250	-1
252	936	357	20	2410	3489	219	-1	253	-1
253	872	261	-20	2330	3078	213	252	-1
254	596	848	8	1401	2814	107	-1	255	-1
255	527	932	-8	2970	4188	145	254	-1
256	934	480	15	2851	3826	207	-1	257	-1
257	785	242	-15	3937	4770	155	256	-1
258	313	163	6	1904	2799	193	-1	259	43	1	3	8	9	11	12	13	14	15	18	19	20	21	23	25	26	27	28	31	32	33	34	35	39	41	42	43	48	49	53	54	55	56	58	59	61	62	63	64	66	67	71	73
259	459	353	-6	2444	3200	188	258	-1
260	313	246	14	2448	3203	135	-1	261	-1
261	384	113	-14	2636	3540	120	260	-1
262	452	625	18	2149	3539	142	-1	263	27	2	3	4	10	11	17	19	21	23	27	29	30	35	36	44	45	51	52	53	54	57	60	64	65	66	68	74
263	502	903	-18	1989	3392	218	262	-1
264	526	292	10	874	1843	146	-1	265	37	0	1	6	7	9	11	12	13	14	15	17	19	20	21	22	29	31	32	33	34	35	36	37	42	45	46	47	52	54	57	58	61	62	65	67	72	74
265	683	188	-10	2145	3465	207	264	-1
266	763	170	8	1147	2352	185	-1	267	42	1	3	5	6	8	9	12	13	14	15	16	17	18	19	20	21	23	25	26	27	30	32	33	36	38	39	40	41	42	43	48	49	51	56	57	58	60	61	62	69	71	74
267	614	299	-8	2315	2977	184	266	-1
268	47	24	20	1257	2753	183	-1	269	-1
269	139	198	-20	3379	4175	158	268	-1
270	80	770	6	235	1646	244	-1	271	-1
271	117	930	-6	1881	2389	161	270	-1
272	423	719	18	112	1444	221	-1	273	-1
273	535	519	-18	979	2370	170	272	-1
274	468	153	19	1716	2523	197	-1	275	-1
275	533	7	-19	3263	4691	219	274	-1
276	909	663	11	1329	1949	247	-1	277	-1
277	746	618	-11	2664	4079	150	276	-1
278	446	153	17	2483	3647	119	-1	279	-1
279	403	102	-17	2819	4140	231	278	-1
280	850	540	7	2174	2834	107	-1	281	36	1	5	6	8	10	12	13	17	22	24	26	28	31	34	38	39	40	44	45	46	47	48	50	53	55	56	57	58	59	61	63	64	66	69	72	74
281	922	630	-7	2906	3894	176	280	-1
282	853	676	6	1226	2034	116	-1	283	-1
283	698	701	-6	3938	4717	201	282	-1
284	360	912	19	3555	4353	112	-1	285	33	1	2	4	8	9	10	11	12	13	17	21	27	30	32	33	34	35	36	37	39	40	44	48	49	50	54	56	57	62	65	66	71	72
285	234	912	-19	4256	4860	213	284	-1
286	855	303	12	163	1115	227	-1	287	-1
287	865	437	-12	1059	2288	231	286	-1
288	180	402	11	543	1277	119	-1	289	31	2	4	6	11	13	14	15	18	21	22	27	28	30	34	36	41	42	47	48	50	52	53	56	58	59	60	61	63	67	68	73
289	171	407	-11	3639	4671	241	288	-1
290	375	861	8	1243	2558	226	-1	291	25	1	5	6	7	9	11	13	14	15	17	21	29	30	36	38	44	49	50	52	53	59	62	66	69	72
291	332	773	-8	1513	2494	233	290	-1
292	11	182	5	478	1089	149	-1	293	24	2	5	6	11	15	16	21	22	25	26	29	30	35	36	43	44	47	49	62	64	65	66	67	72
293	141	274	-5	1255	1815	155	292	-1
294	189	545	12	1656	2722	232	-1	295	37	0	1	10	12	13	15	18	20	21	22	23	24	25	26	28	29	30	31	32	33	34	37	39	40	41	42	45	48	51	56	58	68	69	70	71	73	74
295	2	666	-12	1415	2906	121	294	-1
296	167	530	8	1250	2464	205	-1	297	-1
297	183	435	-8	2062	2848	195	296	-1
298	788	94	15	232	1062	107	-1	299	-1
299	555	3	-15	2523	3429	100	298	-1
300	728	833	15	1821	3038	133	-1	301	-1
301	470	899	-15	3326	4675	103	300	-1
302	581	231	11	2542	3751	212	-1	303	-1
303	495	434	-11	2701	3882	153	302	-1
304	224	730	20	1318	2285	184	-1	305	-1
305	236	943	-20	790	2274	238	304	-1
306	837	427	16	1356	2322	149	-1	307	44	1	2	4	5	6	8	9	10	11	16	17	18	19	23	24	25	26	28	29	30	32	33	34	36	37	38	40	41	45	47	48	53	55	57	58	59	60	61	62	66	68	71	72	73
307	808	268	-16	2410	3478	101	306	-1
308	832	43	15	1696	3098	222	-1	309	-1
309	665	70	-15	1586	3079	213	308	-1
310	662	130	5	1047	1719	106	-1	311	-1
311	536	352	-5	2263	2833	199	310	-1
312	103	130	20	584	1859	190	-1	313	-1
313	118	124	-20	507	1864	225	312	-1
314	732	165	9	1149	2285	230	-1	315	-1
315	865	344	-9	3219	4602	172	314	-1
316	142	728	11	3446	4135	177	-1	317	-1
317	155	832	-11	3365	4852	228	316	-1
318	199	680	11	2231	2949	247	-1	319	-1
319	35	472	-11	3702	4414	165	318	-1
320	818	126	15	930	1716	128	-1	321	-1
321	898	188	-15	1291	2177	117	320	-1
322	158	333	9	1386	2082	125	-1	323	-1
323	309	190	-9	3448	4149	137	322	-1
324	171	305	18	331	919	109	-1	325	-1
325	314	500	-18	2514	3884	204	324	-1
326	872	265	9	773	1296	220	-1	327	40	0	3	4	5	7	9	10	11	12	13	14	17	18	21	22	26	27	30	32	33	34	37	38	39	42	43	44	46	47	48	49	54	56	57	60	61	64	65	68	70
327	753	469	-9	2565	3974	139	326	-1
328	800	173	15	901	1785	207	-1	329	-1
329	640	36	-15	3474	4877	176	328	-1
330	508	684	11	2381	3664	192	-1	331	38	3	5	8	9	10	12	17	19	22	23	24	25	32	33	35	36	37	38	39	40	46	48	49	52	53	55	56	58	59	60	63	64	66	68	69	70	71	74
331	435	637	-11	3758	4683	167	330	-1
332	931	572	7	1130	1836	143	-1	333	26	1	4	5	7	8	9	11	12	18	20	23	25	26	31	35	37	38	40	41	49	53	54	57	66	68	70
333	920	737	-7	1594	2971	161	332	-1
334	964	16	18	549	1243	135	-1	335	-1
335	879	256	-18	1438	2367	181	334	-1
336	766	940	14	3380	4198	202	-1	337	33	1	2	7	8	9	15	18	23	24	26	27	28	30	33	34	37	38	39	40	44	45	46	49	52	54	57	58	59	60	62	66	68	74
337	876	749	-14	3839	4397	108	336	-1
338	183	481	15	1887	2832	207	-1	339	-1
339	316	397	-15	1209	2518	127	338	-1
340	539	127	15	1115	1869	144	-1	341	26	2	3	8	10	11	16	19	21	22	26	27	28	35	38	39	40	41	43	45	47	48	56	58	63	72	73
341	598	261	-15	819	2196	198	340	-1
342	269	449	7	2060	3531	176	-1	343	-1
343	222	691	-7	3454	4583	165	342	-1
344	860	93	16	1250	2001	198	-1	345	-1
345	858	207	-16	1324	2578	113	344	-1
346	452	204	16	2516	3598	211	-1	347	32	2	3	4	5	6	7	8	12	14	15	21	24	29	33	35	36	38	40	41	42	47	52	55	57	58	62	64	66	67	68	69	72
347	721	227	-16	2829	4137	210	346	-1
348	582	689	9	171	1146	119	-1	349	44	0	2	3	4	5	6	7	9	10	14	17	19	20	21	22	23	24	27	28	29	30	32	34	35	36	39	40	41	43	45	46	47	48	50	52	53	54	55	59	61	62	63	66	73
349	579	530	-9	2021	3033	198	348	-1
350	831	256	13	1705	2796	223	-1	351	-1
351	778	145	-13	1267	2368	177	350	-1
352	855	75	17	2774	3481	209	-1	353	-1
353	670	116	-17	2669	3406	223	352	-1
354	478	379	5	1251	2144	110	-1	355	-1
355	437	511	-5	1751	2967	130	354	-1
356	979	581	7	951	1452	246	-1	357	-1
357	962	460	-7	2011	2885	140	356	-1
358	396	749	9	1288	1832	105	-1	359	-1
359	573	921	-9	1726	2482	138	358	-1
360	625	958	8	217	898	248	-1	361	39	1	3	4	5	7	9	13	14	15	17	18	19	21	22	23	26	27	29	30	31	34	38	40	41	42	47	48	49	51	54	55	56	58	59	61	64	68	70	72
361	574	768	-8	529	1281	194	360	-1
362	260	450	11	3486	4922	118	-1	363	-1
363	317	675	-11	3146	4474	197	362	-1
364	71	899	17	2509	3127	124	-1	365	42	1	6	8	9	10	12	13	14	15	16	18	22	24	25	28	30	31	33	34	35	37	38	40	41	42	48	49	52	53	54	55	56	59	60	61	62	63	66	67	68	70	71
365	94	689	-17	3360	4288	101	364	-1
366	569	489	17	145	881	249	-1	367	26	11	17	18	25	29	31	34	36	37	38	39	40	44	47	49	50	51	52	60	61	62	63	64	68	70	72
367	411	566	-17	323	1269	179	366	-1
368	784	634	6	447	1893	130	-1	369	-1
369	642	570	-6	3186	3695	249	368	-1
370	433	894	20	4199	4931	131	-1	371	44	0	1	4	5	6	9	10	13	14	17	19	24	25	26	27	30	31	32	34	36	37	39	40	42	45	46	47	48	49	51	52	53	57	58	60	61	65	67	68	69	70	71	72	73
371	593	816	-20	4038	4737	174	370	-1
372	197	18	6	919	2055	200	-1	373	-1
373	112	273	-6	2714	3791	223	372	-1
374	439	923	8	2748	3439	239	-1	375	-1
375	403	792	-8	3942	4545	116	374	-1
376	833	392	16	844	2168	110	-1	377	-1
377	690	294	-16	1110	1882	118	376	-1
378	127	145	13	3131	4220	173	-1	379	-1
379	393	87	-13	3146	4626	133	378	-1
380	431	842	8	931	2264	233	-1	381	41	0	2	3	5	6	9	10	13	16	18	19	20	27	28	30	31	32	33	34	36	38	39	40	43	44	46	47	49	51	53	56	57	58	60	62	63	64	65	66	67	73
381	312	946	-8	2795	3617	245	380	-1
382	47	536	19	1034	1999	148	-1	383	39	0	2	3	6	8	9	10	16	17	19	25	28	30	31	32	33	34	36	39	40	41	42	43	45	46	47	48	49	52	53	60	62	63	66	67	68	69	71	72
383	297	603	-19	775	1742	190	382	-1
384	108	59	18	1252	2537	166	-1	385	37	3	4	5	6	7	9	11	12	13	14	16	19	20	22	25	26	27	28	29	31	35	36	37	39	40	46	49	50	52	54	57	58	61	62	66	71	74
385	78	319	-18	2324	3580	230	384	-1
386	210	557	11	2003	3009	157	-1	387	41	1	2	3	5	6	7	8	10	12	14	15	16	18	20	22	23	25	26	27	28	29	33	35	37	39	41	42	47	48	51	53	55	57	59	62	63	68	69	70	71	73
387	60	615	-11	2019	3452	242	386	-1
388	778	961	17	953	1498	234	-1	389	-1
389	980	930	-17	2039	2790	224	388	-1
390	989	283	18	865	1997	136	-1	391	-1
391	997	390	-18	1150	1718	223	390	-1
392	534	448	9	2112	3159	161	-1	393	-1
393	325	278	-9	2818	4212	102	392	-1
394	580	3	8	2220	3379	137	-1	395	-1
395	404	167	-8	2062	3404	168	394	-1
396	310	117	10	1756	2934	120	-1	397	44	1	2	3	5	7	8	10	11	12	13	14	15	17	18	19	21	24	27	28	29	30	35	36	38	39	40	42	44	45	47	48	49	50	52	53	55	58	62	63	65	68	70	72	74
397	435	276	-10	3908	4769	141	396	-1
398	892	545	5	1063	2249	104	-1	399	41	6	8	11	12	13	15	16	19	20	22	23	25	27	28	31	32	34	37	38	39	41	43	44	46	49	50	51	53	55	56	58	60	61	62	63	65	66	67	71	73	74
399	759	658	-5	3835	4551	135	398	-1
400	352	759	7	821	2313	190	-1	401	-1
401	432	739	-7	2329	3645	229	400	-1
402	668	296	6	886	2168	211	-1	403	-1
403	579	319	-6	1955	2859	190	402	-1
404	35	819	17	254	1012	224	-1	405	24	0	2	6	11	12	15	19	23	24	25	26	39	43	46	48	49	50	54	55	59	61	62	63	70
405	89	961	-17	632	1906	181	404	-1
406	941	915	6	1591	2393	153	-1	407	-1
407	707	920	-6	2112	3436	193	406	-1
408	258	637	11	1895	2461	136	-1	409	-1
409	444	632	-11	2392	3496	234	408	-1
410	339	992	13	943	2234	162	-1	411	-1
411	484	973	-13	1726	2558	212	410	-1
412	674	704	6	1308	2368	123	-1	413	-1
413	500	764	-6	2527	3707	205	412	-1
414	614	581	11	36	1193	116	-1	415	-1
415	458	487	-11	2699	3472	217	414	-1
416	860	543	16	1672	2563	189	-1	417	-1
417	864	572	-16	1235	2030	125	416	-1
418	526	868	9	147	1585	176	-1	419	-1
419	577	609	-9	1439	2472	149	418	-1
420	427	892	15	2413	3398	166	-1	421	-1
421	426	983	-15	3949	4631	178	420	-1
422	13	175	20	2149	3125	189	-1	423	26	2	3	4	5	7	8	9	12	14	15	22	27	32	37	40	42	44	47	50	57	60	62	65	68	70	72
423	142	39	-20	2199	3694	178	422	-1
424	762	513	7	2038	2804	190	-1	425	-1
425	651	375	-7	2789	3440	225	424	-1
426	270	690	8	21	759	140	-1	427	-1
427	296	645	-8	1577	2748	162	426	-1
428	546	723	13	682	2117	151	-1	429	39	0	4	6	8	9	11	14	16	17	20	21	24	25	26	29	32	34	35	36	39	42	43	45	46	48	50	51	55	57	59	61	62	65	68	69	71	72	73	74
429	626	463	-13	3183	4249	117	428	-1
430	837	426	9	2431	2996	243	-1	431	40	1	2	3	4	6	7	8	15	20	21	22	23	24	25	26	31	32	35	36	37	40	41	43	46	47	49	50	51	52	57	59	60	63	64	65	66	67	68	69	71
431	723	523	-9	2202	3447	127	430	-1
432	232	996	15	373	1164	116	-1	433	-1
433	174	803	-15	2884	4363	178	432	-1
434	707	366	10	2583	3848	242	-1	435	-1
435	850	571	-10	2328	3400	134	434	-1
436	866	222	11	1141	1776	101	-1	437	-1
437	978	47	-11	1074	1621	127	436	-1
438	564	691	6	2520	3807	118	-1	439	34	0	1	2	5	10	12	14	19	23	24	27	28	29	30	33	34	35	36	39	41	44	49	51	52	53	55	56	61	62	64	68	69	71	74
439	647	489	-6	2845	4302	229	438	-1
440	24	664	14	1440	2511	182	-1	441	24	1	3	6	8	16	17	21	22	23	26	28	30	33	35	37	39	43	46	47	48	50	59	62	66
441	16	530	-14	1669	2364	105	440	-1
442	146	638	15	2190	3344	130	-1	443	-1
443	179	732	-15	1858	2746	166	442	-1
444	221	844	20	471	1118	199	-1	445	-1
445	289	696	-20	1406	2281	102	444	-1
446	524	830	13	403	1588	225	-1	447	-1
447	261	777	-13	2631	3978	182	446	-1
448	145	179	19	1235	1846	105	-1	449	30	1	3	4	5	7	8	10	11	15	16	17	19	21	23	24	29	30	31	32	34	35	36	41	51	56	57	64	65	66	68
449	211	58	-19	1873	2634	194	448	-1
450	181	372	10	1426	2444	209	-1	451	43	0	1	2	4	6	7	8	10	12	13	19	20	22	23	24	25	26	28	30	33	34	36	39	40	45	47	48	49	51	53	55	57	58	59	60	62	64	66	69	70	71	72	73
451	97	445	-10	3493	4801	221	450	-1
452	663	374	9	858	1711	222	-1	453	-1
453	769	153	-9	784	2111	178	452	-1
454	183	377	7	1131	2018	167	-1	455	38	1	2	4	5	6	7	9	12	14	18	22	23	24	25	27	28	30	36	41	42	44	45	47	48	49	50	51	54	57	58	59	60	61	62	66	68	72	73
455	227	521	-7	3181	3893	148	454	-1
456	390	707	17	766	1343	168	-1	457	-1
457	554	580	-17	3919	4424	233	456	-1
458	201	352	18	1014	2186	177	-1	459	38	5	6	8	9	10	11	15	16	18	19	23	26	28	30	31	32	33	34	36	37	38	41	42	45	46	48	49	51	52	53	54	57	63	67	69	70	71	72
459	58	374	-18	3020	4421	221	458	-1
460	399	967	6	670	1939	110	-1	461	37	0	2	4	7	10	12	17	18	19	20	22	25	26	27	28	31	32	35	36	37	38	39	40	41	43	48	49	51	53	56	59	62	63	64	67	69	73
461	661	862	-6	964	1611	105	460	-1
462	950	497	6	3065	3666	104	-1	463	43	1	2	3	4	6	7	8	9	10	11	16	17	20	22	25	26	27	28	29	30	32	33	34	35	40	41	43	44	45	46	47	48	49	51	53	59	60	61	64	65	66	67	70
463	718	524	-6	3146	4459	111	462	-1
464	546	112	20	1870	2551	162	-1	465	43	2	4	5	6	8	9	10	12	13	14	15	16	17	21	22	26	28	31	32	33	36	37	38	39	40	41	42	43	44	45	46	47	49	53	55	56	57	60	63	64	65	69	70
465	789	124	-20	2510	3976	167	464	-1
466	949	584	11	2083	3436	156	-1	467	23	9	12	15	17	24	25	28	33	36	39	44	47	48	50	51	57	60	63	65	66	67	69	73
467	815	400	-11	2714	3739	128	466	-1
468	654	154	15	11	1253	210	-1	469	-1
469	680	272	-15	1158	2399	101	468	-1
470	643	576	11	3716	4849	109	-1	471	25	1	14	23	24	26	27	28	29	30	31	32	34	35	41	42	44	45	48	51	56	58	61	62	65	74
471	616	441	-11	3876	4792	145	470	-1
472	892	163	8	81	1072	161	-1	473	41	0	2	3	4	5	7	8	9	11	14	15	17	18	20	22	23	24	26	30	34	41	42	43	45	47	48	49	51	52	57	58	59	60	62	63	64	66	67	69	71	73
473	786	244	-8	1697	3151	185	472	-1
474	379	35	15	2407	3066	110	-1	475	-1
475	176	201	-15	4126	4653	134	474	-1
476	584	55	8	1369	2087	235	-1	477	-1
477	410	206	-8	1526	2283	176	476	-1
478	157	671	13	2277	3359	184	-1	479	28	4	7	8	9	12	13	15	17	23	26	27	29	33	34	38	39	44	48	49	55	57	63	66	67	69	70	72	73
479	36	594	-13	2652	3814	173	478	-1
480	976	794	5	1171	2631	131	-1	481	-1
481	889	703	-5	2681	3253	168	480	-1
482	211	329	7	1515	2525	233	-1	483	27	0	1	7	10	11	13	24	29	31	32	34	35	38	39	41	43	44	45	46	49	57	58	59	61	67	70	71
483	13	216	-7	1157	2304	149	482	-1
484	525	741	18	2216	2769	136	-1	485	-1
485	318	766	-18	2603	4038	180	484	-1
486	477	915	17	1993	2773	182	-1	487	42	0	1	2	3	4	8	10	11	12	13	15	17	18	19	20	23	25	33	34	35	36	39	40	42	43	45	46	48	51	53	54	56	58	59	60	61	63	64	65	66	72	73
487	408	868	-17	1663	2780	216	486	-1
488	980	618	8	719	1225	192	-1	489	-1
489	728	511	-8	2792	3396	191	488	-1
490	45	569	12	284	1026	117	-1	491	39	0	1	2	5	8	12	14	15	18	19	25	26	27	29	31	32	33	34	35	36	37	38	39	42	44	48	50	51	54	56	57	58	62	63	64	65	66	73	74
491	258	655	-12	3279	4323	203	490	-1
492	721	50	11	2636	3840	136	-1	493	-1
493	694	310	-11	2372	3291	171	492	-1
494	691	640	14	1778	2868	199	-1	495	-1
495	777	442	-14	2314	3292	161	494	-1
496	789	884	12	2620	3946	249	-1	497	-1
497	771	838	-12	2233	3582	215	496	-1
498	957	863	10	2037	2996	239	-1	499	-1
499	888	689	-10	2979	3669	162	498	-1
0	165	33	165	33	50	0	5000
1	903	112	903	112	50	0	5000
2	885	248	885	248	50	0	5000
3	148	899	148	899	50	0	5000
4	501	515	501	515	50	0	5000
5	165	33	165	33	50	0	5000
6	903	112	903	112	50	0	5000
7	885	248	885	248	50	0	5000
8	148	899	148	899	50	0	5000
9	501	515	501	515	50	0	5000
10	165	33	165	33	50	0	5000
11	903	112	903	112	50	0	5000
12	885	248	885	248	50	0	5000
13	148	899	148	899	50	0	5000
14	501	515	501	515	50	0	5000
15	165	33	165	33	50	0	5000
16	903	112	903	112	50	0	5000
17	885	248	885	248	50	0	5000
18	148	899	148	899	50	0	5000
19	501	515	501	515	50	0	5000
20	165	33	165	33	50	0	5000
21	903	112	903	112	50	0	5000
22	885	248	885	248	50	0	5000
23	148	899	148	899	50	0	5000
24	501	515	501	515	50	0	5000
25	165	33	165	33	50	0	5000
26	903	112	903	112	50	0	5000
27	885	248	885	248	50	0	5000
28	148	899	148	899	50	0	5000
29	501	515	501	515	50	0	5000
30	165	33	165	33	50	0	5000
31	903	112	903	112	50	0	5000
32	885	248	885	248	50	0	5000
33	148	899	148	899	50	0	5000
34	501	515	501	515	50	0	5000
35	165	33	165	33	50	0	5000
36	903	112	903	112	50	0	5000
37	885	248	885	248	50	0	5000
38	148	899	148	899	50	0	5000
39	501	515	501	515	50	0	5000
40	165	33	165	33	50	0	5000
41	903	112	903	112	50	0	5000
42	885	248	885	248	50	0	5000
43	148	899	148	899	50	0	5000
44	501	515	501	515	50	0	5000
45	165	33	165	33	50	0	5000
46	903	112	903	112	50	0	5000
47	885	248	885	248	50	0	5000
48	148	899	148	899	50	0	5000
49	501	515	501	515	50	0	5000
50	165	33	165	33	50	0	5000
51	903	112	903	112	50	0	5000
52	885	248	885	248	50	0	5000
53	148	899	148	899	50	0	5000
54	501	515	501	515	50	0	5000
55	165	33	165	33	50	0	5000
56	903	112	903	112	50	0	5000
57	885	248	885	248	50	0	5000
58	148	899	148	899	50	0	5000
59	501	515	501	515	50	0	5000
60	165	33	165	33	50	0	5000
61	903	112	903	112	50	0	5000
62	885	248	885	248	50	0	5000
63	148	899	148	899	50	0	5000
64	501	515	501	515	50	0	5000
65	165	33	165	33	50	0	5000
66	903	112	903	112	50	0	5000
67	885	248	885	248	50	0	5000
68	148	899	148	899	50	0	5000
69	501	515	501	515	50	0	5000
70	165	33	165	33	50	0	5000
71	903	112	903	112	50	0	5000
72	885	248	885	248	50	0	5000
73	148	899	148	899	50	0	5000
74	501	515	501	515	50	0	5000
