100	30	1	1	100000
0	109	963	14	94	1167	189	-1	1	-1
1	56	944	-14	91	1312	221	0	-1
2	661	991	10	2091	2745	225	-1	3	-1
3	828	822	-10	2048	2966	117	2	-1
4	805	318	9	1382	2636	102	-1	5	-1
5	843	472	-9	2645	4002	140	4	-1
6	85	950	17	3823	4753	106	-1	7	15	2	3	4	6	10	11	13	15	17	18	22	25	26	27	28
7	152	935	-17	3475	4440	121	6	-1
8	123	950	8	418	1887	186	-1	9	12	1	2	3	9	10	14	16	17	18	20	23	25
9	6	828	-8	4116	4932	148	8	-1
10	406	803	17	302	1719	103	-1	11	-1
11	139	734	-17	2618	3862	104	10	-1
12	369	407	16	1407	2133	128	-1	13	-1
13	366	208	-16	2800	4077	161	12	-1
14	73	956	17	531	1173	232	-1	15	17	1	2	3	5	7	10	11	12	17	18	19	20	22	24	26	27	29
15	89	973	-17	3629	4305	220	14	-1
16	881	267	8	1464	2733	213	-1	17	14	2	3	4	5	9	10	12	15	17	19	21	25	26	27
17	877	214	-8	2038	3374	103	16	-1
18	116	931	12	1306	2639	158	-1	19	-1
19	329	880	-12	1745	2422	234	18	-1
20	619	420	13	208	1342	164	-1	21	16	4	5	6	7	8	11	12	14	16	17	18	19	21	22	27	28
21	815	363	-13	4342	4979	111	20	-1
22	895	826	9	211	1484	116	-1	23	13	2	4	5	7	12	14	15	19	22	23	25	27	28
23	826	847	-9	1816	2980	126	22	-1
24	886	903	13	892	2189	241	-1	25	-1
25	823	843	-13	2414	3270	156	24	-1
26	353	496	18	191	1264	122	-1	27	17	0	2	3	4	5	8	14	15	16	17	18	20	21	22	23	26	27
27	604	397	-18	1588	2847	234	26	-1
28	707	584	12	3343	4583	171	-1	29	12	3	6	7	11	12	16	19	20	24	26	27	28
29	822	458	-12	4279	4815	118	28	-1
30	223	125	13	1806	3075	140	-1	31	-1
31	44	4	-13	3421	4524	110	30	-1
32	265	193	18	2733	3698	148	-1	33	15	3	4	5	7	9	10	11	12	15	19	21	26	27	28	29
33	189	139	-18	3294	3799	134	32	-1
34	307	927	15	1662	2385	138	-1	35	17	1	4	6	7	9	10	12	13	14	16	18	19	20	21	22	25	27
35	406	803	-15	807	2266	204	34	-1
36	923	538	17	1044	2248	105	-1	37	-1
37	763	318	-17	1387	2723	138	36	-1
38	647	302	12	402	1412	181	-1	39	11	1	4	5	7	8	10	15	23	25	27	28
39	869	286	-12	630	1185	110	38	-1
40	332	121	16	215	1253	246	-1	41	-1
41	357	74	-16	3416	4273	126	40	-1
42	153	354	14	523	1562	111	-1	43	-1
43	182	136	-14	525	1542	204	42	-1
44	78	962	18	2012	3109	108	-1	45	-1
45	225	948	-18	2413	3664	228	44	-1
46	763	140	18	963	2361	153	-1	47	17	0	1	5	6	7	9	10	11	14	17	18	21	22	24	27	28	29
47	789	347	-18	3023	4469	197	46	-1
48	805	345	14	3069	4542	142	-1	49	16	5	8	10	11	12	13	14	17	19	21	22	24	25	26	27	28
49	976	513	-14	3318	4468	161	48	-1
50	869	292	7	307	834	211	-1	51	-1
51	816	332	-7	54	1276	163	50	-1
52	100	919	7	3459	3972	225	-1	53	-1
53	257	915	-7	2999	4102	227	52	-1
54	956	256	16	880	2079	221	-1	55	-1
55	802	345	-16	1648	2943	168	54	-1
56	787	348	15	1866	3254	245	-1	57	16	0	1	5	6	7	8	10	14	17	18	19	21	22	23	24	28
57	932	106	-15	3280	3937	220	56	-1
58	180	138	7	575	1932	109	-1	59	13	0	1	7	11	12	15	16	17	20	21	23	25	28
59	181	140	-7	60	1032	208	58	-1
60	791	939	19	3503	4299	246	-1	61	-1
61	831	925	-19	3428	4596	165	60	-1
62	541	664	16	68	805	222	-1	63	-1
63	598	855	-16	3380	4685	219	62	-1
64	451	459	13	193	1633	169	-1	65	-1
65	274	635	-13	1427	2584	105	64	-1
66	80	169	8	486	1791	249	-1	67	-1
67	146	384	-8	532	1815	209	66	-1
68	104	265	19	2283	3570	212	-1	69	-1
69	182	336	-19	2289	3557	112	68	-1
70	241	93	14	107	1172	185	-1	71	-1
71	178	355	-14	702	1655	146	70	-1
72	66	317	16	37	735	110	-1	73	-1
73	170	337	-16	1677	2955	249	72	-1
74	988	605	7	125	1579	206	-1	75	-1
75	923	545	-7	609	1700	110	74	-1
76	874	841	19	611	2026	148	-1	77	11	2	4	13	14	20	21	23	24	25	27	28
77	824	859	-19	2705	3839	148	76	-1
78	831	252	18	705	1802	147	-1	79	-1
79	791	358	-18	1065	2353	183	78	-1
80	84	960	8	1221	2121	219	-1	81	10	4	8	10	11	14	17	20	21	23	27
81	117	928	-8	3028	3889	179	80	-1
82	94	554	18	1057	1888	224	-1	83	-1
83	9	672	-18	1584	2487	208	82	-1
84	434	561	11	2971	4462	203	-1	85	-1
85	347	642	-11	3284	4155	189	84	-1
86	207	63	9	1740	2514	161	-1	87	14	1	2	3	7	8	11	12	14	19	20	21	22	24	25
87	342	78	-9	1917	3179	196	86	-1
88	427	801	13	637	1872	130	-1	89	-1
89	385	798	-13	2154	3175	242	88	-1
90	378	83	10	2020	2737	101	-1	91	-1
91	479	194	-10	2939	3465	157	90	-1
92	930	554	16	1458	2338	211	-1	93	15	2	4	5	6	10	11	12	15	16	17	21	23	24	27	28
93	931	594	-16	2096	3518	166	92	-1
94	319	136	6	285	1133	244	-1	95	-1
95	349	131	-6	55	1114	235	94	-1
96	73	533	6	1356	2356	209	-1	97	-1
97	252	702	-6	3819	4907	101	96	-1
98	87	304	17	1587	2354	245	-1	99	13	3	4	6	7	10	14	15	16	20	22	23	25	27
99	15	285	-17	1659	3034	229	98	-1
100	145	954	16	3756	4744	138	-1	101	16	0	2	3	4	6	14	16	18	19	20	21	22	25	26	27	29
101	48	999	-16	3093	4174	150	100	-1
102	183	390	17	219	1688	159	-1	103	-1
103	317	211	-17	992	2318	175	102	-1
104	928	557	14	678	2096	134	-1	105	-1
105	909	541	-14	2486	3714	201	104	-1
106	619	747	11	421	1773	186	-1	107	14	0	1	2	5	8	9	10	11	14	17	18	22	23	28
107	573	542	-11	1674	3072	161	106	-1
108	647	853	7	832	2019	195	-1	109	-1
109	406	803	-7	3681	4988	179	108	-1
110	777	554	10	669	1654	131	-1	111	-1
111	815	833	-10	1767	2943	160	110	-1
112	107	936	12	2827	4078	169	-1	113	15	0	1	5	7	8	11	14	16	20	21	22	23	24	26	28
113	183	873	-12	3340	3941	136	112	-1
114	744	538	20	566	1102	134	-1	115	17	1	3	6	7	8	9	10	11	12	13	17	19	20	22	27	28	29
115	995	577	-20	3601	4767	140	114	-1
116	760	131	11	2144	2723	120	-1	117	15	2	6	7	9	11	13	14	16	17	19	20	21	23	27	28
117	582	330	-11	2622	4012	243	116	-1
118	582	46	8	1203	1811	198	-1	119	16	0	1	3	7	10	11	14	17	18	19	20	22	23	26	27	28
119	692	276	-8	646	1886	220	118	-1
120	414	785	7	3883	4724	249	-1	121	17	0	2	4	5	9	13	16	18	19	20	21	22	24	25	26	28	29
121	390	826	-7	4064	4946	129	120	-1
122	206	670	15	749	1660	194	-1	123	16	0	1	2	3	5	6	7	9	10	14	17	18	21	22	24	27
123	116	931	-15	3618	4926	115	122	-1
124	767	383	11	3398	4873	191	-1	125	-1
125	790	356	-11	2575	3985	241	124	-1
126	938	345	18	2747	3630	209	-1	127	12	1	2	3	5	10	14	15	20	21	22	24	25
127	922	542	-18	2572	3539	188	126	-1
128	425	249	12	3293	3918	164	-1	129	-1
129	320	98	-12	4007	4694	229	128	-1
130	891	258	19	1479	2355	244	-1	131	-1
131	884	270	-19	2682	3889	242	130	-1
132	259	112	6	179	1391	226	-1	133	-1
133	185	136	-6	728	1500	240	132	-1
134	214	630	19	949	1530	231	-1	135	-1
135	179	358	-19	2346	2910	166	134	-1
136	418	670	10	1598	2755	249	-1	137	-1
137	448	699	-10	1692	2591	118	136	-1
138	974	908	14	188	1367	171	-1	139	10	0	3	5	10	13	18	20	22	23	25
139	824	846	-14	1871	2785	155	138	-1
140	813	773	15	870	1470	220	-1	141	-1
141	882	548	-15	2519	3104	134	140	-1
142	254	145	17	2274	3505	147	-1	143	-1
143	256	27	-17	2148	2776	136	142	-1
144	674	531	20	677	1419	211	-1	145	11	0	2	4	5	9	13	14	16	22	23	27
145	424	457	-20	4458	4962	120	144	-1
146	553	959	14	3528	4756	133	-1	147	-1
147	405	808	-14	3518	4466	208	146	-1
148	450	152	8	312	1332	185	-1	149	-1
149	510	206	-8	3831	4541	179	148	-1
150	862	456	20	2604	3565	121	-1	151	-1
151	861	213	-20	3779	4492	222	150	-1
152	903	677	8	938	2220	153	-1	153	10	0	4	11	16	20	21	22	23	24	29
153	826	847	-8	909	1875	233	152	-1
154	199	356	6	1630	2749	119	-1	155	-1
155	46	292	-6	3635	4995	104	154	-1
156	589	899	16	536	1926	224	-1	157	-1
157	617	992	-16	1553	2801	237	156	-1
158	812	839	20	294	817	221	-1	159	17	0	1	2	4	5	7	9	11	13	14	17	19	20	21	22	23	25
159	688	675	-20	1447	2709	109	158	-1
160	326	841	9	160	746	192	-1	161	13	0	1	2	3	5	8	9	11	12	13	15	18	20
161	406	804	-9	1018	2170	183	160	-1
162	412	815	12	1382	2076	180	-1	163	-1
163	417	603	-12	2809	3535	158	162	-1
164	772	338	12	3475	4204	125	-1	165	16	1	2	4	9	11	12	14	16	18	19	20	21	25	27	28	29
165	880	268	-12	4186	4823	145	164	-1
166	666	122	14	3417	4259	208	-1	167	-1
167	614	139	-14	3316	4732	151	166	-1
168	79	959	17	34	853	201	-1	169	13	0	3	7	8	11	12	13	18	21	22	23	24	26
169	116	931	-17	2997	3833	100	168	-1
170	122	917	19	464	1879	158	-1	171	-1
171	43	932	-19	1475	2205	224	170	-1
172	183	997	7	1899	2911	131	-1	173	-1
173	308	846	-7	3491	4914	154	172	-1
174	501	641	12	1298	2238	106	-1	175	15	1	5	6	8	11	12	14	15	16	17	18	19	20	21	24
175	370	819	-12	2391	3010	239	174	-1
176	316	517	12	3241	4733	210	-1	177	-1
177	384	767	-12	2528	3986	140	176	-1
178	195	78	19	1287	2383	160	-1	179	15	1	5	8	9	12	14	15	16	21	22	23	24	25	26	27
179	176	57	-19	1493	2873	128	178	-1
180	454	724	5	1210	2012	221	-1	181	11	1	2	3	7	10	15	19	21	24	25	27
181	370	926	-5	3459	4507	121	180	-1
182	786	352	9	912	1457	215	-1	183	-1
183	908	403	-9	2678	3250	171	182	-1
184	124	368	19	1928	3217	167	-1	185	-1
185	392	349	-19	2251	3722	106	184	-1
186	766	117	9	3031	4136	125	-1	187	-1
187	784	349	-9	3074	3697	245	186	-1
188	381	394	11	3840	4967	115	-1	189	16	1	2	3	4	10	11	13	14	15	16	17	18	19	21	27	28
189	226	492	-11	4152	4858	235	188	-1
190	488	37	13	1439	2151	169	-1	191	13	1	2	6	9	11	12	18	20	21	22	26	27	29
191	621	157	-13	2671	3190	132	190	-1
192	65	465	11	847	1918	236	-1	193	17	2	3	4	5	7	9	11	13	15	16	18	19	20	21	22	25	26
193	69	406	-11	688	1541	198	192	-1
194	466	757	15	2527	3052	162	-1	195	-1
195	473	571	-15	3553	4203	213	194	-1
196	45	977	19	836	2267	172	-1	197	12	2	6	7	14	16	17	20	21	22	23	28	29
197	77	964	-19	1756	2657	108	196	-1
198	169	349	20	1187	2385	146	-1	199	12	0	5	6	8	11	12	14	18	19	20	21	25
199	199	360	-20	1805	2391	194	198	-1
0	182	951	182	951	50	0	5000
1	439	702	439	702	50	0	5000
2	511	6	511	6	50	0	5000
3	63	717	63	717	50	0	5000
4	483	570	483	570	50	0	5000
5	182	951	182	951	50	0	5000
6	439	702	439	702	50	0	5000
7	511	6	511	6	50	0	5000
8	63	717	63	717	50	0	5000
9	483	570	483	570	50	0	5000
10	182	951	182	951	50	0	5000
11	439	702	439	702	50	0	5000
12	511	6	511	6	50	0	5000
13	63	717	63	717	50	0	5000
14	483	570	483	570	50	0	5000
15	182	951	182	951	50	0	5000
16	439	702	439	702	50	0	5000
17	511	6	511	6	50	0	5000
18	63	717	63	717	50	0	5000
19	483	570	483	570	50	0	5000
20	182	951	182	951	50	0	5000
21	439	702	439	702	50	0	5000
22	511	6	511	6	50	0	5000
23	63	717	63	717	50	0	5000
24	483	570	483	570	50	0	5000
25	182	951	182	951	50	0	5000
26	439	702	439	702	50	0	5000
27	511	6	511	6	50	0	5000
28	63	717	63	717	50	0	5000
29	483	570	483	570	50	0	5000
