500	150	1	1	100000
0	739	491	19	1820	2551	152	-1	1	-1
1	772	759	-19	2465	3459	242	0	-1
2	737	736	8	171	775	248	-1	3	-1
3	691	503	-8	1951	2835	132	2	-1
4	701	522	15	1369	2152	139	-1	5	-1
5	759	486	-15	3553	4835	155	4	-1
6	776	628	10	3720	4479	119	-1	7	-1
7	709	521	-10	3403	4533	136	6	-1
8	167	626	19	2938	3906	204	-1	9	-1
9	133	844	-19	3445	4238	156	8	-1
10	48	369	16	893	1738	143	-1	11	-1
11	100	601	-16	683	1833	157	10	-1
12	818	652	6	1818	2365	239	-1	13	-1
13	724	526	-6	2396	3236	111	12	-1
14	339	759	13	1092	2255	122	-1	15	-1
15	413	618	-13	3656	4185	148	14	-1
16	773	767	15	1012	1777	126	-1	17	-1
17	727	614	-15	2003	3018	217	16	-1
18	168	837	15	425	1578	113	-1	19	-1
19	234	753	-15	2360	3575	140	18	-1
20	437	608	7	1773	2904	249	-1	21	-1
21	231	749	-7	3726	4998	237	20	-1
22	233	753	9	223	942	241	-1	23	-1
23	373	556	-9	1653	2758	140	22	-1
24	804	614	17	2013	3475	232	-1	25	-1
25	814	623	-17	1756	3018	173	24	-1
26	244	762	11	750	1696	101	-1	27	-1
27	125	603	-11	856	2332	151	26	-1
28	167	837	7	1677	2921	109	-1	29	-1
29	160	831	-7	2261	3278	193	28	-1
30	773	767	12	1206	2660	116	-1	31	-1
31	815	645	-12	3817	4373	216	30	-1
32	663	563	12	867	2080	115	-1	33	-1
33	773	770	-12	3711	4954	158	32	-1
34	825	642	15	687	1309	194	-1	35	-1
35	821	731	-15	762	1876	126	34	-1
36	82	640	18	1615	2709	195	-1	37	-1
37	217	768	-18	2753	4010	197	36	-1
38	188	729	16	2630	3211	157	-1	39	-1
39	83	612	-16	3953	4586	203	38	-1
40	113	617	6	378	1874	212	-1	41	-1
41	27	376	-6	1782	3139	149	40	-1
42	42	336	12	1400	2351	149	-1	43	-1
43	104	612	-12	679	2081	223	42	-1
44	308	665	14	788	1941	179	-1	45	-1
45	81	632	-14	2940	4032	235	44	-1
46	411	618	14	714	1317	103	-1	47	-1
47	411	601	-14	1261	2528	189	46	-1
48	288	770	8	380	1604	195	-1	49	-1
49	223	750	-8	1781	2931	189	48	-1
50	712	266	17	2911	3652	212	-1	51	-1
51	726	466	-17	2931	3678	125	50	-1
52	773	770	11	1495	2518	141	-1	53	-1
53	774	781	-11	1552	2557	230	52	-1
54	709	551	10	2655	3720	168	-1	55	-1
55	807	662	-10	3230	4335	126	54	-1
56	820	640	15	3504	4415	162	-1	57	-1
57	714	543	-15	2712	4045	177	56	-1
58	43	363	10	1008	1926	129	-1	59	-1
59	106	614	-10	3139	4284	239	58	-1
60	736	717	5	3367	4052	102	-1	61	-1
61	753	541	-5	3385	4475	115	60	-1
62	827	683	7	1361	1997	142	-1	63	-1
63	774	767	-7	2036	3333	202	62	-1
64	768	618	10	3680	4294	159	-1	65	-1
65	736	461	-10	3429	4898	164	64	-1
66	808	667	15	1562	2398	134	-1	67	-1
67	705	512	-15	1200	2223	201	66	-1
68	816	644	12	1799	3187	103	-1	69	-1
69	857	651	-12	3374	4286	165	68	-1
70	413	618	11	1277	2135	136	-1	71	-1
71	233	753	-11	3555	4320	186	70	-1
72	909	567	13	1124	2406	162	-1	73	-1
73	773	767	-13	408	1660	123	72	-1
74	209	759	8	1442	2154	233	-1	75	-1
75	226	791	-8	1956	2505	206	74	-1
76	771	760	8	362	1159	214	-1	77	-1
77	700	529	-8	3019	4270	155	76	-1
78	104	614	9	862	1988	116	-1	79	-1
79	173	825	-9	3483	4884	198	78	-1
80	263	742	17	17	560	156	-1	81	-1
81	420	609	-17	2840	4211	188	80	-1
82	723	346	14	642	1185	172	-1	83	-1
83	704	271	-14	1978	2816	242	82	-1
84	49	355	5	1125	2081	209	-1	85	-1
85	116	603	-5	2427	3758	205	84	-1
86	715	525	12	997	2353	106	-1	87	-1
87	749	792	-12	1223	1782	158	86	-1
88	129	790	14	1390	2615	184	-1	89	-1
89	53	582	-14	3621	4431	142	88	-1
90	232	751	8	1404	2755	135	-1	91	-1
91	158	869	-8	1213	2675	100	90	-1
92	740	472	9	518	1164	130	-1	93	-1
93	697	493	-9	3037	3791	216	92	-1
94	789	327	9	2382	3026	223	-1	95	-1
95	656	449	-9	2095	3415	190	94	-1
96	251	785	13	774	1951	193	-1	97	-1
97	171	820	-13	2660	3880	148	96	-1
98	106	612	14	3026	4439	120	-1	99	-1
99	186	862	-14	2851	3838	112	98	-1
100	818	662	9	1982	2883	195	-1	101	-1
101	729	439	-9	2839	3527	126	100	-1
102	421	609	16	870	1653	116	-1	103	-1
103	225	804	-16	71	1563	131	102	-1
104	227	765	14	2290	3068	197	-1	105	-1
105	349	609	-14	2347	3056	159	104	-1
106	817	645	20	1601	3049	127	-1	107	-1
107	709	521	-20	3896	4958	146	106	-1
108	733	464	13	2294	3393	206	-1	109	-1
109	770	297	-13	2567	3953	234	108	-1
110	701	514	10	1556	2893	225	-1	111	-1
111	773	770	-10	3850	4629	142	110	-1
112	810	619	6	1902	2662	219	-1	113	-1
113	724	459	-6	3933	4559	179	112	-1
114	167	840	10	325	1331	213	-1	115	-1
115	101	622	-10	2356	3695	115	114	-1
116	177	839	13	2843	3995	120	-1	117	-1
117	246	744	-13	3232	4366	212	116	-1
118	816	649	11	2794	3755	162	-1	119	-1
119	773	768	-11	2633	3907	232	118	-1
120	233	753	11	3214	3892	108	-1	121	-1
121	109	613	-11	3187	4011	106	120	-1
122	840	565	13	1525	2908	220	-1	123	-1
123	816	644	-13	1494	2735	194	122	-1
124	413	617	18	1525	2947	218	-1	125	-1
125	238	754	-18	3221	4650	173	124	-1
126	716	736	17	736	1459	100	-1	127	-1
127	455	629	-17	3655	4351	245	126	-1
128	41	625	17	3067	3980	235	-1	129	-1
129	89	593	-17	3455	4606	222	128	-1
130	774	767	20	218	1653	216	-1	131	-1
131	822	632	-20	4255	4952	221	130	-1
132	158	808	8	768	2127	145	-1	133	-1
133	165	843	-8	1753	2875	129	132	-1
134	741	557	9	1208	2469	201	-1	135	-1
135	767	743	-9	3524	4464	186	134	-1
136	824	685	8	2711	3870	157	-1	137	-1
137	786	721	-8	2783	3524	214	136	-1
138	37	372	5	461	1728	248	-1	139	-1
139	95	647	-5	2784	3307	239	138	-1
140	752	786	19	2020	3327	169	-1	141	-1
141	645	540	-19	2998	4244	190	140	-1
142	103	611	18	188	1047	107	-1	143	-1
143	151	828	-18	3560	4605	135	142	-1
144	704	269	17	206	1681	204	-1	145	-1
145	734	462	-17	187	1474	171	144	-1
146	764	653	9	2264	3515	190	-1	147	-1
147	847	654	-9	3526	4722	183	146	-1
148	413	618	16	3118	4573	198	-1	149	-1
149	250	787	-16	3442	4282	248	148	-1
150	153	846	17	2353	3386	221	-1	151	-1
151	168	839	-17	3988	4881	243	150	-1
152	168	861	19	3571	4114	116	-1	153	-1
153	89	655	-19	3795	4670	165	152	-1
154	37	374	12	96	1501	238	-1	155	-1
155	112	611	-12	172	882	194	154	-1
156	706	521	7	1140	2051	243	-1	157	-1
157	822	664	-7	3830	4851	173	156	-1
158	168	839	20	943	2273	205	-1	159	-1
159	225	753	-20	3105	3854	117	158	-1
160	419	624	6	3284	4385	116	-1	161	-1
161	383	545	-6	2843	3948	119	160	-1
162	76	484	12	1882	3356	144	-1	163	-1
163	88	637	-12	3254	4581	198	162	-1
164	47	371	14	562	1673	105	-1	165	-1
165	41	349	-14	1342	2665	208	164	-1
166	714	510	13	2775	3665	119	-1	167	-1
167	770	766	-13	3526	4824	173	166	-1
168	712	249	16	1524	2426	191	-1	169	-1
169	703	517	-16	3628	4602	202	168	-1
170	734	461	13	1334	2141	105	-1	171	-1
171	737	496	-13	3281	4129	241	170	-1
172	714	515	17	110	1011	151	-1	173	-1
173	696	544	-17	849	2283	167	172	-1
174	773	769	9	115	1312	189	-1	175	-1
175	681	821	-9	1763	2758	230	174	-1
176	182	741	9	119	1588	199	-1	177	-1
177	84	615	-9	629	1752	200	176	-1
178	754	773	20	606	1857	107	-1	179	-1
179	771	682	-20	1197	1961	111	178	-1
180	790	763	5	1349	2838	126	-1	181	-1
181	709	521	-5	3889	4401	150	180	-1
182	728	462	13	768	1855	104	-1	183	-1
183	816	644	-13	3823	4951	190	182	-1
184	113	752	11	2666	3817	213	-1	185	-1
185	120	571	-11	2175	3441	190	184	-1
186	306	691	8	503	1641	181	-1	187	-1
187	411	625	-8	1980	3196	229	186	-1
188	744	754	9	2953	3492	206	-1	189	-1
189	764	836	-9	3257	3943	133	188	-1
190	168	839	18	223	1189	215	-1	191	-1
191	182	887	-18	2499	3834	119	190	-1
192	305	748	19	720	1663	233	-1	193	-1
193	151	822	-19	227	1499	244	192	-1
194	735	464	20	2602	3130	135	-1	195	-1
195	755	732	-20	2163	3316	107	194	-1
196	454	670	13	2083	3393	170	-1	197	-1
197	413	618	-13	2208	3234	106	196	-1
198	216	742	17	2174	2908	172	-1	199	-1
199	149	840	-17	2454	3628	233	198	-1
200	48	364	14	208	920	187	-1	201	-1
201	83	343	-14	824	1635	151	200	-1
202	710	519	17	638	1566	247	-1	203	-1
203	849	661	-17	1950	3162	125	202	-1
204	728	526	18	3208	4554	212	-1	205	-1
205	712	523	-18	2665	3966	116	204	-1
206	801	673	17	3629	4656	126	-1	207	-1
207	802	816	-17	3436	4749	135	206	-1
208	806	643	14	2092	3097	194	-1	209	-1
209	776	762	-14	2235	3118	124	208	-1
210	819	637	9	208	822	146	-1	211	-1
211	820	554	-9	2916	3649	134	210	-1
212	43	362	17	3763	4848	184	-1	213	-1
213	103	610	-17	3892	4962	218	212	-1
214	153	838	19	1612	2689	112	-1	215	-1
215	164	740	-19	2742	3268	108	214	-1
216	40	355	6	646	1569	203	-1	217	-1
217	106	614	-6	916	2415	215	216	-1
218	218	761	14	1481	2925	150	-1	219	-1
219	177	757	-14	1742	2918	215	218	-1
220	187	854	8	722	1276	115	-1	221	-1
221	233	753	-8	3638	4192	217	220	-1
222	722	775	10	1015	2138	120	-1	223	-1
223	780	758	-10	1507	2670	184	222	-1
224	786	765	16	2035	2771	127	-1	225	-1
225	773	767	-16	967	2429	160	224	-1
226	774	761	13	1182	2051	144	-1	227	-1
227	743	661	-13	1308	2551	172	226	-1
228	724	250	15	888	1721	226	-1	229	-1
229	639	481	-15	3754	4582	186	228	-1
230	167	840	10	649	1876	206	-1	231	-1
231	187	836	-10	3852	4420	239	230	-1
232	202	826	16	1034	2373	236	-1	233	-1
233	144	811	-16	1921	2599	202	232	-1
234	735	461	18	2344	3571	249	-1	235	-1
235	711	267	-18	2582	3887	168	234	-1
236	736	326	14	3896	4486	160	-1	237	-1
237	703	513	-14	3027	4470	164	236	-1
238	770	371	13	1445	2239	159	-1	239	-1
239	736	498	-13	1428	1957	219	238	-1
240	712	262	12	32	1042	115	-1	241	-1
241	701	242	-12	3554	4281	166	240	-1
242	46	365	15	835	2202	181	-1	243	-1
243	105	609	-15	753	1527	109	242	-1
244	26	340	10	680	1949	126	-1	245	-1
245	88	381	-10	2474	3116	218	244	-1
246	709	521	9	802	1355	211	-1	247	-1
247	704	268	-9	846	2312	245	246	-1
248	779	806	17	911	2164	156	-1	249	-1
249	855	605	-17	996	2000	208	248	-1
250	712	266	18	2687	4174	192	-1	251	-1
251	654	485	-18	4002	4765	186	250	-1
252	99	626	7	3137	4059	169	-1	253	-1
253	174	775	-7	4122	4903	123	252	-1
254	106	608	8	3433	4687	186	-1	255	-1
255	108	611	-8	3463	4533	179	254	-1
256	815	644	7	582	1159	100	-1	257	-1
257	736	461	-7	1532	2032	101	256	-1
258	695	514	14	1142	1759	105	-1	259	-1
259	706	516	-14	3682	4317	124	258	-1
260	816	644	16	2279	3042	137	-1	261	-1
261	789	455	-16	3423	4290	157	260	-1
262	233	753	19	140	1327	174	-1	263	-1
263	198	807	-19	2071	2843	156	262	-1
264	412	620	7	1517	2080	241	-1	265	-1
265	232	753	-7	2227	3146	100	264	-1
266	782	753	11	1304	1978	206	-1	267	-1
267	720	498	-11	1205	2385	115	266	-1
268	204	682	12	484	1751	202	-1	269	-1
269	154	861	-12	3214	3823	221	268	-1
270	163	837	16	251	944	169	-1	271	-1
271	233	753	-16	232	1009	234	270	-1
272	106	613	8	3450	4129	205	-1	273	-1
273	80	341	-8	3511	4258	243	272	-1
274	816	644	9	961	1834	242	-1	275	-1
275	886	658	-9	2021	2898	192	274	-1
276	249	758	6	79	1128	108	-1	277	-1
277	80	640	-6	1671	2376	130	276	-1
278	710	524	13	2124	2875	173	-1	279	-1
279	773	767	-13	1646	2942	195	278	-1
280	791	624	13	895	1522	182	-1	281	-1
281	819	651	-13	1931	2673	218	280	-1
282	130	629	6	2320	3357	166	-1	283	-1
283	27	531	-6	4042	4696	229	282	-1
284	684	557	13	2704	3446	211	-1	285	-1
285	767	675	-13	2297	3694	168	284	-1
286	831	660	7	2367	3749	138	-1	287	-1
287	814	646	-7	2768	3339	175	286	-1
288	108	617	9	347	1038	234	-1	289	-1
289	177	841	-9	789	1789	178	288	-1
290	237	792	5	27	1064	131	-1	291	-1
291	214	635	-5	3256	4157	236	290	-1
292	72	751	9	1298	2189	135	-1	293	-1
293	103	607	-9	2764	3774	197	292	-1
294	770	697	19	751	1858	118	-1	295	-1
295	709	521	-19	3379	4614	186	294	-1
296	225	765	15	1400	2041	166	-1	297	-1
297	91	622	-15	3097	3607	197	296	-1
298	826	631	10	1957	3277	209	-1	299	-1
299	719	484	-10	2885	3736	131	298	-1
300	106	614	6	1860	3074	190	-1	301	-1
301	232	752	-6	2162	3488	202	300	-1
302	739	786	13	182	946	192	-1	303	-1
303	758	621	-13	1431	2678	230	302	-1
304	709	521	10	1910	2845	126	-1	305	-1
305	616	517	-10	2560	3802	124	304	-1
306	468	655	8	200	1620	164	-1	307	-1
307	221	755	-8	1225	1838	195	306	-1
308	811	642	13	319	1736	242	-1	309	-1
309	773	766	-13	946	1825	177	308	-1
310	768	528	17	208	1427	105	-1	311	-1
311	707	517	-17	1545	3032	118	310	-1
312	811	644	17	1232	2275	125	-1	313	-1
313	728	453	-17	2474	3529	212	312	-1
314	174	856	20	1905	2922	219	-1	315	-1
315	235	752	-20	2193	3020	169	314	-1
316	226	778	9	2551	3079	159	-1	317	-1
317	173	844	-9	2978	3965	221	316	-1
318	712	532	9	1424	2915	189	-1	319	-1
319	733	583	-9	3079	3654	100	318	-1
320	718	546	14	856	1405	191	-1	321	-1
321	712	266	-14	3548	4180	132	320	-1
322	771	764	6	3617	4452	221	-1	323	-1
323	748	775	-6	3279	4439	240	322	-1
324	232	754	11	1494	2413	116	-1	325	-1
325	191	831	-11	2038	3077	207	324	-1
326	676	566	10	2178	3477	134	-1	327	-1
327	815	643	-10	1580	2815	111	326	-1
328	709	521	19	1745	3132	237	-1	329	-1
329	720	456	-19	2374	3114	221	328	-1
330	231	752	18	1453	2079	248	-1	331	-1
331	428	608	-18	1351	2213	203	330	-1
332	414	659	10	722	1644	221	-1	333	-1
333	361	623	-10	2009	2549	197	332	-1
334	106	614	14	2665	4073	149	-1	335	-1
335	82	345	-14	4133	4994	151	334	-1
336	25	371	14	2377	3542	248	-1	337	-1
337	106	614	-14	3036	3877	135	336	-1
338	155	790	10	85	1326	247	-1	339	-1
339	168	839	-10	365	1321	238	338	-1
340	107	638	9	2606	3838	187	-1	341	-1
341	185	726	-9	2127	3109	113	340	-1
342	37	338	18	2191	2867	151	-1	343	-1
343	62	318	-18	1734	2656	234	342	-1
344	403	629	9	11	1073	143	-1	345	-1
345	243	754	-9	1635	2801	117	344	-1
346	248	725	16	53	1180	147	-1	347	-1
347	168	839	-16	1022	1956	183	346	-1
348	692	533	17	2169	2810	194	-1	349	-1
349	689	302	-17	3690	4752	140	348	-1
350	87	381	16	681	1970	202	-1	351	-1
351	108	608	-16	1442	2167	217	350	-1
352	172	838	17	809	1843	212	-1	353	-1
353	100	592	-17	793	1675	126	352	-1
354	52	365	19	561	1667	129	-1	355	-1
355	44	356	-19	563	1550	172	354	-1
356	710	521	5	1999	2690	126	-1	357	-1
357	817	644	-5	4135	4885	212	356	-1
358	208	864	16	4107	4936	161	-1	359	-1
359	182	858	-16	3667	4982	138	358	-1
360	427	610	19	1087	2330	210	-1	361	-1
361	411	616	-19	685	1673	173	360	-1
362	782	837	19	909	1697	155	-1	363	-1
363	803	769	-19	3202	4067	210	362	-1
364	439	590	19	2051	3242	171	-1	365	-1
365	270	786	-19	2809	4126	182	364	-1
366	133	649	16	1595	2650	249	-1	367	-1
367	152	755	-16	3780	4782	119	366	-1
368	709	521	6	1908	3111	229	-1	369	-1
369	777	793	-6	3227	4009	147	368	-1
370	707	445	13	2220	2816	177	-1	371	-1
371	716	515	-13	2511	3029	209	370	-1
372	86	310	11	3166	4544	126	-1	373	-1
373	67	360	-11	2208	3492	110	372	-1
374	169	839	9	2408	3487	140	-1	375	-1
375	110	614	-9	2772	3875	122	374	-1
376	817	590	17	3081	3846	220	-1	377	-1
377	736	460	-17	3684	4841	196	376	-1
378	227	724	19	530	1845	152	-1	379	-1
379	404	620	-19	1926	2521	128	378	-1
380	709	509	12	153	1573	128	-1	381	-1
381	683	348	-12	3390	4611	197	380	-1
382	246	737	14	2030	2719	193	-1	383	-1
383	109	614	-14	3756	4872	148	382	-1
384	414	625	18	1813	3094	239	-1	385	-1
385	418	632	-18	2594	4093	241	384	-1
386	872	618	13	1664	2903	130	-1	387	-1
387	816	644	-13	2650	3506	112	386	-1
388	814	643	9	1486	2093	138	-1	389	-1
389	774	768	-9	3250	4683	106	388	-1
390	961	649	19	2195	3685	111	-1	391	-1
391	755	761	-19	2948	3509	230	390	-1
392	168	839	12	1358	2093	144	-1	393	-1
393	106	631	-12	2751	3731	226	392	-1
394	728	464	10	1788	2684	233	-1	395	-1
395	654	570	-10	3364	4057	153	394	-1
396	379	481	7	2311	3049	193	-1	397	-1
397	636	490	-7	2249	3741	153	396	-1
398	719	463	11	2213	3613	140	-1	399	-1
399	836	650	-11	2290	3061	181	398	-1
400	106	614	13	967	2321	174	-1	401	-1
401	171	835	-13	2221	3658	142	400	-1
402	709	521	8	98	999	101	-1	403	-1
403	700	438	-8	256	941	152	402	-1
404	720	453	13	2467	3443	171	-1	405	-1
405	838	699	-13	2409	3243	207	404	-1
406	715	427	14	699	1255	106	-1	407	-1
407	725	456	-14	775	1780	188	406	-1
408	66	553	8	119	949	207	-1	409	-1
409	40	362	-8	4063	4896	141	408	-1
410	168	839	14	1761	3117	111	-1	411	-1
411	242	773	-14	3900	4537	224	410	-1
412	106	614	18	1779	3237	144	-1	413	-1
413	168	838	-18	3079	4128	136	412	-1
414	43	364	16	161	1213	155	-1	415	-1
415	42	411	-16	23	1147	239	414	-1
416	714	261	7	2182	3035	114	-1	417	-1
417	717	283	-7	3210	3955	175	416	-1
418	101	615	9	3191	3854	106	-1	419	-1
419	78	635	-9	3876	4556	133	418	-1
420	411	619	6	2021	3256	185	-1	421	-1
421	423	586	-6	2401	3103	107	420	-1
422	734	502	11	823	1520	120	-1	423	-1
423	810	704	-11	139	1374	191	422	-1
424	690	514	15	1497	2088	192	-1	425	-1
425	817	646	-15	2389	3172	214	424	-1
426	818	645	17	2936	3664	145	-1	427	-1
427	816	644	-17	3060	4110	142	426	-1
428	241	760	11	608	1425	126	-1	429	-1
429	413	618	-11	3429	4707	178	428	-1
430	700	196	13	1779	2770	241	-1	431	-1
431	713	266	-13	2779	4012	177	430	-1
432	722	667	8	2418	3529	178	-1	433	-1
433	711	523	-8	1908	3076	160	432	-1
434	63	360	12	1590	2090	185	-1	435	-1
435	100	334	-12	1037	2060	137	434	-1
436	772	766	11	532	1730	186	-1	437	-1
437	816	644	-11	2941	3623	199	436	-1
438	586	338	11	891	2329	231	-1	439	-1
439	715	521	-11	3380	4157	246	438	-1
440	709	521	18	157	858	192	-1	441	-1
441	749	464	-18	351	1081	105	440	-1
442	722	277	17	1280	2593	120	-1	443	-1
443	710	337	-17	2500	3526	215	442	-1
444	240	927	18	743	1837	141	-1	445	-1
445	153	852	-18	516	1324	139	444	-1
446	741	540	9	2247	3636	208	-1	447	-1
447	743	462	-9	3063	3783	103	446	-1
448	236	745	19	1430	1968	218	-1	449	-1
449	168	834	-19	1337	2352	148	448	-1
450	168	835	8	2570	3523	142	-1	451	-1
451	168	839	-8	3430	4602	247	450	-1
452	748	489	11	1464	2474	223	-1	453	-1
453	709	425	-11	3845	4695	237	452	-1
454	709	521	7	2227	3159	115	-1	455	-1
455	710	521	-7	3346	4260	232	454	-1
456	411	619	6	414	1336	130	-1	457	-1
457	247	782	-6	1852	2692	168	456	-1
458	52	337	17	371	1867	115	-1	459	-1
459	106	614	-17	587	1754	224	458	-1
460	771	747	5	1035	2214	124	-1	461	-1
461	709	521	-5	664	1709	113	460	-1
462	46	362	12	3207	4592	238	-1	463	-1
463	110	619	-12	3070	3987	222	462	-1
464	97	618	8	321	924	232	-1	465	-1
465	43	416	-8	1654	2364	231	464	-1
466	105	616	9	2242	3157	178	-1	467	-1
467	48	375	-9	2527	3587	209	466	-1
468	713	520	20	1645	2907	203	-1	469	-1
469	735	461	-20	3170	4357	222	468	-1
470	710	263	10	867	2165	234	-1	471	-1
471	709	521	-10	1061	1598	159	470	-1
472	403	616	19	2122	3351	176	-1	473	-1
473	413	619	-19	3954	4766	104	472	-1
474	816	644	19	1068	1747	236	-1	475	-1
475	708	667	-19	367	1846	199	474	-1
476	680	493	12	1011	2293	109	-1	477	-1
477	754	427	-12	1258	2733	151	476	-1
478	328	743	14	1436	2889	124	-1	479	-1
479	413	618	-14	3013	4063	180	478	-1
480	815	643	11	2507	3475	161	-1	481	-1
481	817	633	-11	3168	3700	194	480	-1
482	195	827	9	1333	1928	120	-1	483	-1
483	65	648	-9	1796	2580	143	482	-1
484	43	363	18	1713	2809	151	-1	485	-1
485	53	379	-18	4261	4796	118	484	-1
486	776	699	6	1822	2962	211	-1	487	-1
487	773	767	-6	1311	2572	122	486	-1
488	708	434	19	2858	4075	188	-1	489	-1
489	763	509	-19	2658	3754	112	488	-1
490	721	506	9	2965	4128	101	-1	491	-1
491	785	766	-9	2660	3847	144	490	-1
492	850	620	6	1428	2858	169	-1	493	-1
493	774	754	-6	2172	3062	201	492	-1
494	791	770	15	1226	2408	201	-1	495	-1
495	834	639	-15	3633	4156	152	494	-1
496	252	726	10	1196	2488	158	-1	497	-1
497	413	616	-10	2137	3361	138	496	-1
498	734	632	14	1231	1988	165	-1	499	-1
499	814	647	-14	3248	4185	224	498	-1
500	729	464	16	2809	3855	231	-1	501	-1
501	703	527	-16	3608	4459	215	500	-1
502	167	840	6	13	922	247	-1	503	-1
503	101	627	-6	1548	2929	180	502	-1
504	47	364	12	1757	2832	198	-1	505	-1
505	35	625	-12	4250	4984	181	504	-1
506	735	539	14	91	911	164	-1	507	-1
507	832	640	-14	2485	3065	137	506	-1
508	191	744	16	2025	2801	149	-1	509	-1
509	235	754	-16	3244	4638	101	508	-1
510	78	675	18	331	1700	179	-1	511	-1
511	28	437	-18	1327	2275	133	510	-1
512	774	767	8	1577	2307	114	-1	513	-1
513	835	694	-8	3933	4769	193	512	-1
514	713	488	10	1699	2722	133	-1	515	-1
515	709	521	-10	2311	3802	103	514	-1
516	47	355	16	1413	1963	235	-1	517	-1
517	41	363	-16	2535	3624	244	516	-1
518	43	363	8	2510	3817	140	-1	519	-1
519	111	609	-8	1989	3181	209	518	-1
520	849	752	10	1694	2500	102	-1	521	-1
521	720	506	-10	3232	4424	208	520	-1
522	770	776	13	1026	2172	237	-1	523	-1
523	728	503	-13	1116	2390	183	522	-1
524	142	617	15	2818	3784	168	-1	525	-1
525	107	614	-15	3116	4539	140	524	-1
526	235	772	11	1482	2021	232	-1	527	-1
527	232	749	-11	2495	3656	206	526	-1
528	414	618	13	758	1960	200	-1	529	-1
529	413	618	-13	69	1412	131	528	-1
530	49	360	9	438	1672	206	-1	531	-1
531	106	614	-9	420	1679	206	530	-1
532	815	644	8	100	735	219	-1	533	-1
533	734	775	-8	651	1731	162	532	-1
534	423	600	13	477	1471	248	-1	535	-1
535	412	618	-13	1764	3254	141	534	-1
536	766	487	16	1399	2057	182	-1	537	-1
537	671	528	-16	1004	2289	240	536	-1
538	776	770	7	1584	2358	222	-1	539	-1
539	768	768	-7	1619	2897	163	538	-1
540	141	775	13	2592	3464	223	-1	541	-1
541	106	615	-13	3771	4877	142	540	-1
542	537	645	18	961	2179	168	-1	543	-1
543	757	766	-18	1962	3325	107	542	-1
544	233	753	17	929	2052	201	-1	545	-1
545	177	837	-17	2801	3487	143	544	-1
546	699	419	9	1114	1773	191	-1	547	-1
547	710	264	-9	2449	2954	155	546	-1
548	636	497	14	1118	2498	154	-1	549	-1
549	694	523	-14	3908	4635	187	548	-1
550	213	766	19	1220	2625	149	-1	551	-1
551	234	795	-19	1873	2820	124	550	-1
552	133	595	18	1450	2724	237	-1	553	-1
553	414	620	-18	1719	2404	224	552	-1
554	733	456	15	2439	3085	110	-1	555	-1
555	708	522	-15	2897	4275	181	554	-1
556	43	363	17	1720	2831	215	-1	557	-1
557	44	363	-17	2853	4148	236	556	-1
558	181	820	10	3173	4287	153	-1	559	-1
559	236	762	-10	4017	4688	105	558	-1
560	42	363	6	2849	4301	228	-1	561	-1
561	111	614	-6	2686	3740	229	560	-1
562	229	758	13	125	1011	197	-1	563	-1
563	237	755	-13	742	2056	100	562	-1
564	756	627	14	1573	2933	207	-1	565	-1
565	820	641	-14	1901	2926	194	564	-1
566	762	802	12	438	1114	174	-1	567	-1
567	773	767	-12	3503	4064	162	566	-1
568	738	461	8	876	2351	146	-1	569	-1
569	711	535	-8	2852	3911	124	568	-1
570	773	767	16	2760	3298	135	-1	571	-1
571	790	678	-16	2910	4289	204	570	-1
572	730	466	9	789	1712	181	-1	573	-1
573	726	739	-9	3785	4676	104	572	-1
574	37	359	14	415	1381	163	-1	575	-1
575	109	614	-14	1785	2690	105	574	-1
576	771	774	10	1438	1947	245	-1	577	-1
577	816	646	-10	3531	4958	136	576	-1
578	748	658	13	1317	2503	191	-1	579	-1
579	705	537	-13	4241	4936	131	578	-1
580	233	753	19	3072	3645	165	-1	581	-1
581	411	619	-19	3945	4521	189	580	-1
582	160	758	15	1452	1973	217	-1	583	-1
583	381	600	-15	3576	4679	132	582	-1
584	720	262	5	1462	2433	154	-1	585	-1
585	710	527	-5	3912	4895	136	584	-1
586	233	754	12	2854	4280	134	-1	587	-1
587	413	618	-12	3263	4200	142	586	-1
588	128	631	17	2874	3776	102	-1	589	-1
589	105	637	-17	2108	3421	248	588	-1
590	105	613	16	3407	4082	215	-1	591	-1
591	324	761	-16	3676	4536	108	590	-1
592	46	359	16	734	1438	194	-1	593	-1
593	43	363	-16	2211	3193	136	592	-1
594	816	644	18	1826	2723	233	-1	595	-1
595	772	766	-18	2246	2806	157	594	-1
596	696	441	10	2252	2792	204	-1	597	-1
597	816	644	-10	1534	2972	229	596	-1
598	106	614	19	1686	2241	208	-1	599	-1
599	53	381	-19	4039	4568	140	598	-1
600	96	609	14	2109	3193	151	-1	601	-1
601	179	836	-14	4267	4822	210	600	-1
602	107	614	7	4045	4648	122	-1	603	-1
603	229	760	-7	3524	4676	244	602	-1
604	434	641	15	821	1892	232	-1	605	-1
605	413	618	-15	3570	4804	118	604	-1
606	163	891	7	2765	3970	153	-1	607	-1
607	193	898	-7	2697	4021	158	606	-1
608	688	494	16	68	1149	192	-1	609	-1
609	709	522	-16	607	1295	191	608	-1
610	404	617	6	879	1780	228	-1	611	-1
611	207	668	-6	3273	4100	232	610	-1
612	58	343	7	7	1215	164	-1	613	-1
613	86	593	-7	1297	2179	232	612	-1
614	712	266	10	268	769	115	-1	615	-1
615	710	522	-10	2885	4152	225	614	-1
616	638	592	18	107	1390	202	-1	617	-1
617	718	506	-18	2781	4272	226	616	-1
618	702	441	18	2495	3995	233	-1	619	-1
619	814	641	-18	4293	4948	142	618	-1
620	113	618	9	21	1328	245	-1	621	-1
621	161	858	-9	2819	4029	140	620	-1
622	168	838	6	1235	1952	141	-1	623	-1
623	217	762	-6	4026	4650	204	622	-1
624	168	841	12	1732	3220	102	-1	625	-1
625	130	630	-12	3023	4345	234	624	-1
626	165	749	9	1074	1974	239	-1	627	-1
627	152	709	-9	3170	4291	137	626	-1
628	666	205	12	243	1158	243	-1	629	-1
629	736	460	-12	1315	2246	148	628	-1
630	77	364	9	1583	2562	171	-1	631	-1
631	103	587	-9	1582	2958	126	630	-1
632	44	363	9	1207	2068	150	-1	633	-1
633	186	585	-9	1821	2584	144	632	-1
634	418	634	6	1890	2801	180	-1	635	-1
635	405	600	-6	2939	4226	160	634	-1
636	101	637	18	235	1039	177	-1	637	-1
637	106	614	-18	1248	2559	110	636	-1
638	756	769	13	2431	3442	194	-1	639	-1
639	773	767	-13	2715	3886	159	638	-1
640	770	767	10	1592	2961	243	-1	641	-1
641	709	521	-10	2894	4346	167	640	-1
642	772	769	7	1365	2161	148	-1	643	-1
643	842	638	-7	972	1870	184	642	-1
644	128	603	14	2002	3045	246	-1	645	-1
645	166	838	-14	4021	4796	121	644	-1
646	771	766	6	1361	2207	178	-1	647	-1
647	774	771	-6	3371	4458	165	646	-1
648	413	618	10	557	2012	218	-1	649	-1
649	416	622	-10	2810	3882	148	648	-1
650	768	817	15	610	1936	237	-1	651	-1
651	773	767	-15	505	1438	223	650	-1
652	233	753	10	2873	3648	100	-1	653	-1
653	103	618	-10	4247	4855	182	652	-1
654	32	367	12	1912	2741	197	-1	655	-1
655	62	359	-12	1011	2418	130	654	-1
656	770	582	19	504	1474	180	-1	657	-1
657	708	511	-19	3359	4455	193	656	-1
658	58	625	18	977	1603	165	-1	659	-1
659	35	380	-18	1711	2469	187	658	-1
660	745	463	9	2718	4102	149	-1	661	-1
661	709	521	-9	3640	4886	173	660	-1
662	246	783	5	2588	3982	248	-1	663	-1
663	189	812	-5	3432	4529	110	662	-1
664	774	767	16	1342	2088	154	-1	665	-1
665	829	771	-16	3877	4679	222	664	-1
666	847	578	20	1566	2429	104	-1	667	-1
667	798	615	-20	2339	3146	182	666	-1
668	283	808	16	971	2090	236	-1	669	-1
669	235	759	-16	1575	2204	183	668	-1
670	254	716	9	510	1023	211	-1	671	-1
671	422	618	-9	133	1197	160	670	-1
672	733	509	16	3203	4291	149	-1	673	-1
673	793	769	-16	3279	4473	237	672	-1
674	232	754	10	624	1869	210	-1	675	-1
675	355	592	-10	2742	4105	173	674	-1
676	409	621	6	252	1333	153	-1	677	-1
677	224	756	-6	3252	4111	199	676	-1
678	98	630	11	986	2477	229	-1	679	-1
679	106	614	-11	2190	3404	131	678	-1
680	849	640	19	2849	4211	190	-1	681	-1
681	785	768	-19	2570	3586	185	680	-1
682	72	357	5	1194	1728	126	-1	683	-1
683	130	605	-5	1540	2082	145	682	-1
684	241	796	7	2279	3639	245	-1	685	-1
685	106	614	-7	3349	4020	202	684	-1
686	211	656	17	596	1614	133	-1	687	-1
687	416	623	-17	2096	3232	223	686	-1
688	412	616	16	460	1476	201	-1	689	-1
689	203	773	-16	582	1405	194	688	-1
690	816	644	6	2220	3151	130	-1	691	-1
691	756	818	-6	2344	2846	150	690	-1
692	708	272	7	141	1550	160	-1	693	-1
693	789	472	-7	1853	2706	249	692	-1
694	232	782	20	1050	1765	134	-1	695	-1
695	168	844	-20	1325	2462	139	694	-1
696	244	755	9	1354	2658	166	-1	697	-1
697	75	591	-9	3049	4176	194	696	-1
698	413	619	19	333	1772	238	-1	699	-1
699	420	600	-19	1347	2656	193	698	-1
700	416	618	9	3304	4530	159	-1	701	-1
701	464	668	-9	2522	3834	180	700	-1
702	115	583	9	134	760	227	-1	703	-1
703	219	733	-9	821	1563	196	702	-1
704	43	363	18	151	1631	204	-1	705	-1
705	103	616	-18	1877	3337	176	704	-1
706	765	767	10	1223	1819	167	-1	707	-1
707	775	767	-10	3015	3806	180	706	-1
708	214	678	7	1535	2879	111	-1	709	-1
709	229	755	-7	2375	3692	236	708	-1
710	421	593	20	1813	2826	236	-1	711	-1
711	680	540	-20	1504	2985	221	710	-1
712	415	622	16	2510	3365	221	-1	713	-1
713	233	753	-16	2062	3291	193	712	-1
714	237	749	6	728	1533	183	-1	715	-1
715	168	839	-6	975	2474	137	714	-1
716	731	699	19	1709	2840	140	-1	717	-1
717	789	639	-19	2765	3914	146	716	-1
718	711	491	16	3140	4148	134	-1	719	-1
719	722	527	-16	2904	3950	188	718	-1
720	258	869	15	795	2180	181	-1	721	-1
721	248	758	-15	1546	2531	245	720	-1
722	817	649	18	603	1628	126	-1	723	-1
723	775	786	-18	3402	4312	199	722	-1
724	102	623	11	1332	2047	129	-1	725	-1
725	106	614	-11	2563	3734	170	724	-1
726	267	771	11	1828	2570	228	-1	727	-1
727	233	753	-11	3609	4899	105	726	-1
728	250	783	15	1646	2333	169	-1	729	-1
729	404	579	-15	1944	3344	154	728	-1
730	142	637	6	2500	3622	191	-1	731	-1
731	391	623	-6	2532	3414	236	730	-1
732	168	839	18	1504	2561	241	-1	733	-1
733	233	753	-18	2079	2734	161	732	-1
734	51	375	18	2967	3878	147	-1	735	-1
735	126	613	-18	3086	3719	145	734	-1
736	424	649	11	739	1907	196	-1	737	-1
737	179	782	-11	1080	2303	149	736	-1
738	416	604	18	3660	4740	103	-1	739	-1
739	211	732	-18	4020	4938	146	738	-1
740	171	838	16	1209	2556	227	-1	741	-1
741	308	744	-16	4425	4973	107	740	-1
742	761	750	13	1397	2383	217	-1	743	-1
743	716	519	-13	1208	2350	239	742	-1
744	103	611	6	1578	2946	222	-1	745	-1
745	174	875	-6	3674	4702	120	744	-1
746	168	834	11	1515	2747	197	-1	747	-1
747	148	821	-11	1612	3054	245	746	-1
748	421	612	10	2589	3256	210	-1	749	-1
749	693	538	-10	3929	4681	181	748	-1
750	646	508	10	4098	4883	110	-1	751	-1
751	821	665	-10	3550	4643	157	750	-1
752	707	517	12	2435	3408	230	-1	753	-1
753	509	520	-12	2870	3894	210	752	-1
754	711	523	6	1159	2303	168	-1	755	-1
755	465	572	-6	1943	3141	212	754	-1
756	90	316	17	4227	4989	142	-1	757	-1
757	37	363	-17	3265	4719	106	756	-1
758	709	522	17	995	1989	143	-1	759	-1
759	791	726	-17	4286	4905	185	758	-1
760	234	754	16	520	1193	196	-1	761	-1
761	30	651	-16	832	2228	121	760	-1
762	43	363	14	1072	2128	199	-1	763	-1
763	69	377	-14	3376	4705	205	762	-1
764	397	594	13	2461	3101	215	-1	765	-1
765	232	750	-13	3826	4844	241	764	-1
766	106	613	13	2471	3039	223	-1	767	-1
767	106	614	-13	2451	3336	220	766	-1
768	744	437	11	140	1580	186	-1	769	-1
769	704	288	-11	221	1640	225	768	-1
770	817	643	14	3435	4277	101	-1	771	-1
771	764	649	-14	3117	3981	121	770	-1
772	470	636	8	182	1491	115	-1	773	-1
773	368	606	-8	3746	4448	177	772	-1
774	712	522	5	398	1261	248	-1	775	-1
775	768	775	-5	985	1811	249	774	-1
776	802	636	12	2588	3756	213	-1	777	-1
777	702	559	-12	2637	3280	155	776	-1
778	67	377	8	980	1647	176	-1	779	-1
779	47	364	-8	2447	2988	156	778	-1
780	816	646	15	1034	2102	170	-1	781	-1
781	825	735	-15	1552	2623	207	780	-1
782	796	657	11	1563	2360	162	-1	783	-1
783	817	646	-11	2187	3468	156	782	-1
784	684	490	14	1530	2866	114	-1	785	-1
785	712	264	-14	2040	2740	214	784	-1
786	816	644	11	938	1999	150	-1	787	-1
787	821	657	-11	3827	4936	135	786	-1
788	415	599	17	3226	3726	158	-1	789	-1
789	412	615	-17	3306	4609	136	788	-1
790	709	521	17	642	1156	130	-1	791	-1
791	806	698	-17	2730	4061	228	790	-1
792	709	521	6	1827	2571	195	-1	793	-1
793	709	521	-6	3869	4547	183	792	-1
794	811	799	10	723	1921	145	-1	795	-1
795	781	777	-10	199	1673	223	794	-1
796	229	749	15	1314	2057	159	-1	797	-1
797	76	684	-15	1761	2368	220	796	-1
798	173	841	20	2199	3185	237	-1	799	-1
799	137	824	-20	3578	4928	243	798	-1
800	247	862	6	2631	3397	208	-1	801	-1
801	303	701	-6	2027	3369	211	800	-1
802	66	368	14	787	2197	149	-1	803	-1
803	106	614	-14	4230	4985	174	802	-1
804	237	767	14	234	1519	181	-1	805	-1
805	247	734	-14	2468	3612	158	804	-1
806	44	362	12	207	1125	171	-1	807	-1
807	122	623	-12	354	1662	145	806	-1
808	42	363	9	1189	2557	153	-1	809	-1
809	128	616	-9	1263	2141	246	808	-1
810	160	815	11	105	779	113	-1	811	-1
811	178	840	-11	3624	4216	117	810	-1
812	170	820	13	3419	4678	163	-1	813	-1
813	255	685	-13	3674	4765	203	812	-1
814	114	608	15	609	1300	106	-1	815	-1
815	106	614	-15	1507	2629	232	814	-1
816	89	355	11	1274	2469	125	-1	817	-1
817	9	403	-11	1889	3248	192	816	-1
818	178	864	15	1360	1927	195	-1	819	-1
819	236	752	-15	2657	3260	150	818	-1
820	413	618	9	22	1342	161	-1	821	-1
821	411	616	-9	285	1640	125	820	-1
822	684	496	14	1440	2599	137	-1	823	-1
823	768	537	-14	809	2238	138	822	-1
824	807	640	8	2397	2956	117	-1	825	-1
825	705	529	-8	2619	3910	229	824	-1
826	430	636	7	547	1187	176	-1	827	-1
827	413	618	-7	3383	4310	125	826	-1
828	104	614	7	1353	2468	173	-1	829	-1
829	155	847	-7	1423	2878	213	828	-1
830	708	500	17	560	1981	247	-1	831	-1
831	692	486	-17	1255	2473	237	830	-1
832	711	517	9	249	1169	192	-1	833	-1
833	720	277	-9	3046	4347	203	832	-1
834	866	662	10	1463	2545	232	-1	835	-1
835	881	540	-10	1668	2235	115	834	-1
836	412	618	17	2319	3327	166	-1	837	-1
837	399	639	-17	2662	3395	190	836	-1
838	422	613	17	897	1718	206	-1	839	-1
839	220	763	-17	3133	4208	141	838	-1
840	709	269	11	903	1832	200	-1	841	-1
841	753	474	-11	1398	1911	152	840	-1
842	773	776	11	82	797	119	-1	843	-1
843	693	517	-11	1632	2549	214	842	-1
844	38	351	6	199	1589	149	-1	845	-1
845	106	614	-6	715	1805	152	844	-1
846	736	461	16	32	736	194	-1	847	-1
847	873	626	-16	4421	4923	117	846	-1
848	44	364	15	2189	3564	236	-1	849	-1
849	128	596	-15	3263	4303	169	848	-1
850	127	604	16	814	1872	132	-1	851	-1
851	43	363	-16	3684	4446	217	850	-1
852	708	522	13	258	1662	247	-1	853	-1
853	768	769	-13	3763	4299	126	852	-1
854	100	612	11	2380	3765	117	-1	855	-1
855	186	389	-11	3983	4824	184	854	-1
856	773	707	10	1596	2948	209	-1	857	-1
857	712	485	-10	1735	2662	199	856	-1
858	710	544	16	634	1725	223	-1	859	-1
859	770	770	-16	586	2074	241	858	-1
860	774	766	10	648	1782	151	-1	861	-1
861	782	765	-10	4332	4941	154	860	-1
862	176	840	7	693	2174	118	-1	863	-1
863	106	635	-7	900	2322	144	862	-1
864	850	644	20	696	2038	239	-1	865	-1
865	754	551	-20	2290	3739	123	864	-1
866	692	283	12	1844	3114	126	-1	867	-1
867	709	521	-12	2672	3337	140	866	-1
868	711	516	17	784	1653	173	-1	869	-1
869	816	644	-17	3132	4311	117	868	-1
870	662	542	17	111	1411	224	-1	871	-1
871	758	493	-17	1753	2845	149	870	-1
872	467	557	12	361	1598	189	-1	873	-1
873	724	537	-12	559	1621	184	872	-1
874	721	526	11	810	2089	191	-1	875	-1
875	778	765	-11	1763	2684	247	874	-1
876	755	456	15	1229	2242	104	-1	877	-1
877	726	412	-15	2352	3457	147	876	-1
878	43	363	16	1276	2027	157	-1	879	-1
879	42	362	-16	1815	2702	242	878	-1
880	773	767	6	1242	1889	248	-1	881	-1
881	697	502	-6	773	2213	135	880	-1
882	753	745	14	1867	3236	181	-1	883	-1
883	875	638	-14	2110	3149	188	882	-1
884	101	614	8	2	882	195	-1	885	-1
885	234	754	-8	2227	3396	195	884	-1
886	99	616	14	528	1909	241	-1	887	-1
887	234	754	-14	1501	2897	117	886	-1
888	43	363	9	3017	3806	138	-1	889	-1
889	106	614	-9	3324	4008	171	888	-1
890	106	614	9	1982	2929	165	-1	891	-1
891	168	839	-9	2845	4115	124	890	-1
892	725	525	11	650	1699	146	-1	893	-1
893	708	267	-11	3452	4525	216	892	-1
894	166	838	18	479	1049	130	-1	895	-1
895	114	592	-18	2418	3769	156	894	-1
896	53	352	12	2698	3487	187	-1	897	-1
897	42	363	-12	3855	4452	135	896	-1
898	48	361	12	2545	3321	190	-1	899	-1
899	33	378	-12	1784	3009	242	898	-1
900	137	684	16	1972	2721	189	-1	901	-1
901	195	842	-16	3716	4833	234	900	-1
902	814	637	11	1490	2415	174	-1	903	-1
903	710	516	-11	3256	3982	201	902	-1
904	816	644	16	307	1170	190	-1	905	-1
905	816	644	-16	1654	2937	171	904	-1
906	759	742	7	39	1366	107	-1	907	-1
907	708	521	-7	805	2035	195	906	-1
908	65	373	14	2269	3503	150	-1	909	-1
909	109	613	-14	3752	4600	224	908	-1
910	818	644	9	93	1435	120	-1	911	-1
911	774	768	-9	3297	4043	120	910	-1
912	774	781	6	1615	2878	229	-1	913	-1
913	779	677	-6	2861	3869	112	912	-1
914	229	774	10	484	1675	124	-1	915	-1
915	171	841	-10	2511	3519	105	914	-1
916	709	521	15	97	1297	124	-1	917	-1
917	770	426	-15	1607	3086	193	916	-1
918	715	528	13	3387	4569	144	-1	919	-1
919	788	759	-13	2994	4247	186	918	-1
920	815	643	10	8	1368	219	-1	921	-1
921	772	774	-10	500	1974	145	920	-1
922	711	522	9	949	2200	116	-1	923	-1
923	762	768	-9	2641	3649	148	922	-1
924	202	811	17	2189	3306	247	-1	925	-1
925	249	690	-17	3148	4357	175	924	-1
926	116	632	15	1719	2594	206	-1	927	-1
927	110	385	-15	1594	2541	103	926	-1
928	106	613	15	593	1904	160	-1	929	-1
929	107	624	-15	796	2239	194	928	-1
930	731	465	14	970	1654	209	-1	931	-1
931	822	635	-14	3747	4415	120	930	-1
932	233	753	10	287	1710	141	-1	933	-1
933	409	616	-10	511	1300	119	932	-1
934	414	624	9	676	2070	118	-1	935	-1
935	413	618	-9	2237	3663	167	934	-1
936	786	776	6	1135	1870	166	-1	937	-1
937	772	766	-6	1683	2482	176	936	-1
938	882	663	17	1577	2873	100	-1	939	-1
939	815	644	-17	620	2103	209	938	-1
940	103	604	14	787	1608	124	-1	941	-1
941	129	637	-14	3244	4034	175	940	-1
942	208	755	19	824	1906	148	-1	943	-1
943	223	751	-19	589	1862	171	942	-1
944	721	248	19	1755	2777	106	-1	945	-1
945	712	266	-19	2518	3572	100	944	-1
946	374	658	10	2466	3284	242	-1	947	-1
947	234	753	-10	2921	4325	223	946	-1
948	773	766	10	1019	1956	197	-1	949	-1
949	708	518	-10	3278	4611	143	948	-1
950	815	569	16	2190	2859	184	-1	951	-1
951	708	530	-16	3152	4226	213	950	-1
952	94	616	7	1235	2265	194	-1	953	-1
953	37	357	-7	2993	4104	126	952	-1
954	777	770	7	314	1635	186	-1	955	-1
955	819	646	-7	3860	4742	242	954	-1
956	772	760	7	3532	4586	233	-1	957	-1
957	799	756	-7	4065	4851	160	956	-1
958	689	317	10	694	2163	182	-1	959	-1
959	734	461	-10	3261	4721	150	958	-1
960	663	546	20	248	1546	238	-1	961	-1
961	416	615	-20	3516	4221	239	960	-1
962	795	676	17	640	1859	217	-1	963	-1
963	723	489	-17	2757	3859	187	962	-1
964	105	834	7	701	1982	200	-1	965	-1
965	239	753	-7	2627	3611	168	964	-1
966	116	689	19	2219	3048	229	-1	967	-1
967	185	837	-19	2784	4087	231	966	-1
968	710	512	11	608	1585	248	-1	969	-1
969	700	492	-11	1053	2332	104	968	-1
970	413	618	12	1197	2140	248	-1	971	-1
971	233	753	-12	2425	2973	193	970	-1
972	233	752	16	1356	2121	159	-1	973	-1
973	411	616	-16	3278	3933	165	972	-1
974	368	620	16	386	1513	157	-1	975	-1
975	413	618	-16	70	1031	247	974	-1
976	96	613	15	4256	4939	170	-1	977	-1
977	122	577	-15	3743	4734	199	976	-1
978	168	839	10	1170	2118	192	-1	979	-1
979	143	848	-10	1351	2135	249	978	-1
980	240	769	15	2131	3124	132	-1	981	-1
981	154	721	-15	4039	4854	121	980	-1
982	416	627	11	606	1148	112	-1	983	-1
983	450	567	-11	1399	2456	139	982	-1
984	412	586	18	1864	2763	163	-1	985	-1
985	230	744	-18	1989	2778	187	984	-1
986	171	839	7	4070	4895	180	-1	987	-1
987	233	740	-7	3071	4490	103	986	-1
988	780	577	14	2303	2935	240	-1	989	-1
989	827	763	-14	1707	2857	119	988	-1
990	45	404	11	2122	2850	201	-1	991	-1
991	63	254	-11	1978	2794	221	990	-1
992	64	360	14	928	2114	175	-1	993	-1
993	43	365	-14	2052	3378	107	992	-1
994	105	613	12	337	1827	144	-1	995	-1
995	233	753	-12	1309	2076	125	994	-1
996	427	557	6	859	2268	203	-1	997	-1
997	693	527	-6	3495	4150	224	996	-1
998	773	766	7	1456	2778	100	-1	999	-1
999	757	744	-7	1020	2107	228	998	-1
0	222	352	506	550	50	0	5000
1	992	675	654	563	50	0	5000
2	939	868	698	874	50	0	5000
3	20	213	45	333	50	0	5000
4	777	322	470	196	50	0	5000
5	322	599	319	537	50	0	5000
6	593	276	570	572	50	0	5000
7	822	32	785	111	50	0	5000
8	249	690	70	790	50	0	5000
9	799	988	613	737	50	0	5000
10	242	681	402	946	50	0	5000
11	809	885	941	811	50	0	5000
12	94	440	209	476	50	0	5000
13	576	228	810	339	50	0	5000
14	457	507	772	616	50	0	5000
15	895	692	955	898	50	0	5000
16	168	773	87	514	50	0	5000
17	724	618	712	669	50	0	5000
18	739	906	688	901	50	0	5000
19	732	923	357	728	50	0	5000
20	209	66	4	112	50	0	5000
21	13	580	85	841	50	0	5000
22	707	535	763	121	50	0	5000
23	747	867	621	508	50	0	5000
24	650	574	915	605	50	0	5000
25	783	205	823	367	50	0	5000
26	617	984	923	828	50	0	5000
27	358	379	414	493	50	0	5000
28	235	480	375	452	50	0	5000
29	842	165	559	42	50	0	5000
30	808	188	672	370	50	0	5000
31	927	328	932	349	50	0	5000
32	917	783	736	918	50	0	5000
33	947	444	720	713	50	0	5000
34	186	151	364	45	50	0	5000
35	999	362	796	675	50	0	5000
36	822	589	875	802	50	0	5000
37	458	85	571	244	50	0	5000
38	168	893	327	924	50	0	5000
39	115	493	233	706	50	0	5000
40	775	799	470	754	50	0	5000
41	423	430	172	541	50	0	5000
42	301	18	144	222	50	0	5000
43	263	991	237	722	50	0	5000
44	603	570	419	533	50	0	5000
45	190	103	542	333	50	0	5000
46	924	437	901	846	50	0	5000
47	511	57	866	70	50	0	5000
48	660	549	515	811	50	0	5000
49	932	770	989	639	50	0	5000
50	880	255	960	533	50	0	5000
51	295	895	634	820	50	0	5000
52	576	267	840	264	50	0	5000
53	867	365	908	586	50	0	5000
54	851	167	792	83	50	0	5000
55	829	247	967	518	50	0	5000
56	739	144	346	180	50	0	5000
57	122	662	378	488	50	0	5000
58	552	457	289	223	50	0	5000
59	447	981	635	883	50	0	5000
60	667	327	825	223	50	0	5000
61	126	957	206	737	50	0	5000
62	677	414	437	149	50	0	5000
63	509	727	377	370	50	0	5000
64	383	3	131	231	50	0	5000
65	285	759	497	482	50	0	5000
66	637	594	447	768	50	0	5000
67	824	370	942	313	50	0	5000
68	362	614	396	902	50	0	5000
69	305	255	616	439	50	0	5000
70	967	567	912	898	50	0	5000
71	647	766	824	684	50	0	5000
72	460	135	451	177	50	0	5000
73	275	705	143	919	50	0	5000
74	191	933	49	625	50	0	5000
75	768	182	870	562	50	0	5000
76	340	371	324	791	50	0	5000
77	954	299	917	344	50	0	5000
78	809	548	748	858	50	0	5000
79	727	141	950	17	50	0	5000
80	564	426	458	313	50	0	5000
81	992	374	711	289	50	0	5000
82	25	730	188	441	50	0	5000
83	16	904	406	779	50	0	5000
84	611	810	660	818	50	0	5000
85	580	607	475	561	50	0	5000
86	180	131	140	103	50	0	5000
87	825	79	446	23	50	0	5000
88	926	322	955	342	50	0	5000
89	428	820	494	813	50	0	5000
90	767	893	573	718	50	0	5000
91	419	590	725	541	50	0	5000
92	358	233	204	64	50	0	5000
93	794	672	904	690	50	0	5000
94	66	782	12	929	50	0	5000
95	464	284	369	86	50	0	5000
96	45	990	214	870	50	0	5000
97	646	468	690	410	50	0	5000
98	253	657	95	423	50	0	5000
99	966	562	927	473	50	0	5000
100	453	313	632	156	50	0	5000
101	395	277	43	470	50	0	5000
102	781	601	672	382	50	0	5000
103	93	442	197	347	50	0	5000
104	440	36	498	297	50	0	5000
105	793	128	863	24	50	0	5000
106	409	472	727	663	50	0	5000
107	27	780	49	911	50	0	5000
108	771	783	714	925	50	0	5000
109	492	101	328	162	50	0	5000
110	978	313	610	485	50	0	5000
111	48	798	402	729	50	0	5000
112	602	921	492	838	50	0	5000
113	343	399	603	719	50	0	5000
114	907	101	847	446	50	0	5000
115	562	547	561	551	50	0	5000
116	860	127	658	287	50	0	5000
117	133	655	170	841	50	0	5000
118	99	977	339	778	50	0	5000
119	399	209	213	51	50	0	5000
120	856	657	786	920	50	0	5000
121	761	165	720	437	50	0	5000
122	572	915	557	755	50	0	5000
123	239	29	75	54	50	0	5000
124	917	212	957	515	50	0	5000
125	239	618	54	950	50	0	5000
126	554	729	957	621	50	0	5000
127	382	552	33	526	50	0	5000
128	322	219	173	567	50	0	5000
129	417	938	311	689	50	0	5000
130	541	202	941	229	50	0	5000
131	458	550	613	192	50	0	5000
132	86	513	368	644	50	0	5000
133	846	818	594	524	50	0	5000
134	426	55	392	279	50	0	5000
135	677	931	668	926	50	0	5000
136	566	953	168	854	50	0	5000
137	693	800	956	741	50	0	5000
138	774	762	981	740	50	0	5000
139	493	524	722	592	50	0	5000
140	776	299	765	482	50	0	5000
141	509	869	746	793	50	0	5000
142	534	616	644	847	50	0	5000
143	310	583	534	927	50	0	5000
144	11	101	195	361	50	0	5000
145	924	462	894	417	50	0	5000
146	264	951	273	622	50	0	5000
147	778	947	505	800	50	0	5000
148	740	3	740	63	50	0	5000
149	960	258	819	626	50	0	5000
