50	15	1	1	100000
0	885	850	6	3759	4992	169	-1	1	-1
1	808	772	-6	3220	4666	153	0	-1
2	679	430	6	165	864	204	-1	3	-1
3	904	471	-6	1170	2149	145	2	-1
4	187	86	8	1199	2562	210	-1	5	-1
5	12	193	-8	1554	2888	129	4	-1
6	588	818	17	2417	3401	175	-1	7	-1
7	591	554	-17	3459	4467	134	6	-1
8	249	378	6	489	1229	162	-1	9	-1
9	180	336	-6	2038	3448	147	8	-1
10	574	868	11	2691	3459	156	-1	11	-1
11	739	847	-11	2393	3767	109	10	-1
12	295	631	18	1252	2664	101	-1	13	-1
13	293	790	-18	3734	4602	108	12	-1
14	309	798	20	1056	1762	133	-1	15	-1
15	219	714	-20	3640	4838	107	14	-1
16	34	203	12	3503	4860	135	-1	17	-1
17	38	201	-12	2963	4276	223	16	-1
18	616	775	14	3052	4231	173	-1	19	-1
19	588	824	-14	2351	3672	198	18	-1
20	468	263	11	635	1586	232	-1	21	-1
21	478	243	-11	1480	2106	194	20	-1
22	223	743	20	1541	3033	202	-1	23	-1
23	284	635	-20	1807	3160	202	22	-1
24	583	500	13	1409	2461	175	-1	25	-1
25	371	597	-13	3639	4502	221	24	-1
26	18	226	18	1618	2788	160	-1	27	-1
27	29	405	-18	1801	2798	145	26	-1
28	883	371	7	1219	2060	158	-1	29	-1
29	777	238	-7	3610	4808	229	28	-1
30	809	485	16	2960	4062	104	-1	31	-1
31	592	559	-16	2941	4039	165	30	-1
32	592	554	12	516	1899	148	-1	33	-1
33	631	685	-12	2618	4084	238	32	-1
34	591	823	8	58	1292	112	-1	35	-1
35	595	644	-8	2612	3516	134	34	-1
36	623	647	14	427	1586	169	-1	37	-1
37	668	384	-14	2048	3174	147	36	-1
38	141	380	13	451	1885	236	-1	39	-1
39	45	205	-13	3372	4256	201	38	-1
40	224	715	8	383	1169	204	-1	41	-1
41	255	915	-8	3167	4462	226	40	-1
42	593	564	5	350	1069	158	-1	43	-1
43	657	561	-5	3023	4464	138	42	-1
44	17	785	14	1492	2526	169	-1	45	-1
45	178	736	-14	2775	3605	111	44	-1
46	599	834	13	1006	2437	118	-1	47	-1
47	338	805	-13	2615	4084	205	46	-1
48	403	19	11	181	1159	214	-1	49	-1
49	264	198	-11	297	830	106	48	-1
50	63	633	20	2720	3315	123	-1	51	-1
51	270	737	-20	3637	4711	201	50	-1
52	326	837	11	559	1089	165	-1	53	-1
53	590	828	-11	369	1496	113	52	-1
54	625	840	12	2008	3165	113	-1	55	-1
55	576	624	-12	2967	3893	201	54	-1
56	874	125	17	2186	3159	108	-1	57	-1
57	703	344	-17	3739	4490	121	56	-1
58	19	194	6	1093	1754	159	-1	59	-1
59	13	193	-6	2715	4020	142	58	-1
60	383	88	12	274	980	247	-1	61	-1
61	353	107	-12	2106	3284	238	60	-1
62	17	193	13	896	1518	208	-1	63	-1
63	28	7	-13	1496	2339	212	62	-1
64	158	765	8	2265	3698	214	-1	65	-1
65	292	791	-8	3364	3992	160	64	-1
66	571	295	14	1287	2137	212	-1	67	-1
67	474	232	-14	3113	3640	194	66	-1
68	407	221	12	697	1414	187	-1	69	-1
69	637	343	-12	2503	3665	147	68	-1
70	385	99	17	803	2246	148	-1	71	-1
71	444	74	-17	2792	3754	141	70	-1
72	511	322	11	2231	3201	227	-1	73	-1
73	551	271	-11	2888	4310	248	72	-1
74	420	555	18	3253	3867	121	-1	75	-1
75	604	597	-18	3500	4004	165	74	-1
76	18	235	11	2186	2926	131	-1	77	-1
77	130	46	-11	3032	4201	154	76	-1
78	797	890	10	882	1993	158	-1	79	-1
79	589	827	-10	454	1568	147	78	-1
80	595	484	17	534	1299	245	-1	81	-1
81	479	235	-17	1581	2522	197	80	-1
82	330	341	19	947	1916	173	-1	83	-1
83	189	351	-19	3522	4191	155	82	-1
84	592	554	18	965	2070	197	-1	85	-1
85	598	531	-18	1849	2844	161	84	-1
86	886	487	9	418	1396	162	-1	87	-1
87	845	676	-9	2316	2852	191	86	-1
88	18	208	19	1799	2695	238	-1	89	-1
89	137	378	-19	3566	4569	172	88	-1
90	593	751	9	3203	4267	178	-1	91	-1
91	451	737	-9	3221	4136	130	90	-1
92	950	133	8	1599	2932	150	-1	93	-1
93	879	217	-8	3754	4437	149	92	-1
94	452	363	6	2174	2963	143	-1	95	-1
95	600	548	-6	3238	4460	249	94	-1
96	668	663	7	2142	3164	150	-1	97	-1
97	592	554	-7	3647	4733	227	96	-1
98	570	709	14	2821	3943	196	-1	99	-1
99	594	563	-14	3067	3908	117	98	-1
0	132	450	87	676	50	0	5000
1	881	278	885	317	50	0	5000
2	501	993	371	784	50	0	5000
3	168	738	21	464	50	0	5000
4	814	961	809	926	50	0	5000
5	251	901	353	513	50	0	5000
6	514	199	791	45	50	0	5000
7	934	141	831	153	50	0	5000
8	213	963	57	972	50	0	5000
9	880	235	744	38	50	0	5000
10	320	704	675	882	50	0	5000
11	753	684	914	971	50	0	5000
12	106	380	106	345	50	0	5000
13	362	104	262	63	50	0	5000
14	614	193	606	408	50	0	5000
