250	75	1	1	100000
0	87	493	13	935	1455	230	-1	1	-1
1	255	535	-13	1679	2350	187	0	-1
2	74	448	17	672	1647	225	-1	3	-1
3	200	407	-17	4241	4971	113	2	-1
4	270	610	9	795	2221	191	-1	5	-1
5	240	678	-9	1767	2987	108	4	-1
6	133	968	8	2972	3918	147	-1	7	-1
7	173	708	-8	3442	4775	239	6	-1
8	619	131	12	1676	2679	134	-1	9	-1
9	858	130	-12	696	2172	114	8	-1
10	748	50	6	1046	2185	148	-1	11	-1
11	782	128	-6	934	1492	174	10	-1
12	268	517	9	2074	2833	209	-1	13	-1
13	161	715	-9	2794	3906	206	12	-1
14	469	162	15	2567	3966	187	-1	15	-1
15	621	194	-15	2122	3114	167	14	-1
16	260	614	6	3222	4644	182	-1	17	-1
17	481	544	-6	3664	4576	163	16	-1
18	759	623	12	1964	2725	135	-1	19	-1
19	517	590	-12	3026	4388	108	18	-1
20	282	497	15	2000	2768	196	-1	21	-1
21	255	535	-15	3157	3731	179	20	-1
22	257	537	17	494	1844	160	-1	23	-1
23	142	698	-17	1413	2908	122	22	-1
24	366	381	14	2438	3616	168	-1	25	-1
25	96	405	-14	3220	4710	193	24	-1
26	106	113	15	2708	4126	150	-1	27	-1
27	14	91	-15	2536	3505	151	26	-1
28	163	710	14	1341	2606	156	-1	29	-1
29	222	673	-14	3725	4485	171	28	-1
30	840	130	11	1477	2922	223	-1	31	-1
31	711	323	-11	3709	4598	112	30	-1
32	86	452	7	738	1399	233	-1	33	-1
33	282	541	-7	2947	4078	142	32	-1
34	270	609	12	1383	2786	150	-1	35	-1
35	94	445	-12	3887	4999	201	34	-1
36	945	998	12	88	884	130	-1	37	-1
37	748	863	-12	2650	3830	224	36	-1
38	205	267	16	252	1656	140	-1	39	-1
39	355	405	-16	2125	3502	127	38	-1
40	692	263	6	1729	2374	240	-1	41	-1
41	639	389	-6	2850	4134	141	40	-1
42	853	362	10	820	1872	150	-1	43	-1
43	730	296	-10	2833	3804	178	42	-1
44	104	99	12	3478	4730	192	-1	45	-1
45	70	188	-12	4274	4825	197	44	-1
46	972	857	14	2085	2887	163	-1	47	-1
47	857	778	-14	2088	3508	200	46	-1
48	256	535	15	1336	2759	218	-1	49	-1
49	170	453	-15	1882	2512	216	48	-1
50	385	332	12	1036	1886	232	-1	51	-1
51	259	535	-12	1304	2192	126	50	-1
52	253	691	12	2248	2751	117	-1	53	-1
53	420	788	-12	3357	4439	246	52	-1
54	334	424	6	1419	2229	224	-1	55	-1
55	228	550	-6	2209	3562	187	54	-1
56	723	549	11	130	1520	170	-1	57	-1
57	794	503	-11	523	1861	111	56	-1
58	461	136	14	2928	4323	171	-1	59	-1
59	666	235	-14	3298	4481	161	58	-1
60	276	822	16	1789	2496	163	-1	61	-1
61	272	554	-16	2414	3132	200	60	-1
62	934	560	13	408	1296	112	-1	63	-1
63	864	581	-13	3059	4388	131	62	-1
64	376	141	14	3576	4956	132	-1	65	-1
65	545	210	-14	3204	4058	156	64	-1
66	258	971	11	993	2218	168	-1	67	-1
67	170	718	-11	2681	4052	242	66	-1
68	804	86	15	641	1693	225	-1	69	-1
69	663	259	-15	2807	3470	124	68	-1
70	381	526	9	179	1327	104	-1	71	-1
71	203	628	-9	3285	4049	129	70	-1
72	682	222	8	769	1438	221	-1	73	-1
73	849	129	-8	3070	3802	240	72	-1
74	831	95	17	818	1783	102	-1	75	-1
75	846	118	-17	2081	3529	169	74	-1
76	115	555	12	2154	3333	216	-1	77	-1
77	264	423	-12	1836	3152	104	76	-1
78	249	590	16	525	1406	206	-1	79	-1
79	251	683	-16	3441	4206	150	78	-1
80	733	375	8	1958	2542	178	-1	81	-1
81	842	134	-8	3595	4920	114	80	-1
82	311	393	15	2469	3087	100	-1	83	-1
83	151	561	-15	2519	3343	200	82	-1
84	516	442	11	192	1119	206	-1	85	-1
85	540	515	-11	3647	4718	142	84	-1
86	554	873	12	2256	3330	202	-1	87	-1
87	414	779	-12	3450	4750	228	86	-1
88	231	163	16	375	916	127	-1	89	-1
89	335	182	-16	3800	4999	220	88	-1
90	74	459	8	964	2173	135	-1	91	-1
91	168	399	-8	1609	2433	136	90	-1
92	130	991	19	149	731	177	-1	93	-1
93	156	918	-19	1248	2352	116	92	-1
94	252	534	19	1555	2508	147	-1	95	-1
95	210	594	-19	845	2282	204	94	-1
96	551	433	18	2453	3891	201	-1	97	-1
97	676	230	-18	2605	3105	200	96	-1
98	895	424	5	420	1566	169	-1	99	-1
99	944	546	-5	2466	3329	144	98	-1
100	244	214	18	1750	2582	212	-1	101	-1
101	205	227	-18	2527	3343	188	100	-1
102	984	266	10	1386	2693	223	-1	103	-1
103	810	122	-10	4057	4727	194	102	-1
104	290	348	10	2337	3005	190	-1	105	-1
105	216	599	-10	4334	4982	241	104	-1
106	595	691	20	890	1689	204	-1	107	-1
107	705	655	-20	3213	3952	113	106	-1
108	267	605	9	881	1917	246	-1	109	-1
109	198	335	-9	222	1620	185	108	-1
110	644	648	13	2034	2767	125	-1	111	-1
111	494	870	-13	2270	2854	218	110	-1
112	171	688	19	3484	4824	218	-1	113	-1
113	270	609	-19	4244	4819	190	112	-1
114	23	236	17	3061	4136	163	-1	115	-1
115	134	487	-17	2385	3767	218	114	-1
116	105	953	11	2895	3851	159	-1	117	-1
117	197	705	-11	2529	3682	187	116	-1
118	155	937	14	2279	3429	235	-1	119	-1
119	142	691	-14	2820	4184	241	118	-1
120	447	342	6	729	2183	186	-1	121	-1
121	429	429	-6	1542	2055	246	120	-1
122	831	157	13	2245	2829	244	-1	123	-1
123	848	240	-13	3513	4496	165	122	-1
124	869	721	14	975	1494	248	-1	125	-1
125	971	551	-14	1535	2174	141	124	-1
126	287	413	6	3051	4042	182	-1	127	-1
127	256	529	-6	2391	3739	242	126	-1
128	44	154	19	865	1844	184	-1	129	-1
129	159	297	-19	186	1614	145	128	-1
130	848	400	19	687	1578	141	-1	131	-1
131	679	222	-19	3213	4117	213	130	-1
132	216	668	16	846	1888	214	-1	133	-1
133	279	576	-16	1515	2714	155	132	-1
134	255	535	9	506	1023	119	-1	135	-1
135	200	372	-9	2295	3608	128	134	-1
136	783	970	19	371	1077	122	-1	137	-1
137	695	857	-19	1997	3112	127	136	-1
138	134	970	5	937	2353	134	-1	139	-1
139	132	971	-5	3928	4506	190	138	-1
140	133	956	6	3511	4491	246	-1	141	-1
141	118	975	-6	3360	4730	213	140	-1
142	88	809	7	1112	2303	154	-1	143	-1
143	218	674	-7	1356	2342	163	142	-1
144	618	565	13	210	1567	171	-1	145	-1
145	873	567	-13	2165	3451	169	144	-1
146	177	740	8	1253	2493	107	-1	147	-1
147	222	671	-8	2699	4195	216	146	-1
148	931	234	19	2026	2548	207	-1	149	-1
149	685	273	-19	1998	2984	205	148	-1
150	868	130	14	80	1385	237	-1	151	-1
151	869	144	-14	1798	2731	196	150	-1
152	79	468	7	492	1678	236	-1	153	-1
153	221	669	-7	1335	2201	133	152	-1
154	255	537	15	1733	3169	104	-1	155	-1
155	257	533	-15	1959	3327	140	154	-1
156	836	634	7	2453	3240	157	-1	157	-1
157	616	679	-7	1865	3077	230	156	-1
158	149	990	7	131	1428	234	-1	159	-1
159	128	961	-7	3282	4691	175	158	-1
160	164	561	13	1640	2212	160	-1	161	-1
161	127	479	-13	2301	3691	237	160	-1
162	134	970	6	2325	2943	172	-1	163	-1
163	150	996	-6	3737	4724	134	162	-1
164	152	558	19	677	1813	157	-1	165	-1
165	289	542	-19	1615	2222	248	164	-1
166	684	214	17	1939	2713	173	-1	167	-1
167	565	173	-17	3426	4701	222	166	-1
168	342	783	6	921	2037	165	-1	169	-1
169	352	788	-6	3728	4821	135	168	-1
170	681	471	10	3645	4794	163	-1	171	-1
171	752	433	-10	3949	4578	228	170	-1
172	46	219	13	1119	2057	233	-1	173	-1
173	192	88	-13	2801	3762	133	172	-1
174	257	597	19	2326	3567	201	-1	175	-1
175	96	461	-19	3431	4707	156	174	-1
176	255	546	20	2726	4212	107	-1	177	-1
177	264	534	-20	3177	4025	233	176	-1
178	550	699	8	773	1861	148	-1	179	-1
179	402	626	-8	3148	4092	160	178	-1
180	945	801	11	2228	2731	135	-1	181	-1
181	797	959	-11	2273	3589	197	180	-1
182	340	764	12	867	1726	201	-1	183	-1
183	223	519	-12	3459	4266	164	182	-1
184	849	215	20	3287	4683	101	-1	185	-1
185	646	359	-20	3885	4890	210	184	-1
186	277	583	13	3512	4725	118	-1	187	-1
187	282	632	-13	3104	4043	203	186	-1
188	849	128	18	2981	4330	187	-1	189	-1
189	834	146	-18	2535	3639	206	188	-1
190	869	168	9	820	1468	232	-1	191	-1
191	880	253	-9	686	1964	166	190	-1
192	934	10	13	1944	2471	145	-1	193	-1
193	894	214	-13	2270	3671	162	192	-1
194	95	460	18	1283	2178	197	-1	195	-1
195	255	650	-18	2643	3161	238	194	-1
196	924	516	11	60	1349	171	-1	197	-1
197	915	520	-11	919	2128	215	196	-1
198	170	593	14	3026	3833	104	-1	199	-1
199	99	754	-14	3638	4546	241	198	-1
200	384	583	20	56	801	218	-1	201	-1
201	276	533	-20	1841	2939	111	200	-1
202	169	728	13	590	1406	190	-1	203	-1
203	172	707	-13	1324	2060	179	202	-1
204	106	451	6	1907	2974	117	-1	205	-1
205	173	707	-6	3904	4881	191	204	-1
206	163	716	10	3752	4830	128	-1	207	-1
207	95	461	-10	3143	4317	172	206	-1
208	221	669	11	1395	2710	104	-1	209	-1
209	222	680	-11	3194	4289	218	208	-1
210	704	368	6	400	1194	205	-1	211	-1
211	908	548	-6	585	1234	186	210	-1
212	270	606	17	1159	1942	133	-1	213	-1
213	261	606	-17	3315	4449	209	212	-1
214	119	656	20	1558	2647	123	-1	215	-1
215	253	536	-20	1368	2785	206	214	-1
216	208	513	10	1472	2679	187	-1	217	-1
217	255	768	-10	2450	3165	181	216	-1
218	54	720	8	131	1587	155	-1	219	-1
219	95	461	-8	3712	4605	116	218	-1
220	251	622	19	450	1898	119	-1	221	-1
221	317	700	-19	1038	2499	107	220	-1
222	393	811	15	667	1996	106	-1	223	-1
223	178	917	-15	205	1665	243	222	-1
224	129	986	17	1305	1807	112	-1	225	-1
225	275	908	-17	3547	4281	220	224	-1
226	302	205	5	1792	2614	117	-1	227	-1
227	267	330	-5	1066	2467	124	226	-1
228	261	845	16	2443	3022	177	-1	229	-1
229	330	954	-16	2304	3162	148	228	-1
230	585	660	17	2685	3840	172	-1	231	-1
231	476	451	-17	2780	3452	244	230	-1
232	926	913	9	863	1798	184	-1	233	-1
233	707	758	-9	482	1916	125	232	-1
234	140	750	10	1476	2399	115	-1	235	-1
235	134	970	-10	3566	4645	147	234	-1
236	242	716	6	1408	1933	249	-1	237	-1
237	128	972	-6	1331	2760	244	236	-1
238	270	609	19	2807	3319	180	-1	239	-1
239	221	669	-19	2584	3737	246	238	-1
240	426	303	16	1624	2862	235	-1	241	-1
241	625	249	-16	1503	2819	114	240	-1
242	996	197	19	2496	3358	108	-1	243	-1
243	829	101	-19	3228	4574	224	242	-1
244	182	632	11	1657	2628	232	-1	245	-1
245	310	521	-11	1721	2309	187	244	-1
246	762	374	12	3053	3625	227	-1	247	-1
247	733	283	-12	3205	4241	187	246	-1
248	309	830	13	533	1965	155	-1	249	-1
249	219	686	-13	2951	4318	124	248	-1
250	576	301	9	2238	3013	189	-1	251	-1
251	664	228	-9	2520	3587	131	250	-1
252	173	705	9	118	1013	176	-1	253	-1
253	134	970	-9	2263	3391	228	252	-1
254	849	128	12	1263	2498	174	-1	255	-1
255	859	99	-12	1707	2748	170	254	-1
256	540	925	17	839	2238	212	-1	257	-1
257	486	733	-17	3558	4760	244	256	-1
258	180	720	16	2110	2956	134	-1	259	-1
259	125	986	-16	3748	4693	175	258	-1
260	134	970	7	1956	2887	218	-1	261	-1
261	167	700	-7	3090	3819	138	260	-1
262	127	497	10	1440	2910	185	-1	263	-1
263	251	534	-10	1212	2071	174	262	-1
264	168	701	9	178	944	155	-1	265	-1
265	148	557	-9	1097	2403	209	264	-1
266	462	573	13	1261	1856	182	-1	267	-1
267	397	500	-13	3288	3837	221	266	-1
268	245	617	6	3073	4471	164	-1	269	-1
269	251	527	-6	3276	4121	217	268	-1
270	378	375	12	3875	4771	154	-1	271	-1
271	628	284	-12	4199	4981	210	270	-1
272	144	765	11	1287	2107	142	-1	273	-1
273	134	970	-11	2073	3029	131	272	-1
274	104	615	16	56	1361	205	-1	275	-1
275	175	705	-16	2210	3667	216	274	-1
276	113	966	13	1650	2178	241	-1	277	-1
277	306	986	-13	1393	2697	173	276	-1
278	134	972	7	84	897	144	-1	279	-1
279	168	704	-7	785	1916	194	278	-1
280	180	516	7	2187	3457	164	-1	281	-1
281	248	548	-7	1239	2722	137	280	-1
282	99	487	13	325	1686	137	-1	283	-1
283	72	414	-13	2487	3687	120	282	-1
284	849	859	10	2047	3235	137	-1	285	-1
285	851	975	-10	1921	2960	143	284	-1
286	937	368	7	3146	3955	164	-1	287	-1
287	756	562	-7	3064	4530	128	286	-1
288	254	540	14	173	1488	209	-1	289	-1
289	291	562	-14	1854	2696	168	288	-1
290	684	934	10	495	1530	207	-1	291	-1
291	780	885	-10	2678	3337	114	290	-1
292	852	126	6	3107	4596	195	-1	293	-1
293	672	226	-6	3826	4811	192	292	-1
294	131	102	13	1287	2607	236	-1	295	-1
295	97	234	-13	582	2028	102	294	-1
296	224	647	9	2962	4386	110	-1	297	-1
297	367	543	-9	2947	4012	137	296	-1
298	83	493	11	471	1415	225	-1	299	-1
299	141	577	-11	1410	2075	223	298	-1
300	935	542	7	588	1151	204	-1	301	-1
301	938	554	-7	1658	2640	242	300	-1
302	922	263	6	2059	3224	161	-1	303	-1
303	852	121	-6	3461	4589	230	302	-1
304	369	841	12	1647	2492	154	-1	305	-1
305	138	969	-12	2943	4241	172	304	-1
306	281	622	7	824	2026	109	-1	307	-1
307	217	666	-7	409	1522	146	306	-1
308	96	462	14	756	1400	187	-1	309	-1
309	256	544	-14	1247	2574	236	308	-1
310	836	246	18	279	1087	187	-1	311	-1
311	582	187	-18	3826	4705	201	310	-1
312	231	709	8	1613	3059	150	-1	313	-1
313	108	953	-8	2788	4072	232	312	-1
314	221	669	14	960	1988	129	-1	315	-1
315	156	566	-14	1382	2132	132	314	-1
316	599	235	9	137	1104	244	-1	317	-1
317	504	352	-9	189	1653	154	316	-1
318	270	236	7	503	1651	205	-1	319	-1
319	394	373	-7	1080	2391	179	318	-1
320	547	167	17	765	2219	160	-1	321	-1
321	702	36	-17	3374	4056	194	320	-1
322	835	122	13	2870	3597	105	-1	323	-1
323	715	333	-13	3491	4202	147	322	-1
324	984	930	14	1516	2799	136	-1	325	-1
325	730	916	-14	4121	4822	164	324	-1
326	105	520	15	2444	3695	246	-1	327	-1
327	173	707	-15	3333	4218	240	326	-1
328	685	397	17	2711	3787	245	-1	329	-1
329	795	425	-17	2899	3780	239	328	-1
330	257	539	12	1027	2478	181	-1	331	-1
331	347	545	-12	2230	3145	101	330	-1
332	843	97	20	1082	1799	147	-1	333	-1
333	674	218	-20	2304	3098	198	332	-1
334	248	607	9	188	867	110	-1	335	-1
335	216	643	-9	2211	2950	171	334	-1
336	236	104	5	1303	2506	173	-1	337	-1
337	335	156	-5	1274	2633	117	336	-1
338	673	224	6	468	1158	153	-1	339	-1
339	667	228	-6	2242	2959	132	338	-1
340	611	385	12	148	833	179	-1	341	-1
341	627	548	-12	1478	2554	166	340	-1
342	259	523	20	53	632	208	-1	343	-1
343	33	438	-20	3117	3792	240	342	-1
344	278	524	12	1742	2566	179	-1	345	-1
345	262	608	-12	3014	4320	172	344	-1
346	122	958	8	280	992	122	-1	347	-1
347	248	714	-8	354	1836	210	346	-1
348	910	926	14	3287	4224	221	-1	349	-1
349	758	724	-14	3035	3986	167	348	-1
350	194	543	15	390	1228	244	-1	351	-1
351	152	558	-15	616	1607	103	350	-1
352	897	276	8	121	1422	154	-1	353	-1
353	972	397	-8	1043	2081	148	352	-1
354	257	816	6	239	1689	183	-1	355	-1
355	270	609	-6	449	1357	121	354	-1
356	656	234	8	1252	1910	190	-1	357	-1
357	620	297	-8	2403	3565	158	356	-1
358	671	234	10	1750	2742	134	-1	359	-1
359	429	234	-10	2728	4065	226	358	-1
360	151	124	18	2336	3593	218	-1	361	-1
361	189	251	-18	3220	3854	107	360	-1
362	224	677	17	1032	1610	139	-1	363	-1
363	136	485	-17	3449	4729	162	362	-1
364	593	49	14	12	592	193	-1	365	-1
365	868	114	-14	586	1195	194	364	-1
366	180	379	19	1626	2670	205	-1	367	-1
367	263	616	-19	2584	3910	121	366	-1
368	3	12	15	2251	3232	177	-1	369	-1
369	57	259	-15	2544	3629	211	368	-1
370	941	550	9	3342	3948	237	-1	371	-1
371	919	558	-9	2860	4076	141	370	-1
372	132	738	19	838	1935	136	-1	373	-1
373	151	735	-19	2692	3721	187	372	-1
374	248	309	20	3230	4704	245	-1	375	-1
375	262	54	-20	2928	4147	144	374	-1
376	49	70	10	2162	2734	236	-1	377	-1
377	124	62	-10	3480	4973	232	376	-1
378	93	461	15	3468	4601	106	-1	379	-1
379	36	220	-15	3267	4036	189	378	-1
380	200	674	6	1772	3196	191	-1	381	-1
381	65	584	-6	3596	4863	211	380	-1
382	154	534	8	2230	3140	196	-1	383	-1
383	239	509	-8	2438	3052	146	382	-1
384	735	72	14	2531	3920	177	-1	385	-1
385	672	226	-14	3212	4491	238	384	-1
386	6	198	16	2483	3953	177	-1	387	-1
387	91	448	-16	1986	3147	123	386	-1
388	158	546	10	399	949	211	-1	389	-1
389	209	734	-10	1595	2322	212	388	-1
390	110	135	15	2874	4227	109	-1	391	-1
391	219	336	-15	2376	3762	209	390	-1
392	259	4	19	3262	3872	198	-1	393	-1
393	284	26	-19	3600	4413	169	392	-1
394	258	577	16	2871	3576	213	-1	395	-1
395	255	533	-16	1876	3290	151	394	-1
396	823	96	17	1477	2801	186	-1	397	-1
397	864	136	-17	2400	3166	104	396	-1
398	676	569	18	2221	3316	112	-1	399	-1
399	884	421	-18	3528	4995	162	398	-1
400	227	392	7	1182	1695	148	-1	401	-1
401	152	558	-7	2280	2902	105	400	-1
402	92	123	9	1738	2731	161	-1	403	-1
403	290	227	-9	2437	3690	206	402	-1
404	671	228	19	438	1852	204	-1	405	-1
405	842	356	-19	1794	2778	199	404	-1
406	154	108	6	761	1415	230	-1	407	-1
407	374	59	-6	1913	2967	197	406	-1
408	944	549	7	2792	3297	210	-1	409	-1
409	935	529	-7	2749	3757	228	408	-1
410	292	807	8	624	1649	130	-1	411	-1
411	220	669	-8	2327	3493	173	410	-1
412	129	927	6	1129	2267	246	-1	413	-1
413	280	721	-6	1856	2832	108	412	-1
414	721	241	13	2891	3719	243	-1	415	-1
415	737	8	-13	3319	4314	189	414	-1
416	471	913	19	1249	2200	154	-1	417	-1
417	497	891	-19	3492	4338	239	416	-1
418	255	535	11	297	859	224	-1	419	-1
419	132	735	-11	1902	2968	150	418	-1
420	253	676	10	1468	2407	188	-1	421	-1
421	339	602	-10	2642	3453	130	420	-1
422	165	700	5	311	1247	154	-1	423	-1
423	221	668	-5	2862	4217	123	422	-1
424	105	518	18	562	1507	223	-1	425	-1
425	201	668	-18	3805	4750	203	424	-1
426	104	455	15	1918	2803	134	-1	427	-1
427	257	243	-15	2412	3816	133	426	-1
428	672	228	10	3124	3843	235	-1	429	-1
429	878	109	-10	3239	4017	183	428	-1
430	612	786	15	3774	4379	207	-1	431	-1
431	877	763	-15	3827	4901	104	430	-1
432	277	548	8	2097	2762	112	-1	433	-1
433	304	590	-8	3452	4841	217	432	-1
434	266	318	16	48	1342	206	-1	435	-1
435	102	188	-16	3101	4003	200	434	-1
436	221	669	8	929	1572	206	-1	437	-1
437	228	789	-8	1361	2530	241	436	-1
438	862	281	13	1399	2665	107	-1	439	-1
439	679	204	-13	1927	3232	102	438	-1
440	949	548	15	1303	2414	122	-1	441	-1
441	982	793	-15	963	2449	157	440	-1
442	96	461	6	1493	2461	247	-1	443	-1
443	24	338	-6	1363	2495	202	442	-1
444	329	499	17	2064	3043	202	-1	445	-1
445	217	673	-17	2645	3280	231	444	-1
446	181	64	12	221	1093	188	-1	447	-1
447	424	63	-12	3012	4177	171	446	-1
448	950	549	5	3592	4358	106	-1	449	-1
449	945	550	-5	2781	4149	249	448	-1
450	1	884	16	191	1516	143	-1	451	-1
451	141	969	-16	3172	4153	202	450	-1
452	578	418	18	2420	2931	103	-1	453	-1
453	663	329	-18	3743	4271	205	452	-1
454	430	23	16	1732	2233	174	-1	455	-1
455	629	211	-16	1612	3067	164	454	-1
456	133	969	19	682	1695	144	-1	457	-1
457	287	906	-19	2990	4332	121	456	-1
458	706	231	10	1652	2912	208	-1	459	-1
459	836	11	-10	2462	3510	107	458	-1
460	153	996	16	1052	2243	237	-1	461	-1
461	129	982	-16	2935	3627	172	460	-1
462	354	428	20	2631	3438	101	-1	463	-1
463	88	445	-20	4000	4627	229	462	-1
464	418	976	16	367	1592	152	-1	465	-1
465	566	817	-16	3116	4039	235	464	-1
466	259	587	11	1770	2465	192	-1	467	-1
467	129	701	-11	1574	3029	170	466	-1
468	107	364	8	2968	3906	192	-1	469	-1
469	84	218	-8	3251	4465	222	468	-1
470	164	563	11	633	2059	200	-1	471	-1
471	93	325	-11	2887	4047	120	470	-1
472	160	673	11	730	2125	214	-1	473	-1
473	173	591	-11	1714	2267	121	472	-1
474	823	437	9	4	814	198	-1	475	-1
475	675	244	-9	3081	3729	110	474	-1
476	828	842	12	699	1678	140	-1	477	-1
477	711	586	-12	1216	1779	238	476	-1
478	410	601	13	337	1187	139	-1	479	-1
479	150	545	-13	944	2211	195	478	-1
480	289	343	17	2120	3054	206	-1	481	-1
481	255	535	-17	3378	4449	163	480	-1
482	982	486	15	1222	1727	173	-1	483	-1
483	901	503	-15	3609	4403	113	482	-1
484	270	610	15	2202	3047	152	-1	485	-1
485	92	462	-15	3209	3742	168	484	-1
486	282	154	12	755	1948	224	-1	487	-1
487	474	133	-12	2895	3520	196	486	-1
488	251	542	11	2256	2954	167	-1	489	-1
489	246	544	-11	2986	3526	130	488	-1
490	862	490	15	1219	1845	204	-1	491	-1
491	944	549	-15	3095	3623	155	490	-1
492	100	989	13	621	1915	167	-1	493	-1
493	136	969	-13	607	1246	210	492	-1
494	270	602	20	945	2112	101	-1	495	-1
495	101	467	-20	2452	3876	226	494	-1
496	828	127	5	2353	3322	180	-1	497	-1
497	775	318	-5	3697	4347	241	496	-1
498	833	837	11	634	2118	239	-1	499	-1
499	837	808	-11	1662	3077	248	498	-1
0	830	753	830	753	50	0	5000
1	984	614	984	614	50	0	5000
2	243	680	243	680	50	0	5000
3	693	283	693	283	50	0	5000
4	367	869	367	869	50	0	5000
5	830	753	830	753	50	0	5000
6	984	614	984	614	50	0	5000
7	243	680	243	680	50	0	5000
8	693	283	693	283	50	0	5000
9	367	869	367	869	50	0	5000
10	830	753	830	753	50	0	5000
11	984	614	984	614	50	0	5000
12	243	680	243	680	50	0	5000
13	693	283	693	283	50	0	5000
14	367	869	367	869	50	0	5000
15	830	753	830	753	50	0	5000
16	984	614	984	614	50	0	5000
17	243	680	243	680	50	0	5000
18	693	283	693	283	50	0	5000
19	367	869	367	869	50	0	5000
20	830	753	830	753	50	0	5000
21	984	614	984	614	50	0	5000
22	243	680	243	680	50	0	5000
23	693	283	693	283	50	0	5000
24	367	869	367	869	50	0	5000
25	830	753	830	753	50	0	5000
26	984	614	984	614	50	0	5000
27	243	680	243	680	50	0	5000
28	693	283	693	283	50	0	5000
29	367	869	367	869	50	0	5000
30	830	753	830	753	50	0	5000
31	984	614	984	614	50	0	5000
32	243	680	243	680	50	0	5000
33	693	283	693	283	50	0	5000
34	367	869	367	869	50	0	5000
35	830	753	830	753	50	0	5000
36	984	614	984	614	50	0	5000
37	243	680	243	680	50	0	5000
38	693	283	693	283	50	0	5000
39	367	869	367	869	50	0	5000
40	830	753	830	753	50	0	5000
41	984	614	984	614	50	0	5000
42	243	680	243	680	50	0	5000
43	693	283	693	283	50	0	5000
44	367	869	367	869	50	0	5000
45	830	753	830	753	50	0	5000
46	984	614	984	614	50	0	5000
47	243	680	243	680	50	0	5000
48	693	283	693	283	50	0	5000
49	367	869	367	869	50	0	5000
50	830	753	830	753	50	0	5000
51	984	614	984	614	50	0	5000
52	243	680	243	680	50	0	5000
53	693	283	693	283	50	0	5000
54	367	869	367	869	50	0	5000
55	830	753	830	753	50	0	5000
56	984	614	984	614	50	0	5000
57	243	680	243	680	50	0	5000
58	693	283	693	283	50	0	5000
59	367	869	367	869	50	0	5000
60	830	753	830	753	50	0	5000
61	984	614	984	614	50	0	5000
62	243	680	243	680	50	0	5000
63	693	283	693	283	50	0	5000
64	367	869	367	869	50	0	5000
65	830	753	830	753	50	0	5000
66	984	614	984	614	50	0	5000
67	243	680	243	680	50	0	5000
68	693	283	693	283	50	0	5000
69	367	869	367	869	50	0	5000
70	830	753	830	753	50	0	5000
71	984	614	984	614	50	0	5000
72	243	680	243	680	50	0	5000
73	693	283	693	283	50	0	5000
74	367	869	367	869	50	0	5000
