500	150	1	1	100000
0	423	897	18	235	1516	192	-1	1	61	0	4	6	9	10	11	13	15	16	18	21	22	25	27	36	38	39	46	47	48	49	51	54	55	56	57	63	67	69	72	74	76	78	79	81	84	89	92	94	95	100	101	104	111	113	117	120	125	126	127	129	131	132	133	134	135	139	144	146	147	148
1	289	924	-18	3264	4222	233	0	-1
2	497	725	9	3844	4740	131	-1	3	78	2	4	5	6	7	8	9	10	11	12	14	15	16	17	19	22	24	25	26	29	32	34	38	41	42	44	47	48	49	51	52	57	59	61	65	68	69	70	72	73	75	77	80	82	83	85	88	90	92	93	96	97	98	100	103	105	106	107	109	113	114	116	117	122	123	128	131	132	133	134	136	138	139	141	142	146	148	149
3	503	691	-9	3465	4754	133	2	-1
4	743	710	15	2004	3335	145	-1	5	82	1	2	3	4	7	8	9	10	12	13	15	16	17	19	26	28	29	30	31	32	33	35	38	39	42	43	45	46	47	48	50	55	56	57	59	62	63	65	67	69	72	73	75	76	77	78	79	80	82	84	85	88	90	94	95	96	97	99	100	101	102	103	104	106	109	110	111	116	123	125	127	128	129	131	133	134	135	136	137	139	142	144
5	918	705	-15	2063	2777	193	4	-1
6	406	687	13	2758	3562	113	-1	7	59	0	2	6	15	17	19	21	24	27	28	31	34	37	40	44	45	47	52	54	56	61	62	66	68	70	76	77	78	79	80	81	83	86	87	91	95	98	101	105	106	109	111	112	115	117	119	120	121	122	123	125	129	132	133	139	140	141	145	149
7	547	816	-13	2644	3237	117	6	-1
8	309	316	19	1455	2651	153	-1	9	88	0	1	2	4	5	6	7	12	13	14	20	22	23	25	30	32	34	35	37	38	39	41	43	44	47	49	50	51	54	55	56	57	59	60	61	62	64	65	68	69	72	73	74	75	79	80	81	83	84	85	86	87	88	90	91	92	94	95	96	97	98	99	100	102	106	107	108	109	111	112	113	114	116	119	120	121	124	125	126	132	134	136	137	140	142	144	146	148
9	424	122	-19	2864	3410	148	8	-1
10	80	486	10	1288	1805	193	-1	11	81	1	2	4	5	6	7	8	10	13	14	15	20	21	23	26	27	28	32	33	34	35	39	42	44	46	47	49	50	52	53	54	56	57	58	61	62	63	64	65	67	70	71	72	73	75	76	77	78	79	82	83	85	86	89	90	93	95	96	98	101	102	104	109	110	111	112	114	116	118	120	122	123	124	129	130	133	134	135	137	139	147
11	196	647	-10	3430	3994	135	10	-1
12	531	681	14	880	1612	174	-1	13	-1
13	410	913	-14	3425	4651	103	12	-1
14	505	714	9	1906	2690	102	-1	15	-1
15	509	715	-9	3153	4238	161	14	-1
16	509	715	20	1097	1740	151	-1	17	-1
17	337	717	-20	1318	2587	103	16	-1
18	127	663	9	1365	2561	124	-1	19	53	7	9	12	13	20	28	29	30	31	36	38	39	41	42	44	48	52	54	59	62	66	77	80	82	83	84	85	86	88	99	102	105	107	108	113	119	120	121	122	127	129	132	135	136	138	140	141	143	144	145	146	147	148
19	149	458	-9	2165	3189	218	18	-1
20	552	682	15	896	1830	110	-1	21	60	1	2	3	6	7	8	12	17	18	23	24	27	30	31	32	35	41	43	47	48	50	51	53	55	58	60	62	63	64	67	71	73	74	76	79	83	84	87	89	91	92	107	108	110	112	115	116	118	119	120	121	123	125	128	129	133	137	138	141	142
21	578	511	-15	2217	3447	187	20	-1
22	509	714	20	181	1107	160	-1	23	49	4	6	8	16	17	20	25	27	29	31	32	33	35	40	41	49	52	53	54	56	57	62	64	67	72	79	81	84	87	88	91	92	97	99	101	106	111	112	113	122	123	129	131	134	136	138	140	141	144
23	501	716	-20	2975	3687	128	22	-1
24	42	88	14	309	1612	112	-1	25	-1
25	283	3	-14	2862	3793	154	24	-1
26	270	184	11	3318	4078	128	-1	27	79	4	5	6	8	10	12	13	14	15	17	18	19	21	22	23	24	28	30	31	35	36	37	38	39	42	43	44	45	47	48	50	51	54	56	63	64	65	67	71	73	75	76	79	81	83	84	86	90	93	94	96	98	99	100	101	102	103	105	108	109	113	114	115	116	118	121	126	127	130	131	133	136	138	140	141	144	145	146	147
27	178	37	-11	3051	4237	108	26	-1
28	236	854	8	2297	2906	199	-1	29	-1
29	418	855	-8	3356	4491	218	28	-1
30	495	756	18	2176	2918	244	-1	31	-1
31	476	910	-18	3689	4808	230	30	-1
32	450	136	15	2492	3511	108	-1	33	-1
33	230	174	-15	4074	4724	246	32	-1
34	427	624	15	2035	2538	148	-1	35	59	1	2	6	7	9	15	16	17	22	23	24	27	29	31	33	35	36	40	43	44	48	51	56	63	64	71	72	73	74	76	77	79	80	89	90	93	94	97	99	100	107	112	113	114	115	116	117	118	123	126	132	133	136	139	140	142	144	145	146
35	643	451	-15	3200	3991	156	34	-1
36	55	476	12	1802	3203	131	-1	37	58	3	8	9	15	17	18	20	22	29	32	33	34	35	43	44	47	48	50	52	54	55	60	67	69	72	74	77	81	84	85	91	96	98	99	100	101	103	107	109	111	117	118	120	122	125	126	127	130	131	135	136	138	139	141	143	145	146	147
37	70	390	-12	1958	2663	245	36	-1
38	585	724	17	1694	2808	176	-1	39	-1
39	527	603	-17	1034	2426	143	38	-1
40	711	231	6	818	1823	227	-1	41	-1
41	560	169	-6	2495	3622	233	40	-1
42	763	338	7	489	1180	116	-1	43	82	2	3	4	7	11	12	13	14	15	18	19	21	22	23	24	25	26	27	30	31	32	33	34	36	37	41	42	46	47	48	49	50	53	55	56	58	59	60	62	63	64	65	66	69	70	77	78	81	83	86	87	88	89	92	98	99	100	101	103	106	109	111	114	115	120	121	123	124	125	130	131	135	137	138	139	142	143	144	145	146	147	148
43	907	313	-7	2642	3911	227	42	-1
44	401	328	16	2069	3050	196	-1	45	84	2	3	5	6	7	10	13	15	16	19	22	25	28	29	30	31	32	36	38	39	40	41	43	45	46	47	48	49	51	52	53	54	56	60	66	68	71	72	74	77	78	79	80	81	85	87	88	89	91	93	95	96	98	99	100	103	104	105	107	108	109	113	114	116	117	118	120	122	123	125	126	127	128	131	132	133	135	139	141	142	143	147	148	149
45	413	609	-16	3449	4930	200	44	-1
46	306	400	10	393	1183	107	-1	47	73	2	5	8	10	14	15	17	18	19	20	21	22	23	26	27	28	29	31	36	37	38	40	41	42	47	50	53	54	55	58	62	63	64	68	72	73	74	75	76	77	79	81	82	84	86	87	88	90	92	93	94	97	98	99	100	101	105	112	113	120	123	124	125	126	127	128	130	131	132	139	140	144	146
47	80	334	-10	2611	3496	139	46	-1
48	75	83	14	961	2373	208	-1	49	-1
49	79	110	-14	2464	3782	137	48	-1
50	499	402	7	467	1026	237	-1	51	86	2	4	5	7	9	10	11	13	14	16	17	19	21	22	24	27	29	30	32	33	35	39	40	41	42	44	46	48	49	50	53	54	55	57	58	59	63	64	65	66	67	68	69	71	75	79	81	82	83	85	86	87	89	93	95	96	97	98	99	100	102	104	107	110	112	113	114	116	117	118	119	121	123	124	125	126	130	132	135	137	138	139	140	144	145	149
51	346	309	-7	3413	3929	142	50	-1
52	402	9	17	1340	2832	154	-1	53	89	0	1	3	5	6	7	9	11	13	14	20	21	22	24	25	27	32	33	34	36	37	39	42	43	44	45	46	47	52	53	54	56	58	59	60	61	62	63	65	66	69	71	72	73	74	75	77	79	80	82	83	84	85	90	91	94	95	96	99	102	104	106	107	108	109	110	111	116	121	122	124	125	126	127	128	129	130	131	135	136	138	139	140	141	143	145	146	147	148
53	437	61	-17	3603	4313	199	52	-1
54	718	654	14	1422	2882	155	-1	55	57	2	16	18	19	21	25	26	29	30	34	36	40	42	45	48	51	52	53	57	58	59	66	68	69	71	72	77	78	80	82	83	87	91	93	94	98	102	103	105	108	112	121	123	124	126	130	131	132	134	140	141	142	143	145	146	148	149
55	583	435	-14	3876	4852	163	54	-1
56	583	436	10	844	1569	225	-1	57	86	0	2	3	5	6	8	11	15	19	20	21	22	24	26	27	29	30	33	35	36	37	38	40	41	47	49	50	51	52	53	54	55	57	62	64	65	66	67	68	71	72	74	77	79	81	91	94	95	97	98	99	100	101	104	105	107	108	109	110	111	112	113	114	116	118	119	120	123	124	127	128	129	130	131	132	134	136	137	138	139	140	141	144	146	147	148
57	581	439	-10	3133	3787	121	56	-1
58	104	320	13	1741	3203	225	-1	59	58	6	11	14	15	18	25	26	30	31	34	35	37	38	39	40	42	43	47	54	56	58	60	61	66	70	74	75	78	79	80	82	84	86	88	89	93	94	97	101	105	106	107	110	111	112	113	114	122	124	126	128	130	131	133	138	142	144	147
59	312	348	-13	1960	3212	188	58	-1
60	679	916	17	254	1419	182	-1	61	-1
61	863	723	-17	778	1951	107	60	-1
62	970	415	9	1897	3231	114	-1	63	-1
63	879	675	-9	3699	4849	127	62	-1
64	911	127	12	1116	2011	179	-1	65	-1
65	957	81	-12	257	1598	101	64	-1
66	604	146	15	2979	4224	129	-1	67	-1
67	571	209	-15	2507	3634	115	66	-1
68	49	373	18	1771	2839	227	-1	69	88	0	1	2	3	4	5	7	8	9	10	14	15	16	17	19	20	22	23	26	28	29	34	36	38	39	41	42	46	47	48	51	52	56	57	58	59	62	65	67	68	69	70	73	75	76	77	78	80	82	85	87	88	89	92	95	96	97	98	100	103	104	105	107	108	110	113	114	116	117	118	119	120	122	123	124	125	126	129	130	131	132	135	137	140	141	144	145	147
69	305	301	-18	3562	4660	122	68	-1
70	610	450	12	457	1690	144	-1	71	71	0	4	8	9	10	13	14	17	19	22	27	31	33	37	38	41	49	50	51	53	54	56	57	58	60	64	68	69	70	73	74	75	77	78	80	81	82	85	86	90	92	98	99	101	102	103	106	107	109	110	112	115	116	122	123	125	127	128	129	130	131	132	133	135	136	137	138	139	144	147	148
71	588	434	-12	2502	3901	225	70	-1
72	729	575	19	1667	2557	181	-1	73	64	1	3	4	5	11	12	16	17	18	20	23	25	26	27	28	30	32	34	36	39	40	41	46	47	48	50	53	55	58	60	66	67	68	71	73	76	77	78	85	86	90	92	93	97	98	103	104	108	111	112	114	116	124	125	127	129	131	133	134	139	140	141	143	146
73	579	428	-19	3660	4730	102	72	-1
74	561	214	12	13	1447	150	-1	75	85	0	1	3	4	5	7	9	11	12	13	15	16	17	18	19	21	23	26	27	31	32	33	34	35	41	42	43	44	45	46	47	48	52	53	54	55	56	57	58	60	63	67	69	72	74	75	77	78	79	80	81	83	84	85	86	91	93	101	102	106	108	109	110	116	117	118	120	122	124	125	130	131	133	134	135	136	139	140	141	143	144	145	146	147	148
75	689	215	-12	3963	4562	195	74	-1
76	444	891	18	1208	1952	100	-1	77	-1
77	599	717	-18	4066	4613	141	76	-1
78	859	721	18	1760	3250	177	-1	79	-1
79	627	733	-18	4305	4838	231	78	-1
80	393	524	19	2527	3527	149	-1	81	82	0	3	5	6	10	11	13	14	15	17	22	23	26	27	28	29	33	34	36	38	39	40	43	45	47	48	49	50	53	54	55	56	58	60	61	62	64	65	66	67	68	69	71	73	75	76	77	80	82	83	84	85	86	88	89	96	99	102	105	107	108	109	111	114	118	119	123	124	125	126	128	131	133	137	139	141	142	143	144	145	146	147
81	492	707	-19	3365	4333	245	80	-1
82	22	498	12	2614	3359	189	-1	83	-1
83	58	388	-12	2440	3546	194	82	-1
84	858	722	20	1714	2684	100	-1	85	-1
85	928	467	-20	1198	2690	235	84	-1
86	284	367	10	1419	2224	127	-1	87	52	2	4	5	9	12	13	16	18	20	26	27	32	45	46	47	55	58	60	61	63	64	67	73	76	78	79	81	84	88	91	94	96	99	100	105	106	107	110	115	116	123	124	126	127	128	129	135	136	138	141	143	147
87	225	384	-10	1483	2388	217	86	-1
88	442	179	11	1247	1988	248	-1	89	-1
89	588	63	-11	1884	2600	101	88	-1
90	509	715	11	3828	4724	194	-1	91	-1
91	521	804	-11	3116	4597	209	90	-1
92	261	897	20	3204	4369	164	-1	93	76	4	7	8	11	13	14	15	16	18	20	22	24	25	28	33	39	41	44	47	51	52	54	55	58	59	60	61	62	66	68	69	71	73	75	76	77	79	81	82	83	84	86	88	89	90	91	93	94	96	97	99	100	102	104	107	112	113	114	115	116	119	121	124	128	130	131	132	134	135	139	140	141	142	146	147	148
93	168	954	-20	3481	4596	181	92	-1
94	953	10	9	1027	2495	207	-1	95	68	4	6	7	9	10	15	17	21	22	23	26	30	31	32	33	35	36	41	43	44	45	47	48	49	52	56	58	61	63	64	65	68	71	73	75	76	77	83	92	93	96	97	98	102	105	106	107	108	109	110	112	114	115	118	121	123	125	128	131	133	134	138	140	141	142	144	145	149
95	839	253	-9	2329	3320	163	94	-1
96	261	276	9	160	1036	198	-1	97	-1
97	135	155	-9	3477	4213	140	96	-1
98	799	29	13	763	1987	183	-1	99	50	0	5	8	13	14	16	18	21	22	29	30	31	33	40	41	44	47	50	52	58	65	71	72	73	74	76	77	79	80	87	88	96	98	99	102	104	112	117	120	122	126	128	132	133	134	135	141	143	146	148
99	805	189	-13	3963	4752	144	98	-1
100	760	679	18	2270	3197	246	-1	101	57	0	2	5	7	8	13	17	19	22	26	27	28	36	38	39	44	49	50	51	55	56	57	58	63	64	67	68	69	70	80	81	84	86	88	95	96	98	99	102	103	114	115	116	119	120	121	124	129	132	134	136	137	138	139	144	145	149
101	538	838	-18	3226	4297	227	100	-1
102	808	422	15	2999	4124	202	-1	103	-1
103	638	478	-15	2503	3765	154	102	-1
104	25	413	12	2438	3782	118	-1	105	45	0	1	6	14	15	25	34	36	38	39	43	44	48	50	51	52	59	61	70	71	77	82	84	92	94	95	99	100	105	109	110	112	117	119	120	121	122	123	125	127	130	133	135	139	146
105	229	403	-12	3460	4182	214	104	-1
106	310	347	6	2096	3200	106	-1	107	-1
107	268	626	-6	3411	4703	150	106	-1
108	100	175	6	1398	2229	165	-1	109	-1
109	102	406	-6	577	2041	109	108	-1
110	584	433	12	1677	2441	163	-1	111	71	6	7	8	11	17	21	22	23	24	27	28	31	32	33	34	35	36	37	40	42	43	44	45	47	49	50	51	53	55	59	62	63	64	67	69	75	76	77	80	82	84	85	86	87	88	89	91	93	96	99	100	102	108	113	116	118	121	122	123	127	129	132	135	136	137	139	140	143	145	146	147
111	581	468	-12	1504	2538	229	110	-1
112	312	348	19	834	2141	166	-1	113	-1
113	386	526	-19	3481	4167	208	112	-1
114	514	715	14	1238	2704	238	-1	115	-1
115	509	715	-14	1199	2675	161	114	-1
116	679	634	19	3163	4044	108	-1	117	-1
117	547	696	-19	3489	4691	102	116	-1
118	120	792	14	677	1715	114	-1	119	-1
119	91	616	-14	2419	3879	202	118	-1
120	523	710	18	1859	2439	241	-1	121	-1
121	411	866	-18	1758	2567	159	120	-1
122	601	723	20	563	1461	195	-1	123	-1
123	549	518	-20	1101	1929	205	122	-1
124	191	851	20	511	1667	116	-1	125	-1
125	170	676	-20	529	2025	162	124	-1
126	168	500	10	2266	3699	164	-1	127	66	2	3	7	11	18	19	21	23	24	25	29	30	31	32	35	41	42	44	46	50	62	65	66	72	73	74	76	78	79	80	82	84	85	87	89	91	94	95	97	99	101	102	104	106	110	111	114	117	119	120	122	123	124	127	128	130	131	134	135	136	137	139	140	142	143	147
127	304	337	-10	2316	3040	244	126	-1
128	601	706	19	707	1997	218	-1	129	46	1	3	4	5	6	8	12	17	27	28	29	31	33	38	40	42	43	54	62	64	66	67	69	72	73	75	77	82	87	89	91	95	96	107	111	114	119	125	127	130	136	137	138	144	147	149
129	509	715	-19	824	1696	133	128	-1
130	841	963	7	1727	2374	151	-1	131	48	4	7	9	10	12	16	20	21	25	27	31	35	36	37	39	43	47	48	52	53	54	55	56	57	65	77	81	83	84	98	102	103	104	105	107	108	109	110	119	126	128	130	132	137	139	140	142	148
131	867	720	-7	2752	3992	208	130	-1
132	256	258	18	1973	2781	191	-1	133	83	0	1	2	3	7	9	12	13	14	17	18	20	22	24	26	29	30	31	33	39	41	43	45	52	54	56	58	59	60	61	62	64	65	66	67	68	69	70	71	72	73	76	78	79	82	83	84	87	88	89	90	94	95	98	99	100	101	102	103	104	105	106	107	108	109	110	111	113	115	116	121	122	129	130	131	132	133	135	136	138	139	142	145
133	417	188	-18	2557	3870	182	132	-1
134	521	413	18	2924	3667	196	-1	135	-1
135	315	345	-18	2386	3529	124	134	-1
136	957	800	19	2247	3685	122	-1	137	57	0	5	11	12	14	17	19	22	25	31	32	33	35	36	41	42	45	46	50	52	55	57	60	61	62	63	65	69	70	75	76	78	83	84	86	90	92	94	95	100	101	103	114	116	118	119	120	121	127	129	135	142	143	144	146	147	148
137	984	811	-19	2765	3572	102	136	-1
138	600	591	14	2816	3510	210	-1	139	47	1	12	13	19	23	25	26	27	30	38	40	43	45	51	52	58	60	63	67	73	79	81	82	83	84	86	88	95	100	102	105	106	107	111	114	129	130	131	135	136	137	139	140	141	144	145	146
139	510	713	-14	3151	3656	103	138	-1
140	420	899	6	8	1225	172	-1	141	-1
141	579	706	-6	332	1694	164	140	-1
142	96	792	6	1032	2458	225	-1	143	62	2	4	9	11	13	16	19	20	21	23	25	28	31	32	37	40	41	42	44	45	50	51	58	59	60	62	63	64	66	67	72	74	76	78	83	85	86	87	88	89	90	91	92	93	100	101	102	103	110	111	112	114	115	122	123	128	131	133	137	142	143	145
143	344	707	-6	731	2016	227	142	-1
144	600	660	13	2226	3723	209	-1	145	56	0	5	11	13	18	19	20	23	27	30	31	35	41	42	44	45	46	47	50	51	57	59	60	63	66	71	72	74	75	76	82	85	88	91	94	99	101	102	109	115	117	118	123	124	132	133	134	135	136	137	138	139	140	142	144	145
145	563	615	-13	2944	4075	147	144	-1
146	718	252	7	2597	3452	202	-1	147	-1
147	582	20	-7	2101	3381	141	146	-1
148	585	435	17	800	2098	108	-1	149	-1
149	584	423	-17	3195	4202	139	148	-1
150	631	574	8	525	1488	158	-1	151	-1
151	502	711	-8	955	2041	239	150	-1
152	542	435	12	264	1655	113	-1	153	-1
153	599	272	-12	973	2208	160	152	-1
154	308	386	10	3582	4166	148	-1	155	70	2	3	4	5	7	8	9	11	15	16	17	18	20	21	22	25	26	29	31	37	38	39	42	43	44	45	47	53	54	60	61	62	66	67	68	76	78	83	84	86	87	88	90	93	95	98	100	105	107	108	110	112	113	114	115	116	123	124	127	128	130	131	134	135	137	139	140	143	147	148
155	318	337	-10	3385	4214	183	154	-1
156	57	827	8	703	1759	223	-1	157	-1
157	171	570	-8	296	1695	221	156	-1
158	928	938	12	764	1710	188	-1	159	55	0	1	3	7	9	16	17	21	22	27	31	37	38	39	41	43	45	46	47	54	56	57	59	61	63	64	65	66	68	70	75	77	79	82	83	86	87	90	91	98	99	100	107	109	110	117	123	130	132	133	135	137	139	144	148
159	847	715	-12	3490	4537	190	158	-1
160	693	106	11	1764	2812	221	-1	161	75	1	2	3	8	10	12	13	16	17	19	21	24	26	27	31	32	33	34	36	39	41	43	44	45	50	51	53	55	57	58	59	61	66	67	68	71	72	73	76	77	78	79	81	82	84	87	88	89	94	95	97	98	101	108	109	110	111	112	113	116	117	122	123	124	125	126	127	131	132	133	136	138	139	142	144
161	884	88	-11	1365	2592	121	160	-1
162	414	441	18	1162	2265	147	-1	163	-1
163	321	341	-18	3675	4910	110	162	-1
164	745	635	15	1347	2747	107	-1	165	80	6	7	8	9	12	13	15	16	19	20	21	24	25	26	27	28	29	31	33	34	35	36	39	41	42	44	48	49	51	52	55	58	61	64	66	68	70	74	76	77	78	79	80	81	83	84	86	87	88	90	91	92	94	95	96	97	99	100	101	105	106	108	111	112	115	117	118	119	120	123	125	129	131	133	138	140	141	146	148	149
165	487	746	-15	2742	3265	137	164	-1
166	56	385	19	2765	3552	214	-1	167	-1
167	152	384	-19	2438	3347	215	166	-1
168	592	212	6	2175	2908	148	-1	169	-1
169	575	446	-6	3283	4707	114	168	-1
170	960	369	16	736	1239	132	-1	171	-1
171	836	402	-16	1047	2242	135	170	-1
172	500	719	12	41	1293	101	-1	173	74	1	2	3	4	7	8	9	13	15	16	18	20	21	23	24	25	27	32	33	35	42	44	47	49	55	58	61	62	65	66	68	69	70	72	73	76	77	78	81	83	85	86	88	90	93	95	97	98	101	102	103	104	105	109	110	113	114	117	119	120	121	125	126	127	128	129	130	134	136	137	139	141	145	148
173	436	891	-12	3789	4323	184	172	-1
174	489	707	16	1178	2489	200	-1	175	-1
175	429	606	-16	1924	2957	226	174	-1
176	325	269	15	287	1373	122	-1	177	-1
177	567	195	-15	3381	4655	167	176	-1
178	127	321	20	2246	3638	129	-1	179	73	0	2	4	11	12	14	16	17	19	20	21	22	23	25	26	32	34	36	37	38	39	41	43	46	48	49	53	54	55	56	57	62	63	64	74	75	76	79	81	82	83	86	87	92	93	98	99	103	105	106	107	108	111	113	114	116	120	121	122	125	127	128	129	130	132	134	135	136	142	143	144	146	147
179	407	313	-20	2414	3212	142	178	-1
180	699	797	9	146	1182	228	-1	181	54	3	4	5	8	10	19	21	25	31	32	33	35	39	40	46	47	48	52	53	54	57	59	61	62	65	66	70	73	77	84	86	90	93	94	102	106	107	111	113	114	115	117	119	124	127	128	129	130	133	135	136	138	145	146
181	559	730	-9	1921	2658	189	180	-1
182	863	185	9	156	1640	105	-1	183	-1
183	961	0	-9	4220	4823	140	182	-1
184	416	885	16	1486	2718	229	-1	185	47	1	3	4	5	6	7	21	22	24	25	29	34	36	38	42	44	45	48	60	61	64	70	73	82	83	89	97	98	101	105	106	112	114	116	117	120	124	126	127	131	135	136	137	138	143	144	148
185	490	724	-16	1380	2738	238	184	-1
186	354	539	7	1962	3161	125	-1	187	-1
187	307	350	-7	1796	2698	192	186	-1
188	329	984	10	685	1971	191	-1	189	57	1	5	8	9	10	12	13	15	17	20	22	24	32	35	38	40	43	47	48	51	58	61	63	66	67	68	72	85	86	87	88	89	95	96	100	104	105	107	109	110	111	114	119	122	124	126	127	128	129	131	133	134	136	138	139	142	147
189	553	857	-10	1310	2199	158	188	-1
190	451	903	20	1268	2106	126	-1	191	-1
191	439	1000	-20	1688	2864	211	190	-1
192	719	425	8	2406	3809	157	-1	193	-1
193	766	430	-8	2204	3191	178	192	-1
194	810	884	17	776	1747	114	-1	195	56	3	4	7	8	12	13	17	19	21	22	24	27	30	38	44	45	46	49	52	62	68	71	74	77	78	79	80	83	87	88	89	92	98	99	100	101	102	104	105	108	112	115	116	120	122	124	127	133	134	135	140	141	144	145	147	148
195	599	717	-17	2494	3765	226	194	-1
196	6	129	17	885	1995	218	-1	197	52	2	4	5	11	12	13	17	20	28	31	32	37	38	54	56	57	59	62	64	65	67	70	71	74	75	76	77	86	92	94	96	97	98	100	107	108	109	113	115	117	119	125	127	129	131	132	140	141	142	146	148	149
197	88	390	-17	2438	3654	187	196	-1
198	572	724	14	508	1931	106	-1	199	50	1	2	8	10	21	25	27	28	30	32	34	35	41	42	46	47	49	51	52	57	64	65	68	69	77	81	82	85	86	87	91	93	96	100	101	104	108	109	111	112	114	115	123	131	133	136	138	144	145	146
199	595	672	-14	501	1904	243	198	-1
200	497	723	12	1542	2096	113	-1	201	88	1	2	3	5	6	8	10	11	12	13	14	15	16	17	18	20	21	26	27	31	32	35	36	38	39	40	43	45	47	48	54	56	57	60	61	62	63	65	68	69	70	72	73	75	76	77	80	81	82	85	86	88	89	90	91	92	94	96	97	101	105	106	108	109	110	114	115	116	117	118	121	122	125	126	128	129	131	132	133	134	135	139	140	141	142	143	145	148
201	391	898	-12	2470	3237	137	200	-1
202	898	393	13	429	1802	209	-1	203	75	2	3	8	11	12	13	14	17	18	20	21	24	26	28	35	36	37	38	40	42	45	47	48	49	50	52	53	55	59	62	65	67	73	77	79	80	83	84	85	86	90	91	93	94	95	96	97	98	99	100	101	103	104	106	110	111	112	113	114	116	118	119	120	122	125	127	129	130	135	140	143	146	147	148	149
203	998	227	-13	2785	4109	120	202	-1
204	913	0	8	1042	1562	123	-1	205	-1
205	906	192	-8	3475	4238	101	204	-1
206	165	808	9	265	1180	127	-1	207	-1
207	302	638	-9	1561	2225	137	206	-1
208	22	265	6	1262	2434	153	-1	209	-1
209	28	159	-6	1519	2237	103	208	-1
210	335	395	18	1374	2479	122	-1	211	-1
211	59	385	-18	3619	4414	105	210	-1
212	867	750	20	3543	4424	178	-1	213	49	0	1	8	18	20	21	24	26	27	32	34	36	44	46	48	51	53	55	59	65	67	72	77	81	83	86	89	93	100	103	104	108	109	110	111	117	118	120	123	124	125	134	140	143	144	146	147	148	149
213	599	717	-20	3684	4390	177	212	-1
214	866	740	16	900	1534	138	-1	215	79	2	3	4	5	6	8	11	16	17	22	23	26	27	28	29	30	31	32	35	37	39	40	41	42	43	45	47	50	53	55	56	57	58	59	62	64	66	68	72	73	75	76	78	81	87	88	90	91	93	98	100	101	102	103	104	107	110	112	114	116	117	119	120	122	125	127	129	130	131	132	133	134	135	136	138	140	145	146	148
215	726	722	-16	1779	2965	173	214	-1
216	476	109	17	947	1637	162	-1	217	69	3	4	6	7	9	13	16	17	18	22	24	26	27	30	31	35	36	38	39	40	43	44	47	50	51	54	56	61	63	64	65	68	71	72	76	79	80	83	84	85	89	90	93	94	95	96	99	100	105	107	109	111	112	114	117	118	119	120	123	124	126	128	130	135	137	138	139	141	145
217	709	144	-17	920	2324	122	216	-1
218	312	348	15	518	1967	224	-1	219	-1
219	283	470	-15	182	1465	131	218	-1
220	61	199	10	3165	3774	145	-1	221	58	3	4	8	10	12	21	27	28	35	40	41	42	48	49	50	54	55	62	63	65	68	70	72	74	75	77	78	85	87	89	92	94	96	97	98	100	101	104	106	108	110	112	113	114	115	117	118	121	124	130	131	133	134	138	139	140	142	143
221	287	354	-10	4370	4905	170	220	-1
222	605	711	18	2865	3466	105	-1	223	64	2	5	11	12	13	15	17	19	23	27	28	34	35	39	40	41	43	45	47	49	52	54	55	57	58	59	60	61	69	74	77	80	82	83	85	87	91	93	94	95	97	101	102	103	105	106	108	111	114	117	119	123	127	133	134	138	139	140	142	143	144	145	148	149
223	581	435	-18	3847	4597	116	222	-1
224	854	721	7	1786	2491	125	-1	225	49	2	3	4	9	12	16	22	28	31	33	34	38	40	46	47	50	52	54	55	56	61	64	65	72	80	86	90	91	93	95	97	108	109	111	113	120	121	123	125	128	130	132	133	134	135	137	140	142	143
225	608	710	-7	1880	2602	186	224	-1
226	354	379	9	837	2106	246	-1	227	-1
227	76	409	-9	1249	2132	101	226	-1
228	85	335	6	1137	2414	121	-1	229	59	0	3	4	11	12	16	19	20	21	22	23	24	26	27	32	33	34	35	36	41	42	45	47	48	49	55	57	58	59	65	68	71	72	74	77	82	87	103	104	105	110	112	113	114	116	121	124	125	126	131	133	134	136	137	138	139	145	146	148
229	57	382	-6	2455	3832	158	228	-1
230	297	693	14	875	1496	205	-1	231	-1
231	517	626	-14	541	1881	217	230	-1
232	654	546	10	3100	4552	159	-1	233	73	2	3	9	12	13	16	17	18	23	24	25	29	30	32	34	38	43	44	45	46	47	53	57	59	61	62	64	65	67	68	71	73	74	75	82	83	84	86	88	90	91	93	94	95	96	97	99	101	104	107	108	110	111	114	115	116	118	120	121	123	125	126	127	128	130	131	134	138	139	145	146	147	149
233	554	693	-10	2902	3652	144	232	-1
234	585	73	11	1236	2028	196	-1	235	-1
235	652	214	-11	4104	4867	127	234	-1
236	421	901	18	885	2370	138	-1	237	58	2	4	5	8	10	13	14	17	19	20	22	25	27	32	35	38	39	44	46	47	48	49	52	58	60	66	67	68	73	76	77	78	85	86	90	91	94	96	99	101	104	107	108	109	111	114	116	121	122	125	127	129	130	132	140	143	145	149
237	545	743	-18	3835	4823	183	236	-1
238	854	602	9	1715	2319	152	-1	239	-1
239	655	645	-9	3984	4700	235	238	-1
240	902	714	16	2719	3880	102	-1	241	-1
241	937	674	-16	2918	3813	215	240	-1
242	644	818	19	2011	3058	166	-1	243	-1
243	408	707	-19	1926	2887	147	242	-1
244	247	370	14	3175	4145	206	-1	245	-1
245	337	343	-14	2998	4486	226	244	-1
246	854	155	12	3242	3933	231	-1	247	82	7	8	11	12	17	18	19	20	23	24	26	27	31	35	36	38	40	41	42	44	45	46	48	49	52	53	56	57	59	60	62	63	65	66	69	70	72	73	74	75	76	77	79	80	82	83	84	85	87	88	89	91	93	97	98	99	102	104	106	108	109	116	117	119	120	122	124	125	126	127	128	129	132	133	137	138	140	141	143	144	148	149
247	786	10	-12	4057	4694	187	246	-1
248	942	880	14	941	2019	153	-1	249	-1
249	859	707	-14	1149	2319	192	248	-1
250	41	374	17	2122	2749	158	-1	251	66	0	2	4	6	10	12	13	15	18	19	20	23	24	26	30	31	32	33	34	37	39	42	43	44	51	53	55	56	57	58	60	61	62	64	66	68	71	75	77	78	79	84	85	91	92	93	102	107	109	111	113	117	119	122	123	125	126	127	132	133	135	136	137	141	144	149
251	128	577	-17	3375	4095	151	250	-1
252	668	390	8	817	1565	194	-1	253	63	4	5	6	7	12	13	14	16	18	19	21	22	27	29	30	32	33	34	35	36	41	45	46	48	52	54	56	59	65	72	75	76	77	82	89	90	91	94	95	98	99	104	105	106	113	115	117	118	119	123	125	126	127	130	131	136	137	138	139	143	144	147	148
253	925	311	-8	3413	4653	236	252	-1
254	818	634	10	517	1462	193	-1	255	-1
255	861	465	-10	3878	4914	240	254	-1
256	388	338	6	1316	2206	103	-1	257	49	3	6	11	14	16	23	25	26	27	32	34	36	38	41	42	45	48	51	53	54	55	56	57	59	64	65	70	71	73	75	83	85	86	101	102	104	111	118	121	125	126	131	133	135	138	139	142	143	146
257	176	451	-6	877	1970	147	256	-1
258	929	805	10	821	2163	179	-1	259	-1
259	691	899	-10	206	1693	201	258	-1
260	883	19	13	3233	4497	221	-1	261	60	1	7	8	11	12	14	16	17	19	21	23	25	28	29	30	31	34	37	38	41	43	46	47	48	56	58	60	68	71	74	76	80	81	83	85	86	89	92	94	99	100	104	105	106	107	108	111	113	117	119	120	123	128	132	135	139	142	143	147	148
261	885	4	-13	3458	4682	215	260	-1
262	722	764	14	438	1046	105	-1	263	53	5	7	10	11	12	17	19	23	27	29	33	34	37	38	39	40	47	48	49	54	56	61	64	65	69	70	72	75	76	77	78	80	87	88	89	92	93	94	98	100	101	107	111	112	115	116	122	127	128	131	140	144	147
263	512	781	-14	3246	4215	176	262	-1
264	640	338	13	1007	1513	182	-1	265	-1
265	573	446	-13	1251	2362	194	264	-1
266	868	169	10	2618	3940	202	-1	267	-1
267	771	38	-10	2802	3738	182	266	-1
268	978	346	9	1929	2824	222	-1	269	-1
269	972	209	-9	3192	4329	220	268	-1
270	583	400	10	306	1405	109	-1	271	89	0	2	5	7	8	9	12	13	14	16	18	19	20	21	22	23	24	26	31	32	33	34	35	37	38	40	41	42	43	44	45	46	47	48	49	50	52	56	58	59	60	61	62	63	66	67	68	69	70	71	73	76	77	79	80	85	86	87	89	90	92	93	94	95	98	100	103	107	109	111	112	113	115	117	118	119	123	124	127	129	130	132	136	137	140	142	143	144	148
271	557	195	-10	1021	2213	174	270	-1
272	878	725	19	435	1261	194	-1	273	-1
273	825	487	-19	2313	3020	112	272	-1
274	56	387	6	645	1229	145	-1	275	62	1	3	10	11	12	13	20	21	23	24	25	26	30	32	33	34	35	38	40	41	43	48	49	50	55	60	61	62	63	68	74	75	78	79	80	81	83	86	91	93	94	97	102	103	109	110	112	113	114	117	120	121	124	128	129	130	131	137	138	140	143	148
275	122	413	-6	1399	2665	100	274	-1
276	312	348	7	898	1877	235	-1	277	77	0	2	4	6	8	9	12	14	18	19	20	21	22	23	26	27	30	32	33	34	35	36	38	42	43	45	47	48	49	50	53	54	55	56	59	62	63	64	66	67	71	73	79	82	84	86	87	90	91	93	94	101	102	104	106	107	108	112	116	117	118	121	122	123	125	126	130	131	136	137	140	141	143	146	147	148	149
277	565	470	-7	2645	4123	124	276	-1
278	594	431	9	1269	2705	193	-1	279	-1
279	360	572	-9	3233	4119	117	278	-1
280	886	19	11	1269	1780	238	-1	281	-1
281	833	9	-11	2020	3438	210	280	-1
282	777	286	18	1216	2598	128	-1	283	64	6	8	12	13	16	18	19	21	24	28	29	30	31	33	35	36	37	39	40	45	46	47	49	51	52	53	56	58	62	65	67	71	72	73	76	77	82	85	87	90	93	95	104	106	107	109	110	112	115	116	117	119	123	124	125	127	128	129	134	138	139	144	146	149
283	584	442	-18	1728	2238	132	282	-1
284	342	16	11	358	1536	149	-1	285	87	1	2	3	4	6	7	9	10	11	13	18	19	21	23	25	26	27	28	30	33	35	36	37	38	40	42	43	48	51	52	53	54	55	57	58	59	60	64	66	68	69	70	71	72	73	74	76	83	84	85	86	90	91	92	93	94	95	96	98	101	102	105	109	111	114	115	116	117	118	119	122	123	125	127	129	131	133	135	136	138	139	140	141	142	143	145	147
285	104	82	-11	3889	4846	214	284	-1
286	40	509	6	1481	2938	148	-1	287	88	2	3	6	9	10	12	13	15	16	17	18	19	20	22	23	25	26	27	28	30	31	32	33	34	36	38	40	42	43	44	45	47	49	51	53	55	56	57	60	62	63	64	65	66	68	69	70	71	74	77	78	79	80	81	82	83	84	86	89	90	91	92	93	94	95	100	103	104	108	109	110	111	113	115	116	119	121	122	123	125	129	133	134	135	136	139	143	146
287	21	443	-6	1788	2468	165	286	-1
288	366	20	16	1499	2099	164	-1	289	-1
289	535	141	-16	3908	4497	133	288	-1
290	861	731	11	1884	3263	228	-1	291	-1
291	860	727	-11	3164	4331	164	290	-1
292	349	548	15	1378	2583	203	-1	293	-1
293	389	484	-15	1277	2585	249	292	-1
294	426	987	10	55	724	225	-1	295	83	1	2	4	5	7	8	9	10	12	14	15	16	18	20	23	24	25	26	27	28	29	30	31	32	34	35	36	37	42	43	46	47	50	53	54	56	58	62	63	64	65	66	67	68	69	72	73	75	76	77	78	79	80	81	82	83	84	86	89	93	94	97	98	99	101	103	104	106	109	110	113	114	115	116	120	127	129	134	135	140	143	146	149
295	421	981	-10	2446	3883	113	294	-1
296	849	727	15	1726	3193	222	-1	297	79	0	2	7	8	9	10	11	12	14	15	17	18	21	24	25	28	29	33	35	37	38	40	42	43	47	48	56	57	58	60	62	64	65	66	67	70	71	73	77	80	81	82	84	86	88	91	93	96	97	98	100	101	103	104	106	109	110	111	113	115	116	118	119	120	121	122	123	126	128	130	131	132	134	136	137	139	142	145	146
297	861	593	-15	2269	2845	193	296	-1
298	327	346	7	2124	2748	203	-1	299	-1
299	352	304	-7	3158	4578	148	298	-1
300	758	801	15	618	1400	246	-1	301	51	2	5	11	18	22	26	30	32	34	42	48	52	53	54	58	61	64	68	70	72	75	76	78	81	85	86	88	91	92	97	98	100	102	103	104	107	108	109	113	114	115	121	122	123	125	130	133	137	138	142	148
301	707	953	-15	3527	4592	194	300	-1
302	328	527	12	2828	3710	104	-1	303	-1
303	310	679	-12	3620	4297	186	302	-1
304	470	656	16	2268	3132	248	-1	305	50	1	2	7	25	26	27	29	31	33	35	36	40	45	49	54	57	59	64	66	67	69	71	72	73	75	83	85	88	92	95	96	97	98	99	102	103	104	108	109	121	122	125	127	130	131	135	140	141	143	144
305	564	429	-16	2993	4078	132	304	-1
306	329	628	18	1011	1698	220	-1	307	61	5	6	8	9	10	12	16	17	19	22	23	28	29	31	34	35	38	40	42	43	48	50	52	53	56	60	64	72	73	82	84	85	86	89	91	93	94	95	96	97	99	102	104	109	111	112	114	120	121	122	126	127	130	134	137	139	140	141	142	143	147
307	489	418	-18	2323	3500	224	306	-1
308	421	901	10	1738	2574	130	-1	309	-1
309	508	710	-10	1709	3154	158	308	-1
310	318	346	9	1856	3231	142	-1	311	61	3	5	7	9	17	18	19	26	27	28	37	38	39	42	43	46	47	48	49	50	54	58	62	63	66	68	70	71	72	75	76	77	78	79	83	85	86	93	94	100	101	102	104	108	109	111	113	115	119	123	129	130	131	132	133	135	136	140	145	148	149
311	152	326	-9	2356	2990	203	310	-1
312	473	682	12	927	2211	221	-1	313	63	6	7	8	9	12	14	15	19	22	23	24	25	26	27	28	29	30	34	35	38	39	43	47	48	53	54	57	59	64	65	66	67	71	72	80	82	86	89	92	93	95	96	98	99	103	105	107	108	111	113	115	119	122	123	125	126	129	131	132	133	136	147	148
313	398	915	-12	2394	2914	158	312	-1
314	178	901	7	1848	2967	203	-1	315	69	0	3	5	6	8	17	19	22	24	29	30	33	34	35	37	41	44	46	47	48	50	51	52	53	54	55	60	61	64	65	66	68	73	74	75	79	84	85	86	87	90	91	92	93	94	97	98	104	107	111	113	114	116	119	120	123	125	126	127	128	130	131	132	134	135	138	141	145	147
315	403	798	-7	1377	2519	148	314	-1
316	385	932	10	1418	2866	171	-1	317	70	1	2	3	4	5	6	13	14	15	17	20	21	23	26	27	28	29	34	36	37	38	41	42	43	44	47	48	50	51	52	53	54	55	56	60	61	63	64	65	71	74	76	77	80	84	86	89	91	97	98	101	102	103	104	105	111	113	115	117	119	120	121	123	126	128	129	133	138	139	146
317	550	732	-10	1105	2449	196	316	-1
318	992	883	19	121	1598	114	-1	319	-1
319	833	926	-19	502	1154	218	318	-1
320	7	164	9	367	982	121	-1	321	55	4	8	9	11	13	14	15	17	21	24	26	28	29	34	37	42	43	46	55	56	57	58	61	65	67	71	76	77	80	82	83	86	88	91	95	96	98	100	101	105	110	111	113	114	117	120	121	130	132	134	138	139	140	141	144
321	47	377	-9	787	2178	181	320	-1
322	902	580	10	1612	2164	249	-1	323	80	3	4	5	7	12	15	16	21	23	24	26	29	35	37	39	40	42	44	47	49	50	51	52	55	56	57	58	60	61	64	65	66	68	69	71	72	73	74	75	76	78	79	83	88	90	91	92	93	94	95	96	97	98	101	102	104	107	109	111	112	113	115	117	119	121	122	123	124	125	126	127	131	133	134	139	140	141	142	145	148
323	756	394	-10	1634	3073	234	322	-1
324	421	900	14	1754	2445	244	-1	325	46	1	6	9	11	14	15	16	20	23	30	33	34	36	38	46	47	49	50	55	56	64	65	69	72	74	79	92	94	99	101	102	104	109	110	111	113	116	119	123	126	127	128	133	140	143	144
325	510	715	-14	3600	4626	197	324	-1
326	951	547	16	1057	1593	183	-1	327	81	2	3	5	7	9	11	15	16	17	19	20	21	22	23	25	27	29	31	32	34	35	37	39	41	43	45	46	47	50	52	55	58	59	60	63	64	65	66	69	71	72	73	80	81	83	84	86	87	88	89	90	91	92	94	95	97	98	99	101	102	104	105	110	111	112	113	115	117	120	125	127	130	131	134	135	136	137	141	142	143	145
327	963	372	-16	689	2158	199	326	-1
328	352	446	14	1093	1689	137	-1	329	88	0	1	2	3	4	5	6	8	10	12	15	16	17	18	20	23	24	27	30	34	35	36	37	38	41	42	43	45	47	48	49	50	52	53	57	58	59	61	66	69	70	71	72	73	74	75	77	78	79	80	81	82	83	84	86	87	89	90	91	92	94	95	96	97	98	99	100	101	108	109	116	117	119	120	121	128	132	133	134	135	136	140	142	143	144	145	148	149
329	79	395	-14	2261	3469	236	328	-1
330	939	53	18	1685	2520	187	-1	331	81	4	6	7	10	11	12	16	17	18	19	20	21	22	23	24	26	27	29	31	32	33	34	37	39	40	41	45	47	48	50	51	52	54	56	57	58	60	61	62	63	64	66	74	75	77	78	79	82	84	86	88	89	91	94	95	100	101	102	103	105	106	109	113	116	119	120	121	122	125	127	130	131	133	135	136	139	141	143	144	145	148
331	893	19	-18	3188	4608	159	330	-1
332	379	298	13	822	2223	171	-1	333	-1
333	505	504	-13	3035	4380	112	332	-1
334	528	52	15	572	1538	151	-1	335	72	1	2	3	6	8	9	10	11	14	15	16	23	24	25	27	28	30	32	33	34	35	37	39	41	45	49	52	53	54	59	61	62	64	65	70	72	73	78	79	81	83	84	89	90	93	96	98	100	102	103	104	107	112	113	116	117	121	122	123	124	125	126	128	129	132	133	139	142	144	145	146	148
335	574	205	-15	1303	2495	205	334	-1
336	505	833	11	2835	3779	101	-1	337	58	0	7	10	11	14	15	16	21	23	29	31	32	33	43	44	45	46	50	51	54	55	56	57	59	63	64	66	67	69	74	75	76	81	85	89	90	91	92	97	98	99	100	103	104	105	110	113	116	118	122	125	126	127	129	141	146	148	149
337	594	726	-11	3051	3572	208	336	-1
338	770	446	5	548	1503	106	-1	339	53	0	1	5	8	13	16	19	20	21	22	23	24	25	27	28	29	32	38	41	42	44	45	51	55	58	60	70	76	79	84	88	90	92	93	94	95	104	116	120	121	123	124	127	129	130	131	133	141	142	143	145	146	148
339	912	495	-5	3143	3697	237	338	-1
340	547	143	16	3595	4977	129	-1	341	-1
341	692	309	-16	4128	4909	113	340	-1
342	930	40	11	1810	2591	227	-1	343	77	1	2	3	5	7	11	14	15	16	17	19	21	22	25	26	27	29	31	33	35	39	40	42	43	44	45	46	48	51	52	55	56	60	62	67	68	69	70	71	72	73	74	76	77	78	80	81	82	84	86	87	88	90	92	93	96	100	101	103	106	107	109	111	114	116	119	120	122	124	125	127	135	137	139	141	143	147
343	813	0	-11	3333	4195	169	342	-1
344	599	717	11	3164	4210	214	-1	345	-1
345	423	893	-11	4078	4943	178	344	-1
346	557	195	18	2823	3494	101	-1	347	-1
347	622	197	-18	3145	3961	241	346	-1
348	874	466	11	3315	4107	143	-1	349	48	0	2	3	5	8	10	20	24	30	41	46	47	48	50	52	53	54	60	61	69	70	73	74	77	81	85	87	88	89	95	96	104	105	108	109	110	111	117	121	122	124	127	128	135	138	140	142	148
349	872	625	-11	3996	4776	152	348	-1
350	873	31	12	937	1904	129	-1	351	-1
351	739	88	-12	1273	2014	247	350	-1
352	286	572	18	1247	1981	112	-1	353	88	0	2	3	4	5	7	8	10	11	15	16	19	20	21	22	23	24	25	26	27	28	29	32	34	36	39	42	44	45	46	47	51	53	54	58	59	60	61	62	63	66	69	73	76	77	80	82	83	84	85	86	87	89	90	92	94	95	96	99	101	102	104	105	106	107	108	109	110	111	112	114	115	117	118	120	122	123	125	126	128	129	132	137	138	140	146	147	148
353	330	340	-18	1611	2416	199	352	-1
354	608	344	8	140	906	108	-1	355	79	2	3	4	7	8	12	13	17	19	23	27	28	31	33	35	36	37	38	40	43	44	45	47	48	50	52	53	54	57	60	64	66	67	68	69	70	73	76	77	79	81	82	83	84	87	88	90	93	94	95	97	98	99	100	101	103	105	106	107	113	115	117	118	119	120	122	123	124	125	128	134	135	139	140	141	143	147	148	149
355	344	332	-8	1995	3489	184	354	-1
356	560	255	19	1426	2452	232	-1	357	-1
357	671	361	-19	3208	4519	109	356	-1
358	317	865	6	499	1338	113	-1	359	-1
359	363	915	-6	1160	2006	202	358	-1
360	625	294	16	1614	2478	205	-1	361	88	1	2	5	6	7	8	9	10	11	12	14	16	18	19	20	23	27	28	29	31	33	34	37	40	41	42	43	44	45	48	49	51	52	54	59	60	61	64	65	67	70	74	75	76	77	78	79	80	81	82	83	87	88	89	91	92	94	96	97	98	102	104	105	107	108	113	114	116	117	119	121	123	125	126	128	129	130	133	134	135	136	137	138	139	140	142	144	145
361	616	450	-16	3653	4992	100	360	-1
362	19	567	9	3902	4976	207	-1	363	-1
363	2	545	-9	3870	4614	181	362	-1
364	409	93	13	2149	3236	140	-1	365	-1
365	374	312	-13	4315	4938	240	364	-1
366	589	437	10	1165	2349	119	-1	367	-1
367	602	192	-10	657	1775	146	366	-1
368	276	341	6	1417	2236	104	-1	369	80	1	3	4	5	7	8	9	11	12	16	19	20	21	23	24	26	27	29	31	33	34	35	37	39	42	43	45	46	48	51	52	54	55	56	60	61	64	66	75	79	81	82	83	84	86	87	88	89	90	94	95	97	99	100	101	104	105	107	113	114	116	117	118	119	120	123	124	126	127	131	132	134	135	136	137	138	140	144	146	148
369	55	380	-6	1536	2527	100	368	-1
370	748	958	15	1250	2698	167	-1	371	63	0	3	5	6	10	11	13	17	18	19	20	21	23	24	26	27	28	29	31	37	40	41	46	54	58	59	60	62	65	66	71	72	74	76	77	80	81	84	91	92	95	96	99	101	104	105	108	109	110	112	115	118	129	130	132	133	134	135	137	138	139	140	144
371	872	706	-15	1148	2474	181	370	-1
372	583	435	10	708	1628	187	-1	373	-1
373	536	400	-10	2805	3585	165	372	-1
374	125	105	9	1293	2263	176	-1	375	86	2	4	6	7	8	10	11	12	13	14	15	18	19	21	22	23	28	29	30	35	36	39	41	45	47	48	49	53	54	55	56	57	60	61	62	65	66	67	68	69	72	76	77	78	79	80	81	84	86	87	88	89	91	94	95	96	97	98	101	103	104	105	106	107	111	114	116	119	120	121	125	126	127	128	129	130	131	132	137	138	139	140	142	145	146	147
375	217	335	-9	3528	4794	222	374	-1
376	193	734	14	1896	2482	201	-1	377	-1
377	216	526	-14	2098	2866	149	376	-1
378	591	176	11	789	1575	132	-1	379	73	6	9	12	17	18	21	23	24	25	28	32	33	34	35	36	37	40	42	44	46	48	49	50	51	52	56	61	63	64	65	67	68	69	70	71	72	73	75	76	77	78	81	82	83	84	86	87	93	95	98	103	105	106	107	109	111	112	113	116	119	123	126	127	129	130	131	137	139	140	142	143	145	148
379	574	207	-11	756	1913	174	378	-1
380	697	372	5	478	1377	133	-1	381	78	0	2	7	8	9	11	13	15	17	18	20	21	22	23	25	26	27	28	31	32	33	35	37	38	39	40	41	42	47	48	51	53	55	58	59	60	64	69	72	73	76	77	78	79	85	86	87	88	89	90	91	92	93	94	96	98	100	104	106	108	110	111	117	120	121	125	126	127	130	134	135	136	140	144	145	146	148	149
381	971	378	-5	1410	1965	169	380	-1
382	267	804	10	1838	3165	192	-1	383	-1
383	166	882	-10	3507	4033	171	382	-1
384	355	689	18	1466	2067	236	-1	385	-1
385	606	761	-18	4157	4710	122	384	-1
386	584	435	18	1731	2815	212	-1	387	79	1	2	4	5	6	7	8	10	11	13	14	16	17	18	20	21	24	27	29	33	35	38	39	44	45	47	50	53	54	60	61	62	64	65	70	71	73	76	79	80	81	84	85	86	91	92	93	96	97	98	99	102	103	104	105	106	108	112	114	115	117	118	120	123	127	128	129	130	131	134	135	140	141	142	144	145	146	148	149
387	581	330	-18	2783	3385	152	386	-1
388	506	719	12	782	1346	224	-1	389	-1
389	652	551	-12	3105	3650	249	388	-1
390	559	173	9	1623	2465	149	-1	391	53	0	3	5	7	8	12	13	15	16	18	21	22	25	27	30	33	36	38	40	44	48	50	52	55	60	62	64	68	76	79	81	82	86	91	97	101	103	104	106	107	110	112	114	115	122	124	129	137	138	140	142	147	148
391	428	96	-9	2936	3917	173	390	-1
392	715	462	7	741	1758	133	-1	393	52	7	10	11	13	17	20	22	25	26	31	36	37	43	46	47	53	58	61	66	67	71	74	76	81	83	87	88	92	93	95	96	97	99	100	101	106	108	109	110	111	113	117	120	123	124	131	135	136	142	146	148	149
393	675	609	-7	2039	2856	196	392	-1
394	956	383	18	2875	3788	204	-1	395	-1
395	912	279	-18	3869	4847	219	394	-1
396	956	381	16	813	1991	183	-1	397	77	1	2	3	5	6	8	10	12	13	14	15	16	19	21	22	23	25	28	30	35	36	37	39	40	41	47	51	52	55	59	64	65	66	67	68	69	74	76	77	79	80	84	85	86	87	89	90	92	94	96	98	100	103	104	105	107	108	112	121	122	123	125	126	127	128	129	131	133	134	135	137	140	142	144	146	147	148
397	918	172	-16	1142	2217	233	396	-1
398	55	385	16	2576	3642	184	-1	399	-1
399	145	629	-16	3110	4134	137	398	-1
400	511	710	8	2422	3109	212	-1	401	-1
401	600	716	-8	2617	3871	215	400	-1
402	583	435	14	180	795	165	-1	403	69	0	1	2	7	9	14	16	20	21	22	23	24	26	27	29	33	34	43	44	47	50	52	53	55	58	61	62	64	68	69	71	75	76	78	80	84	85	89	92	96	97	98	99	104	105	107	108	110	111	113	115	117	118	119	120	121	122	124	125	128	129	130	133	135	136	143	145	148	149
403	549	392	-14	2582	3657	232	402	-1
404	409	905	10	454	1016	166	-1	405	-1
405	201	861	-10	3379	4631	240	404	-1
406	840	807	11	585	1450	195	-1	407	-1
407	602	704	-11	168	1422	174	406	-1
408	820	673	18	270	1560	183	-1	409	-1
409	811	752	-18	4045	4864	134	408	-1
410	887	918	12	906	1717	246	-1	411	-1
411	891	694	-12	3483	4223	128	410	-1
412	184	913	17	2224	3690	190	-1	413	-1
413	197	668	-17	2526	3548	182	412	-1
414	503	725	15	66	1057	212	-1	415	-1
415	619	946	-15	3264	3958	241	414	-1
416	477	181	13	1629	2962	166	-1	417	55	4	5	6	9	12	16	20	21	22	27	30	31	36	37	38	56	57	63	65	69	72	74	76	78	79	81	84	85	86	87	89	93	96	97	98	101	102	105	113	116	119	121	122	124	125	127	128	134	137	142	143	144	146	147	148
417	451	435	-13	2142	3443	101	416	-1
418	578	46	13	1137	2308	249	-1	419	-1
419	606	222	-13	2573	3636	107	418	-1
420	522	733	16	543	1965	121	-1	421	55	1	3	5	9	10	11	13	17	21	23	24	25	27	30	32	33	35	36	38	46	57	58	61	62	63	68	70	78	85	87	89	90	93	97	98	102	103	106	107	108	110	116	117	122	129	132	133	136	137	138	139	143	145	146	149
421	479	634	-16	3146	4162	244	420	-1
422	568	224	12	2221	3706	103	-1	423	-1
423	453	442	-12	2828	3792	237	422	-1
424	273	567	19	1902	3049	187	-1	425	-1
425	310	716	-19	2388	3563	139	424	-1
426	308	343	15	1841	3297	221	-1	427	47	1	4	6	9	10	11	18	24	25	28	30	38	41	43	45	47	48	52	56	57	63	73	76	78	79	80	81	83	89	91	92	99	100	103	106	109	111	112	115	118	119	126	127	129	134	136	139
427	310	335	-15	3385	4289	232	426	-1
428	590	370	9	1371	2277	132	-1	429	58	1	2	4	8	9	10	13	16	19	22	23	24	29	31	37	40	44	45	46	49	50	52	53	58	62	65	67	73	78	79	83	84	87	90	91	92	95	105	108	109	110	111	112	113	115	116	117	122	124	127	128	132	133	135	137	143	144	148
429	606	210	-9	3562	4491	192	428	-1
430	431	43	17	2540	3358	124	-1	431	61	3	4	10	14	16	18	19	20	23	25	27	32	35	36	38	39	41	46	49	50	51	57	59	60	61	64	65	68	69	71	77	78	81	82	83	85	86	87	88	89	90	92	96	99	101	109	111	115	116	123	127	128	131	134	135	138	141	142	143	146	147
431	585	228	-17	2959	3935	107	430	-1
432	614	201	8	1369	2541	135	-1	433	-1
433	649	406	-8	2872	3444	212	432	-1
434	753	613	12	1800	2872	151	-1	435	45	3	14	15	16	17	19	21	25	26	37	39	44	49	52	56	57	61	62	64	68	69	72	75	77	82	87	91	95	100	101	105	106	107	108	113	114	116	117	120	122	124	128	136	147	148
435	867	596	-12	2602	3778	101	434	-1
436	501	717	19	3011	4459	202	-1	437	-1
437	423	891	-19	3736	4558	249	436	-1
438	347	329	16	1275	2525	228	-1	439	49	0	1	4	7	8	10	12	13	15	16	18	23	27	32	38	39	43	46	50	52	57	58	59	67	69	75	79	90	91	92	93	94	97	101	103	106	107	109	112	117	121	126	127	134	138	141	146	148	149
439	573	207	-16	1070	2480	180	438	-1
440	556	618	14	570	1575	143	-1	441	-1
441	519	878	-14	3408	4580	212	440	-1
442	846	743	18	2229	3031	240	-1	443	-1
443	900	685	-18	1836	3228	105	442	-1
444	242	166	6	109	1256	121	-1	445	74	8	9	10	11	12	14	16	24	25	26	27	31	32	33	35	39	40	41	45	46	47	48	49	51	53	56	58	59	60	61	62	64	65	68	69	70	71	72	77	78	80	90	91	92	94	96	97	98	100	101	102	103	104	107	108	111	112	113	115	116	119	121	123	125	128	129	130	132	137	138	139	144	145	148
445	310	349	-6	1916	2940	153	444	-1
446	421	900	12	3152	4265	172	-1	447	-1
447	490	717	-12	4052	4843	118	446	-1
448	90	265	16	4	579	183	-1	449	65	1	3	8	12	14	17	19	20	22	26	27	29	30	32	33	34	37	38	39	40	41	43	44	45	46	49	50	53	54	58	61	62	66	67	68	70	72	73	77	84	85	86	87	88	90	95	100	106	108	110	111	117	122	123	125	129	131	133	134	140	141	142	145	147	148
449	56	386	-16	3206	4170	234	448	-1
450	423	897	15	1445	2762	164	-1	451	63	2	4	5	6	9	12	13	14	17	22	27	29	30	32	33	35	37	40	44	48	51	52	53	56	57	59	61	63	64	65	66	73	75	80	92	93	95	96	97	102	104	108	111	113	114	116	117	118	119	120	121	122	127	131	132	133	137	140	141	142	146	147	148
451	498	904	-15	4049	4962	245	450	-1
452	397	543	16	1869	3246	208	-1	453	60	1	3	4	5	7	8	18	21	25	26	27	28	29	34	36	37	39	40	42	43	44	48	50	51	57	59	60	61	66	67	68	72	74	76	79	80	84	85	86	88	89	97	102	108	109	110	111	115	119	120	122	125	127	133	134	135	139	140	142	147
453	505	713	-16	2872	3471	142	452	-1
454	64	384	19	1071	1973	159	-1	455	-1
455	117	405	-19	1440	2740	183	454	-1
456	287	197	13	334	1719	227	-1	457	87	1	2	5	6	7	8	9	12	13	14	15	18	19	22	23	26	27	28	30	32	33	36	40	41	42	43	44	45	52	54	55	56	57	58	59	61	62	64	66	68	71	73	74	77	78	79	86	87	88	90	91	92	93	94	96	97	98	99	100	101	102	103	109	111	112	114	115	116	120	121	122	123	124	125	127	131	132	133	134	135	136	138	142	144	145	146	147
457	63	301	-13	2027	2571	157	456	-1
458	971	681	17	527	1606	149	-1	459	53	5	6	7	8	11	12	14	15	23	24	29	34	36	37	41	42	43	44	46	50	60	62	71	78	80	82	86	89	92	95	97	98	99	100	102	113	114	115	116	120	122	123	124	125	128	129	131	133	134	135	145	146	147
459	929	761	-17	2244	2789	109	458	-1
460	216	825	15	931	2142	207	-1	461	-1
461	377	863	-15	712	1759	128	460	-1
462	315	683	9	179	1534	171	-1	463	-1
463	126	637	-9	3737	4827	192	462	-1
464	508	713	18	1037	1667	152	-1	465	-1
465	598	715	-18	3325	4086	189	464	-1
466	781	337	18	2715	4030	190	-1	467	-1
467	559	493	-18	2850	3718	153	466	-1
468	421	900	8	876	1696	208	-1	469	-1
469	459	997	-8	2353	2922	154	468	-1
470	300	974	13	2424	3357	133	-1	471	-1
471	320	800	-13	3654	4293	110	470	-1
472	947	956	16	1088	2054	175	-1	473	50	4	6	9	10	13	14	16	18	21	22	23	24	28	32	33	37	39	40	41	46	49	56	60	61	68	70	72	74	76	79	80	86	87	98	99	105	106	107	108	114	119	120	121	124	125	132	133	141	143	147
473	859	721	-16	571	1935	177	472	-1
474	970	497	10	454	1670	169	-1	475	-1
475	969	336	-10	2955	4390	142	474	-1
476	323	339	16	156	1318	231	-1	477	-1
477	323	346	-16	3825	4559	197	476	-1
478	285	452	13	935	1968	224	-1	479	-1
479	221	525	-13	1231	2019	236	478	-1
480	984	912	9	1200	2150	171	-1	481	-1
481	859	719	-9	1136	1737	119	480	-1
482	323	352	6	1833	3234	231	-1	483	81	1	2	4	8	9	10	11	12	13	14	15	18	19	22	23	29	30	32	33	34	35	37	38	39	41	42	45	46	48	51	53	55	56	57	58	62	63	64	67	68	69	74	75	76	79	80	81	82	86	87	88	89	97	102	103	105	106	107	109	113	114	117	118	119	120	121	122	125	129	130	131	132	135	137	139	140	141	142	143	145	147
483	309	365	-6	1258	2336	109	482	-1
484	95	453	18	2062	3097	209	-1	485	-1
485	257	319	-18	2088	2640	151	484	-1
486	267	776	12	1096	2225	213	-1	487	-1
487	38	848	-12	2410	3687	121	486	-1
488	160	944	12	3181	4581	249	-1	489	-1
489	372	940	-12	3490	4478	128	488	-1
490	481	724	20	882	1467	123	-1	491	54	2	3	4	11	15	16	26	28	30	35	37	43	46	49	59	60	61	62	64	65	67	70	74	75	81	82	83	87	88	89	91	92	94	95	97	99	100	101	103	104	107	110	113	118	119	121	122	127	133	134	138	140	142	144
491	468	734	-20	3743	4509	112	490	-1
492	611	707	11	1038	2492	227	-1	493	-1
493	734	619	-11	3689	4768	198	492	-1
494	882	17	8	382	966	200	-1	495	-1
495	688	57	-8	3091	4073	139	494	-1
496	858	721	15	1793	2575	200	-1	497	60	2	12	14	18	21	25	27	28	31	33	34	38	40	43	44	45	46	47	48	53	55	56	60	61	62	64	65	68	70	75	78	79	80	82	89	90	92	94	95	98	99	100	103	105	106	109	110	117	119	123	124	127	129	132	134	139	140	141	145	148
497	721	648	-15	1529	2791	216	496	-1
498	561	226	16	2874	3415	158	-1	499	-1
499	659	440	-16	3230	3922	126	498	-1
500	492	334	5	1080	2317	115	-1	501	66	1	2	3	5	6	10	11	12	13	14	17	18	19	20	23	24	25	27	30	32	33	34	35	36	39	41	42	46	50	51	54	55	58	61	67	69	72	73	77	81	82	84	86	87	101	104	106	108	110	111	114	116	117	120	121	122	125	126	128	129	132	135	143	145	147	148
501	556	207	-5	2250	3555	232	500	-1
502	78	753	14	1590	2117	137	-1	503	-1
503	114	655	-14	2446	3439	173	502	-1
504	573	207	20	328	882	155	-1	505	-1
505	585	444	-20	79	1066	186	504	-1
506	751	979	7	237	1383	210	-1	507	71	1	2	3	6	8	10	12	15	19	20	22	24	25	29	30	32	33	35	37	38	43	45	48	49	50	53	59	60	61	62	63	64	66	67	68	72	77	78	81	82	84	86	88	93	96	97	100	103	104	105	107	109	114	116	117	118	121	123	124	126	127	128	129	132	135	138	140	141	142	144	146
507	816	927	-7	49	1321	167	506	-1
508	308	410	10	624	1429	134	-1	509	-1
509	303	350	-10	1560	2635	235	508	-1
510	307	309	19	700	1386	208	-1	511	-1
511	316	324	-19	167	1443	156	510	-1
512	599	717	11	744	1851	201	-1	513	87	1	2	3	6	7	8	12	13	14	15	17	20	21	23	25	26	27	28	30	32	33	37	39	42	43	45	46	47	48	49	51	52	54	56	58	60	65	69	70	73	74	77	78	80	81	82	83	86	87	88	89	90	93	94	95	97	98	99	100	102	104	106	107	108	109	110	115	117	118	119	120	124	125	127	129	131	132	133	134	137	139	140	143	144	146	147	148
513	843	708	-11	1384	2821	137	512	-1
514	859	726	15	1480	2206	147	-1	515	82	0	4	5	6	7	9	11	13	14	15	18	23	24	26	29	30	31	32	35	38	39	41	42	44	47	49	50	51	53	54	56	57	60	63	66	73	74	75	76	77	78	79	82	83	86	87	89	90	93	96	97	101	102	103	106	109	111	112	115	116	117	118	119	123	124	125	126	127	128	130	131	132	134	136	137	139	140	142	143	145	146	147
515	860	720	-15	1667	2525	241	514	-1
516	313	349	16	849	1398	208	-1	517	58	0	3	4	6	8	9	12	13	15	16	18	20	25	29	30	31	34	38	40	47	49	51	56	57	64	69	70	72	76	78	80	82	83	86	88	89	91	92	99	100	101	102	104	105	107	110	117	119	120	125	126	131	132	138	144	145	146	147
517	352	323	-16	1619	2500	158	516	-1
518	453	422	10	1334	2395	121	-1	519	-1
519	638	427	-10	2728	3913	203	518	-1
520	552	362	11	2609	3601	236	-1	521	-1
521	480	428	-11	3229	4207	129	520	-1
522	574	209	18	2642	3396	237	-1	523	72	2	3	4	6	8	12	18	20	21	22	24	25	27	29	30	31	34	35	42	48	49	51	53	55	56	59	61	63	64	66	67	68	69	70	71	73	74	75	76	78	80	82	83	85	87	88	89	91	94	97	100	101	102	105	106	107	108	109	111	112	115	117	125	126	131	133	134	135	136	141	146	148
523	336	337	-18	2076	3313	140	522	-1
524	423	156	11	2986	3490	103	-1	525	-1
525	674	211	-11	4112	4737	198	524	-1
526	508	716	7	1183	1992	245	-1	527	-1
527	495	682	-7	3132	4517	202	526	-1
528	524	396	16	247	757	168	-1	529	-1
529	755	236	-16	2055	3206	115	528	-1
530	886	20	7	1837	3167	142	-1	531	60	1	4	5	6	8	12	15	19	20	21	23	27	35	36	37	41	42	44	51	52	57	58	59	63	66	68	69	71	73	75	81	84	86	88	89	90	91	92	97	98	100	102	103	104	107	109	112	114	117	123	124	128	129	130	135	136	137	140	145	148
531	912	41	-7	1624	2888	158	530	-1
532	438	475	7	1139	1868	245	-1	533	70	4	14	15	18	19	21	23	24	26	29	33	37	38	40	43	50	54	56	59	61	64	65	68	70	71	72	74	75	76	77	80	83	84	85	86	87	89	90	93	94	95	96	101	102	104	105	106	110	111	112	113	114	117	119	122	124	125	126	127	129	132	134	135	141	142	143	145	147	148	149
533	569	441	-7	1442	2348	218	532	-1
534	149	465	15	479	1282	112	-1	535	83	0	1	2	3	10	11	12	13	16	17	18	20	23	26	27	28	29	30	31	32	33	34	38	39	41	44	45	46	48	51	55	61	62	63	66	69	71	73	74	75	80	81	82	85	88	90	93	94	95	96	97	98	102	103	104	106	108	109	111	113	114	117	118	119	121	122	123	124	125	126	127	128	130	131	133	134	136	138	139	140	141	143	145
535	305	307	-15	440	1493	130	534	-1
536	864	723	15	2269	2849	210	-1	537	-1
537	831	847	-15	2925	3632	238	536	-1
538	421	900	18	1416	2184	154	-1	539	-1
539	626	722	-18	2429	3049	102	538	-1
540	599	717	10	3198	4189	222	-1	541	-1
541	509	714	-10	4210	4881	195	540	-1
542	875	21	18	242	1335	222	-1	543	-1
543	754	13	-18	1563	2280	151	542	-1
544	332	475	19	1127	1973	120	-1	545	60	5	7	9	13	14	15	16	18	19	24	35	37	39	40	44	45	46	47	48	50	51	53	57	58	70	71	72	73	76	78	81	83	87	88	90	92	93	94	95	98	101	102	103	104	107	108	114	115	117	119	120	123	124	125	127	130	141	143	145	147
545	412	354	-19	3586	4526	241	544	-1
546	696	603	15	283	1315	199	-1	547	-1
547	579	355	-15	2515	3261	133	546	-1
548	859	721	18	1733	2810	151	-1	549	-1
549	910	719	-18	1769	2740	131	548	-1
550	794	212	19	2578	3540	188	-1	551	55	0	3	8	10	11	12	14	16	20	23	24	26	27	29	35	36	37	38	46	50	51	60	63	68	69	72	77	79	83	87	89	90	91	93	94	95	96	99	106	107	109	116	117	122	123	126	128	129	131	135	136	137	138	142	148
551	601	250	-19	2908	3963	142	550	-1
552	518	722	6	1648	2608	109	-1	553	85	1	2	5	6	7	8	9	10	11	13	14	15	16	18	21	22	23	29	30	31	32	35	36	37	40	41	43	46	51	53	54	59	60	61	62	64	65	67	68	70	72	74	75	76	78	79	80	83	84	85	89	90	91	96	98	99	100	102	104	106	107	108	112	115	118	119	121	122	123	124	125	126	128	129	130	131	132	137	138	139	140	141	144	146	148
553	558	474	-6	1840	2881	148	552	-1
554	186	425	10	951	1634	104	-1	555	75	3	7	8	9	10	13	18	19	21	25	27	28	30	32	33	34	37	38	39	40	41	42	43	47	48	49	50	51	52	53	55	56	57	58	61	62	64	66	67	70	72	74	76	77	78	79	80	81	82	86	87	89	90	92	102	104	110	114	119	122	123	124	129	130	131	132	133	135	137	138	140	143	144	145	146
555	276	186	-10	2928	3893	146	554	-1
556	442	402	15	480	1784	127	-1	557	50	3	5	13	17	18	21	23	26	28	29	32	34	35	36	40	45	47	49	50	53	56	58	60	64	65	67	68	70	73	77	79	80	82	83	84	85	86	95	97	101	116	119	123	128	130	133	141	145	146	147
557	549	261	-15	4016	4682	190	556	-1
558	637	41	10	1134	1745	193	-1	559	79	1	6	7	10	11	12	14	15	16	18	20	26	29	32	35	36	39	40	43	47	48	49	52	54	56	57	59	60	63	67	69	71	72	73	75	77	78	79	80	81	82	83	86	87	88	92	94	97	99	100	101	102	104	105	106	110	112	113	115	118	119	120	122	123	125	127	128	129	131	132	136	138	139	141	142	143	144	146	148
559	757	175	-10	2039	2858	198	558	-1
560	952	119	9	678	1698	162	-1	561	72	1	5	7	13	15	16	18	22	23	24	27	28	29	30	31	32	33	36	37	38	39	42	45	46	47	49	51	52	53	56	57	58	61	64	65	66	67	68	70	71	73	75	77	78	81	83	84	86	87	89	91	100	102	103	104	105	106	107	108	109	111	117	120	122	124	125	127	129	137	139	141	146
561	926	338	-9	3727	4346	138	560	-1
562	585	433	18	1813	2627	143	-1	563	74	0	2	3	4	6	7	9	12	13	14	16	17	18	19	20	21	22	23	25	27	28	29	34	35	37	41	43	44	46	51	54	55	59	61	63	64	68	72	74	76	77	78	80	81	84	87	89	90	94	100	103	104	106	108	110	116	117	120	121	124	126	128	129	132	133	135	136	138	141	142	143	145	148	149
563	593	217	-18	2210	3448	246	562	-1
564	68	382	5	3016	3917	191	-1	565	59	2	5	6	9	12	14	15	18	22	23	26	27	30	33	34	36	43	46	52	61	62	66	70	71	73	76	81	84	86	87	90	92	93	97	101	102	103	107	109	110	112	115	116	117	120	126	129	130	136	137	139	140	141	142	144	145	147	148	149
565	325	336	-5	3914	4922	206	564	-1
566	593	199	16	524	1136	182	-1	567	73	1	2	3	6	7	9	10	15	16	17	27	29	30	31	34	37	39	40	41	42	44	46	48	49	52	54	55	56	60	62	64	67	69	70	72	73	75	77	79	82	83	85	86	91	92	93	95	96	97	101	107	109	110	111	114	118	120	121	122	124	125	129	133	134	135	136	137	140	141	143	144	145	147
567	583	435	-16	652	1367	142	566	-1
568	992	902	8	111	1195	228	-1	569	-1
569	861	721	-8	3479	4714	215	568	-1
570	573	209	15	1114	1697	124	-1	571	-1
571	566	323	-15	3891	4792	115	570	-1
572	655	677	14	126	1343	181	-1	573	-1
573	850	742	-14	3692	4615	157	572	-1
574	560	388	8	1719	2388	246	-1	575	71	1	2	3	4	7	9	10	11	13	14	25	27	28	29	30	31	37	39	40	41	42	44	47	49	50	54	56	57	58	59	60	62	64	66	67	75	76	78	79	80	82	83	84	86	90	95	96	97	99	101	103	104	106	107	111	114	115	119	120	121	122	125	128	129	131	133	137	138	140	141	148
575	434	637	-8	3228	4651	199	574	-1
576	360	871	10	3461	4927	132	-1	577	56	1	2	3	6	7	10	13	16	18	20	21	24	26	30	34	36	39	41	42	48	49	52	55	56	57	58	61	63	66	68	72	73	77	78	79	84	88	89	91	95	99	104	105	107	109	115	116	120	121	123	126	130	131	136	143	146
577	510	714	-10	3302	4731	206	576	-1
578	859	721	5	3802	4619	161	-1	579	-1
579	599	717	-5	4123	4645	123	578	-1
580	704	808	7	40	845	211	-1	581	76	3	4	6	9	10	11	14	15	16	18	19	21	23	24	29	30	31	32	33	36	39	44	45	46	47	48	52	54	55	56	57	64	67	68	69	71	72	75	77	78	79	80	81	82	83	84	85	86	89	92	93	94	95	98	101	102	106	109	114	115	117	119	120	123	125	126	128	129	131	132	134	143	145	146	148	149
581	533	707	-7	2647	3975	217	580	-1
582	546	699	7	1754	2532	133	-1	583	-1
583	421	900	-7	1900	3017	225	582	-1
584	573	205	14	846	1930	125	-1	585	55	1	3	5	9	10	11	19	21	22	23	26	28	34	35	36	40	41	42	45	50	53	56	62	63	69	70	73	75	77	80	81	84	85	87	89	92	96	100	101	102	107	111	112	117	119	121	124	125	130	134	136	137	144	145	148
585	508	474	-14	3186	3706	172	584	-1
586	311	364	6	925	1571	140	-1	587	75	2	5	6	7	10	11	14	16	18	19	20	22	23	27	30	31	34	35	36	37	39	43	44	45	46	50	51	52	55	57	62	65	66	71	73	74	76	79	82	84	86	88	90	91	92	93	102	104	105	106	108	110	111	112	114	115	118	120	121	122	126	128	129	131	132	133	134	136	137	140	142	145	146	148	149
587	57	384	-6	4003	4781	182	586	-1
588	912	152	8	753	1977	181	-1	589	86	1	2	3	5	6	7	8	11	12	14	16	18	19	20	22	24	25	26	28	30	31	32	33	34	36	38	41	42	44	45	46	50	51	58	59	60	63	70	71	72	73	74	75	76	83	84	87	88	89	91	92	93	94	96	97	99	101	103	104	107	109	111	112	115	116	117	118	120	121	123	124	126	127	128	130	131	133	134	135	140	141	142	143	146	147	149
589	883	20	-8	525	1932	159	588	-1
590	227	650	14	743	1692	158	-1	591	57	1	5	8	9	11	13	14	18	20	24	25	27	31	33	37	38	43	46	48	49	54	57	58	60	62	63	65	67	68	70	71	73	74	79	83	86	89	91	92	94	95	98	99	103	108	116	120	121	122	123	124	127	128	129	130	145	148
591	300	746	-14	2444	3789	106	590	-1
592	859	8	17	2633	3289	100	-1	593	84	1	2	3	5	7	9	11	14	15	18	19	20	21	22	23	24	26	27	28	32	35	36	37	38	41	42	43	48	54	55	57	58	60	61	62	66	67	68	70	71	72	73	75	79	83	85	89	90	92	93	95	96	97	98	99	100	101	103	105	107	108	110	112	117	118	119	122	124	125	126	127	129	131	133	134	136	137	139	140	141	142	143	144	145
593	997	211	-17	2367	3150	151	592	-1
594	501	430	15	2523	3992	172	-1	595	54	8	14	15	16	19	22	24	26	27	28	30	31	32	34	35	37	42	46	47	50	52	53	56	63	68	79	83	85	87	91	95	97	103	104	108	109	110	113	114	115	120	123	124	125	129	132	134	135	136	137	141	144	145	149
595	314	350	-15	3662	4413	173	594	-1
596	421	900	8	3276	4618	235	-1	597	88	0	2	4	7	8	9	12	15	16	17	18	19	20	21	23	24	26	27	29	31	32	33	34	36	38	39	40	41	42	45	47	48	49	50	51	52	53	56	57	60	61	62	63	65	66	67	68	74	77	78	81	82	83	84	85	86	87	88	89	91	95	96	97	98	99	102	104	110	112	114	116	117	118	122	124	125	128	129	131	134	135	136	138	139	141	145	147	149
597	421	900	-8	3171	3941	233	596	-1
598	508	712	17	2284	3367	214	-1	599	87	3	4	5	7	8	9	12	14	15	16	17	19	20	22	24	25	26	28	29	30	31	32	34	35	36	38	39	40	42	43	44	45	46	48	49	51	52	54	55	56	58	59	60	62	63	64	66	67	68	71	73	74	78	79	86	88	90	92	95	96	98	100	101	102	103	104	105	113	114	116	117	119	121	122	123	130	131	135	136	137	138	140	141	144	145	146	147
599	577	693	-17	3068	3941	161	598	-1
600	598	425	16	2909	4283	113	-1	601	57	0	4	6	9	10	14	18	19	26	28	32	33	38	41	44	45	46	48	49	50	51	55	59	61	62	64	71	72	75	77	82	84	86	88	89	99	102	104	105	106	111	112	116	117	123	125	127	128	131	134	136	137	138	142	145	147	148
601	555	215	-16	2620	3391	110	600	-1
602	445	877	20	23	850	137	-1	603	-1
603	505	696	-20	1893	3344	182	602	-1
604	583	435	6	2225	3272	194	-1	605	72	1	2	3	5	6	7	11	13	14	15	16	22	25	26	27	28	29	32	33	34	35	39	40	42	43	44	45	47	56	57	58	59	61	65	67	68	69	71	77	79	80	81	82	83	84	86	89	93	95	104	105	107	108	110	111	112	113	115	116	122	125	126	130	132	134	135	136	140	142	144	145	147
605	684	518	-6	3438	4629	210	604	-1
606	599	718	16	1997	3351	247	-1	607	54	2	4	5	8	12	15	16	17	20	22	28	29	30	33	34	35	42	43	50	51	54	55	57	58	61	63	66	71	74	80	85	87	90	96	98	101	107	111	116	120	122	123	127	128	129	130	132	133	136	139	142	143	147	149
607	618	459	-16	2892	3767	111	606	-1
608	76	401	17	2597	3692	126	-1	609	57	2	3	8	10	12	14	17	20	21	23	26	28	30	34	35	42	44	47	49	50	55	56	59	60	61	63	66	67	69	71	73	75	76	80	82	84	85	91	92	95	96	97	101	107	108	109	114	117	119	123	124	125	128	131	132	141	148
609	223	534	-17	3655	4978	123	608	-1
610	250	707	16	2294	2816	198	-1	611	-1
611	498	714	-16	2578	3131	203	610	-1
612	167	30	6	745	1775	207	-1	613	-1
613	306	266	-6	3223	4067	163	612	-1
614	596	493	9	3691	4194	120	-1	615	-1
615	545	350	-9	3188	4280	237	614	-1
616	298	80	8	885	1435	126	-1	617	61	0	1	3	4	5	7	15	16	19	20	22	27	30	33	36	37	38	41	42	51	58	61	62	66	67	71	75	78	81	83	87	88	90	93	94	95	96	97	100	101	103	104	107	111	112	114	115	116	122	124	126	128	129	130	132	138	140	142	146	147	148
617	312	348	-8	3944	4967	139	616	-1
618	900	905	9	1397	2750	193	-1	619	77	4	7	8	9	10	11	12	13	15	16	19	21	23	24	29	32	34	35	41	42	46	48	49	50	51	52	53	54	58	61	66	67	69	73	74	75	77	80	81	84	85	86	88	89	90	94	95	97	98	99	100	102	106	109	110	111	112	115	117	118	120	121	123	124	125	126	127	129	131	135	136	139	140	142	144	147	149
619	741	893	-9	3442	4840	138	618	-1
620	523	696	19	3459	4762	102	-1	621	61	2	4	9	10	14	15	17	18	19	27	30	31	32	33	34	35	38	39	44	46	47	50	51	56	59	60	62	66	71	74	75	76	82	89	93	94	95	97	98	99	100	103	107	108	110	111	113	115	116	121	123	131	132	133	136	137	141	142	144	145	146
621	605	731	-19	4132	4963	112	620	-1
622	868	675	17	3663	4688	111	-1	623	67	1	2	3	5	7	12	14	15	17	19	20	26	30	31	32	33	34	37	38	39	40	42	44	45	48	49	50	51	52	53	55	58	59	63	65	68	69	75	78	79	80	81	82	84	88	90	92	93	95	96	99	108	109	112	113	117	118	123	126	132	133	135	138	140	141	144	145
623	600	699	-17	3583	4488	228	622	-1
624	599	737	14	1970	2678	163	-1	625	64	0	2	5	6	8	11	12	13	14	18	23	24	25	28	30	33	36	37	39	42	44	46	47	48	51	52	55	56	63	64	65	67	69	70	72	74	77	78	79	81	85	87	88	92	93	95	96	99	105	106	107	109	111	114	115	117	122	125	127	140	141	144	145	148
625	867	703	-14	3081	4292	170	624	-1
626	583	930	8	405	1699	131	-1	627	-1
627	514	712	-8	1566	2714	219	626	-1
628	859	721	19	1712	2715	237	-1	629	45	5	6	14	15	18	19	20	24	26	34	38	48	53	59	60	63	64	70	73	80	83	84	86	89	92	94	98	99	100	105	107	108	114	116	120	121	132	134	136	137	141	143	144	147	148
629	938	886	-19	1921	3343	212	628	-1
630	737	370	8	119	842	235	-1	631	72	0	1	2	4	6	8	13	14	15	16	22	26	27	31	32	33	34	35	37	44	46	47	48	51	52	56	58	60	61	65	66	67	68	70	74	77	83	85	86	88	90	91	92	94	100	101	102	103	104	106	107	108	109	110	111	112	113	117	120	121	123	124	126	129	130	131	133	135	136	138	146	147
631	599	207	-8	3444	4842	115	630	-1
632	169	261	15	1312	2741	232	-1	633	52	0	3	6	8	11	14	22	30	36	42	45	46	52	54	57	58	61	68	69	70	72	73	75	78	80	81	83	84	86	88	91	95	96	100	104	105	107	108	109	112	113	122	123	126	127	129	132	135	137	138	140	147
633	346	114	-15	1928	2800	152	632	-1
634	312	547	13	1892	2700	164	-1	635	-1
635	312	348	-13	2269	3758	164	634	-1
636	82	197	16	633	2126	186	-1	637	63	3	5	7	12	16	17	19	20	23	25	26	28	35	36	37	38	40	41	43	47	51	52	54	55	57	58	59	64	65	74	76	78	80	81	83	84	88	92	94	96	102	103	105	106	108	110	113	117	118	119	120	123	125	129	130	135	137	138	141	144	145	146	147
637	311	348	-16	480	1510	176	636	-1
638	509	715	8	2223	2778	101	-1	639	-1
639	494	695	-8	3267	4256	108	638	-1
640	303	334	6	3137	4301	139	-1	641	-1
641	30	308	-6	3285	4302	140	640	-1
642	764	661	16	959	2253	229	-1	643	-1
643	759	830	-16	3430	4650	158	642	-1
644	622	742	15	1181	2376	219	-1	645	65	3	4	5	7	8	10	14	18	19	20	22	26	27	30	31	35	37	38	39	43	48	49	51	56	57	65	70	74	77	80	81	82	83	84	85	86	87	91	92	93	96	98	100	101	102	107	112	116	117	118	119	121	123	126	127	128	129	130	131	132	133	137	140	145	148
645	419	896	-15	2547	4036	123	644	-1
646	478	709	19	2170	3198	126	-1	647	-1
647	512	918	-19	2470	3861	189	646	-1
648	904	3	15	357	1604	107	-1	649	81	1	2	3	4	5	6	7	8	9	11	13	14	15	16	18	19	20	21	23	27	28	29	30	31	35	36	37	40	41	43	47	49	51	54	58	60	61	69	70	72	74	75	76	81	82	83	88	90	92	93	96	98	99	103	105	106	110	112	114	116	118	119	120	122	123	124	126	127	128	130	131	132	133	134	135	136	138	139	142	144	147
649	868	70	-15	1004	2463	102	648	-1
650	543	223	13	299	1340	249	-1	651	-1
651	433	425	-13	2939	4195	213	650	-1
652	822	370	17	3190	4461	203	-1	653	-1
653	932	382	-17	3246	4339	122	652	-1
654	90	790	16	78	1237	209	-1	655	72	0	1	3	11	12	13	16	17	19	20	23	24	25	26	28	30	31	32	33	35	37	38	41	46	47	52	53	57	60	61	65	66	68	69	70	71	73	74	75	76	78	79	81	84	86	91	92	95	96	97	98	99	100	102	105	106	110	114	117	118	122	125	127	128	130	131	132	136	142	144	146	147
655	42	554	-16	1077	2307	236	654	-1
656	571	208	17	999	1683	140	-1	657	-1
657	533	410	-17	1594	2426	157	656	-1
658	588	711	8	924	2015	227	-1	659	73	1	2	3	6	7	12	14	15	16	17	20	22	23	25	26	27	31	32	35	36	38	39	40	42	47	49	52	53	55	58	60	61	62	64	65	67	70	73	74	75	77	78	81	83	87	91	94	96	97	98	100	101	102	104	105	106	107	108	109	113	114	115	116	117	118	120	122	129	138	139	142	144	148
659	703	589	-8	3059	3838	195	658	-1
660	255	436	8	1117	2180	193	-1	661	-1
661	316	415	-8	1479	2132	195	660	-1
662	481	431	12	895	2190	159	-1	663	-1
663	287	372	-12	2962	3801	204	662	-1
664	64	390	12	1852	2646	168	-1	665	-1
665	223	401	-12	3458	4761	184	664	-1
666	886	19	16	2929	3938	126	-1	667	86	0	3	6	7	8	9	11	13	14	15	18	19	20	24	26	27	28	29	32	33	34	35	37	38	39	42	43	44	46	48	55	56	57	58	60	61	64	65	66	67	69	70	73	75	78	84	88	89	90	93	95	96	97	98	100	101	102	103	104	108	109	110	112	113	114	115	116	117	119	120	122	124	126	127	128	129	130	132	134	135	137	141	144	145	147	149
667	859	300	-16	4100	4872	199	666	-1
668	618	70	13	774	1342	249	-1	669	-1
669	534	82	-13	3540	4820	116	668	-1
670	123	409	10	463	1961	142	-1	671	-1
671	217	390	-10	1546	2552	201	670	-1
672	897	26	7	1577	2405	218	-1	673	53	6	7	8	16	17	21	22	23	26	32	34	36	40	42	44	46	49	51	54	63	65	66	67	71	75	76	78	80	81	86	88	90	94	97	98	99	101	104	109	110	116	123	124	129	131	133	134	136	137	141	144	146	148
673	816	112	-7	1547	2252	149	672	-1
674	763	871	12	442	1863	156	-1	675	-1
675	850	685	-12	1787	2852	130	674	-1
676	822	296	19	1220	2302	176	-1	677	86	0	2	3	5	7	8	9	10	12	14	17	18	19	20	22	23	25	26	27	28	29	30	31	32	36	37	38	39	41	43	44	45	46	50	51	53	55	56	57	58	61	62	63	64	66	67	72	75	76	78	81	83	87	89	91	93	94	95	96	97	98	99	100	102	103	104	106	107	111	112	113	118	119	124	125	128	129	132	134	138	141	142	146	147	148	149
677	879	38	-19	1411	1977	239	676	-1
678	587	733	13	1411	2107	110	-1	679	64	1	4	8	9	12	14	16	18	22	27	31	35	36	38	40	43	44	47	48	49	50	52	59	70	73	75	78	80	82	83	85	90	91	95	99	102	103	104	105	107	108	110	111	112	113	115	116	121	123	124	125	126	127	128	131	132	133	134	136	138	142	143	146	147
679	612	805	-13	3118	3903	152	678	-1
680	561	710	17	1106	1672	141	-1	681	60	1	2	3	4	8	10	11	13	17	19	24	26	32	33	34	35	38	46	47	48	50	53	59	67	68	72	74	77	78	79	84	85	86	87	89	90	93	95	96	97	98	102	103	104	112	119	120	122	124	125	126	127	128	132	133	134	136	142	143	146
681	489	696	-17	1263	1816	239	680	-1
682	345	368	12	2141	3266	120	-1	683	-1
683	146	443	-12	2885	3428	229	682	-1
684	486	770	10	219	1157	167	-1	685	-1
685	637	663	-10	3748	4486	187	684	-1
686	538	767	6	2686	3936	201	-1	687	-1
687	548	816	-6	3842	4648	107	686	-1
688	580	161	17	97	930	217	-1	689	-1
689	554	204	-17	1191	2456	190	688	-1
690	230	342	18	1783	2415	239	-1	691	-1
691	51	347	-18	2182	3123	110	690	-1
692	411	679	19	822	1351	126	-1	693	-1
693	382	930	-19	2798	3538	138	692	-1
694	623	178	15	596	1757	126	-1	695	66	1	7	8	9	15	17	22	26	27	29	30	33	34	36	37	39	41	42	44	45	46	47	52	53	54	55	56	61	65	71	74	77	78	79	83	86	87	88	93	94	96	97	98	100	108	110	111	112	115	116	118	119	120	124	125	129	130	131	133	136	137	138	141	145	147	148
695	741	231	-15	792	1641	236	694	-1
696	873	824	9	3138	4310	175	-1	697	-1
697	912	754	-9	2514	3801	125	696	-1
698	498	987	19	2129	3027	108	-1	699	65	4	5	7	8	10	11	12	13	14	19	21	23	26	27	32	34	38	39	40	41	42	46	47	48	50	56	60	61	62	63	68	69	70	74	77	79	80	82	84	85	86	89	90	92	96	98	100	105	106	108	110	111	115	116	120	121	125	129	131	133	134	135	137	143	148
699	428	852	-19	3688	4628	121	698	-1
700	133	991	11	791	1992	108	-1	701	80	2	3	4	5	6	7	8	9	14	16	17	18	21	23	24	25	26	30	31	32	35	36	39	40	46	48	49	50	54	55	58	60	64	65	66	68	69	72	77	79	80	81	84	85	89	90	91	95	96	97	98	101	103	104	105	108	109	110	111	112	114	117	118	121	123	124	125	127	128	132	133	134	136	137	139	140	143	144	146	149
701	99	955	-11	1825	2746	204	700	-1
702	523	722	12	108	1165	198	-1	703	-1
703	518	863	-12	1718	3025	105	702	-1
704	574	707	10	1208	1894	169	-1	705	-1
705	508	714	-10	1159	1713	235	704	-1
706	573	921	8	3780	4669	147	-1	707	79	3	7	9	11	12	13	15	16	17	18	20	21	22	23	24	25	26	33	35	38	42	44	45	47	51	52	54	56	57	60	63	64	65	67	73	74	76	77	78	79	82	84	88	89	91	92	93	95	96	99	100	101	102	105	106	107	109	110	111	112	114	115	116	117	119	120	123	124	128	129	133	134	136	137	142	145	146	147	148
707	612	886	-8	3546	4232	170	706	-1
708	344	290	9	4004	4827	123	-1	709	-1
709	472	262	-9	3313	4630	229	708	-1
710	574	186	9	454	1718	184	-1	711	85	0	1	2	3	4	5	6	7	8	10	12	13	14	15	16	17	18	20	21	22	23	24	27	31	34	36	37	39	40	41	43	47	48	49	50	51	54	55	56	57	58	60	63	64	65	67	70	73	77	78	83	84	85	87	88	90	91	94	95	97	99	100	104	105	106	109	112	115	122	124	125	126	129	132	134	135	137	140	141	142	143	144	146	147	148
711	650	247	-9	3582	4706	135	710	-1
712	891	247	13	379	1731	139	-1	713	-1
713	816	164	-13	1885	3185	100	712	-1
714	333	352	16	147	839	136	-1	715	46	2	4	5	9	13	15	16	22	29	30	39	43	44	46	50	51	56	62	65	70	71	72	73	77	78	80	81	84	85	86	94	95	97	108	110	112	114	116	117	121	126	138	139	144	145	146
715	314	348	-16	432	1267	142	714	-1
716	483	199	10	620	1419	128	-1	717	52	3	4	8	12	15	21	22	24	26	30	31	34	36	39	40	45	46	49	59	62	64	69	70	73	78	81	85	90	92	93	96	98	102	107	110	115	116	118	121	126	127	129	130	136	137	138	139	140	142	146	148	149
717	315	356	-10	2831	3899	144	716	-1
718	27	652	12	350	1566	129	-1	719	45	0	2	5	7	8	9	16	18	19	27	50	58	64	65	68	77	79	80	81	82	83	90	93	97	99	102	103	105	107	109	110	112	113	116	118	119	120	121	122	124	128	139	141	145	148
719	50	855	-12	870	2114	230	718	-1
720	340	696	8	242	1644	185	-1	721	83	1	2	3	5	7	9	10	11	14	16	17	18	19	26	30	33	34	35	36	37	40	41	42	43	45	46	47	51	52	53	57	58	59	60	61	65	66	67	68	70	72	73	76	78	81	88	90	92	93	95	96	97	99	102	105	107	108	109	110	112	113	115	118	120	121	122	123	124	126	127	129	131	134	136	137	139	140	141	142	144	145	147	149
721	449	936	-8	2937	3746	141	720	-1
722	549	654	14	480	1005	244	-1	723	-1
723	533	714	-14	2895	3939	230	722	-1
724	565	768	11	3274	4725	143	-1	725	49	0	1	3	6	8	12	13	14	22	23	33	35	38	44	46	48	53	66	67	70	71	75	78	80	83	86	88	94	96	98	102	103	111	112	113	116	120	122	123	124	128	129	131	132	138	139	140	143	146
725	382	559	-11	2943	3983	109	724	-1
726	585	426	14	3456	4946	157	-1	727	55	0	1	2	5	10	17	22	24	25	30	32	35	38	39	50	56	60	61	63	65	66	68	69	74	75	76	79	82	84	88	92	94	95	96	98	100	105	107	112	114	117	118	121	123	124	125	126	127	132	142	144	145	146	147	148
727	414	223	-14	2958	4240	109	726	-1
728	258	13	19	650	1223	123	-1	729	67	0	3	5	6	7	9	10	13	14	15	16	17	19	20	23	25	28	29	30	34	35	47	50	51	54	56	60	64	69	70	71	72	73	76	78	79	80	81	83	84	85	87	91	94	95	96	100	104	105	106	110	116	118	119	120	124	126	129	130	131	132	135	139	142	143	144	146
729	42	42	-19	659	1893	172	728	-1
730	510	723	6	1625	2954	132	-1	731	-1
731	645	698	-6	1897	2440	191	730	-1
732	106	37	9	2979	3563	180	-1	733	46	4	5	6	7	8	12	14	16	17	18	23	34	36	37	39	44	47	48	50	54	57	63	67	70	73	77	85	88	97	98	103	105	107	108	115	121	122	123	127	128	134	136	137	140	144	146
733	41	64	-9	4174	4930	190	732	-1
734	495	786	12	1179	1845	144	-1	735	78	2	4	5	6	8	10	13	14	16	22	23	24	27	28	31	33	34	35	37	39	40	44	46	48	53	55	56	61	62	63	65	67	68	69	71	72	76	78	81	82	84	85	89	92	94	96	97	98	100	101	102	103	104	105	107	109	110	111	112	114	115	116	117	119	122	123	130	132	133	134	135	136	137	138	140	141	146	147
735	553	725	-12	1357	2165	181	734	-1
736	585	720	10	1099	2248	194	-1	737	49	3	5	9	10	11	15	19	20	23	26	28	33	37	40	45	47	48	49	56	61	62	66	67	70	72	74	77	84	90	92	93	94	97	101	106	110	114	116	117	119	128	132	133	134	139	141	142	144	146
737	859	730	-10	3822	4741	197	736	-1
738	602	718	20	1106	2009	153	-1	739	-1
739	652	809	-20	3380	4805	148	738	-1
740	498	776	6	1866	2814	165	-1	741	47	2	8	12	14	16	21	22	25	27	29	30	31	35	36	45	48	55	56	61	64	71	77	79	81	83	87	89	90	94	96	98	99	104	107	111	118	120	121	122	123	127	128	129	130	131	133	145
741	342	942	-6	3233	4549	241	740	-1
742	35	80	12	1402	2117	152	-1	743	66	1	6	11	12	13	14	18	19	20	24	30	36	37	38	39	41	45	46	48	50	51	52	55	56	57	60	65	66	68	69	71	72	73	74	80	84	87	88	90	91	93	97	104	105	108	109	110	112	113	115	119	121	123	125	129	130	132	133	135	136	137	138	139	141	144	149
743	120	187	-12	2168	2936	162	742	-1
744	228	652	7	713	1617	224	-1	745	76	0	5	7	8	11	16	18	19	20	21	23	24	26	27	30	36	39	40	42	44	47	50	51	52	53	54	59	60	61	65	67	69	70	71	73	74	75	76	77	78	80	81	90	91	92	93	94	95	99	100	101	102	103	105	108	109	110	111	113	114	116	119	121	125	126	127	129	134	137	138	139	140	142	143	145	148
745	142	390	-7	1172	2539	244	744	-1
746	985	222	18	403	1278	116	-1	747	-1
747	960	368	-18	133	1209	238	746	-1
748	149	392	17	1503	2053	195	-1	749	87	2	8	12	13	14	17	19	21	23	24	26	31	34	36	37	39	41	42	43	44	47	50	52	55	56	57	58	60	61	62	64	65	66	67	69	71	72	74	75	77	79	80	83	84	85	90	91	93	95	96	97	98	100	102	103	104	105	106	107	110	111	112	113	114	117	118	120	121	123	125	126	129	130	131	132	133	136	137	138	139	140	143	144	145	146	147	148
749	313	350	-17	2643	3658	139	748	-1
750	256	868	17	2703	3935	107	-1	751	86	1	4	6	7	8	9	10	11	14	16	17	18	19	20	21	24	25	26	29	31	32	34	35	37	39	40	44	45	47	48	49	50	52	53	56	57	59	61	62	63	67	71	72	73	74	75	76	78	79	80	81	82	83	86	87	88	89	90	91	93	100	101	102	104	105	108	113	118	120	121	122	124	125	127	128	129	131	132	135	136	137	139	142	143	147	148
751	421	900	-17	2984	4202	114	750	-1
752	918	669	9	707	1473	193	-1	753	79	1	2	3	7	8	9	10	11	12	14	19	23	24	26	28	29	32	37	38	39	40	41	43	45	48	49	51	52	53	55	57	58	59	60	64	70	71	72	75	79	81	82	83	84	87	88	90	93	94	95	97	99	100	101	102	104	105	110	118	120	123	124	125	126	127	128	129	131	133	135	136	138	139	142	143	144	146	147	148
753	857	735	-9	423	1906	246	752	-1
754	447	81	10	429	1030	124	-1	755	47	12	13	15	17	19	23	26	28	29	31	32	33	34	40	41	43	46	49	51	53	59	66	67	68	78	81	83	89	91	93	94	101	102	103	105	107	109	119	121	122	123	126	133	136	137	142	147
755	321	84	-10	3785	4889	226	754	-1
756	384	41	13	868	1803	187	-1	757	52	3	6	8	11	15	17	19	22	24	28	32	36	41	42	46	49	51	52	54	55	56	58	65	66	67	71	72	73	80	81	82	83	86	88	92	94	97	98	102	103	107	108	120	125	127	132	136	137	138	140	143	145
757	589	135	-13	2284	2895	151	756	-1
758	13	567	8	2164	3127	216	-1	759	-1
759	56	386	-8	4137	5000	139	758	-1
760	112	316	16	2995	3841	159	-1	761	83	0	1	6	7	8	11	13	14	16	21	24	25	28	32	33	34	35	37	38	39	40	43	44	45	46	47	48	49	50	52	53	54	56	58	63	64	65	66	68	70	72	75	77	79	80	81	85	86	88	89	90	91	94	95	97	98	100	101	102	103	104	105	109	110	111	113	114	117	120	123	125	126	127	129	131	134	136	138	141	143	144	145	146
761	102	351	-16	3487	4965	174	760	-1
762	862	728	12	2859	3759	199	-1	763	52	1	2	3	4	5	7	8	11	15	17	20	21	26	27	31	32	36	39	41	43	47	56	61	78	81	84	85	86	92	95	96	97	98	99	100	102	103	104	107	110	114	122	123	124	128	131	137	138	139	143	144	145
763	644	698	-12	3164	3800	226	762	-1
764	14	380	18	531	1297	169	-1	765	-1
765	56	386	-18	3801	4733	127	764	-1
766	599	717	5	1015	2212	229	-1	767	85	0	3	4	6	7	8	9	11	12	15	18	19	22	23	25	26	27	28	30	31	33	36	37	39	40	41	44	45	50	51	52	54	55	59	62	64	66	67	74	75	76	78	79	80	81	82	84	85	86	89	90	91	94	95	96	97	99	100	101	102	106	107	108	112	113	115	117	119	121	122	124	125	127	130	131	133	135	136	139	140	143	144	145	148	149
767	529	696	-5	2043	3116	159	766	-1
768	836	219	14	350	1333	104	-1	769	79	0	4	6	8	9	10	11	13	15	16	18	19	20	21	22	23	24	25	26	27	29	31	33	35	37	39	41	46	51	54	56	57	60	62	64	66	67	68	69	70	71	74	75	76	78	83	84	87	91	92	97	98	99	100	101	102	110	111	113	116	117	119	120	121	123	125	126	128	129	130	131	132	136	142	145	146	147	148	149
769	915	148	-14	2267	3027	118	768	-1
770	234	327	7	3352	4851	157	-1	771	48	2	3	14	18	19	20	23	28	30	33	34	37	38	40	43	45	55	59	62	63	64	67	70	74	75	79	80	81	83	84	87	90	95	98	103	104	107	108	114	122	125	127	137	140	141	145	146	147
771	241	511	-7	3359	4475	117	770	-1
772	628	651	10	1540	2309	185	-1	773	68	5	6	9	10	11	16	18	21	22	23	24	27	28	30	32	34	35	42	43	46	47	48	51	52	55	57	60	61	62	67	68	69	71	72	74	76	79	86	87	88	89	93	96	98	99	100	102	104	105	108	109	110	112	113	120	123	125	128	129	130	131	132	136	138	141	142	143	148
773	858	720	-10	3711	4846	116	772	-1
774	683	550	5	590	1527	240	-1	775	87	1	2	6	7	8	9	10	11	13	17	19	21	22	24	26	27	28	29	30	31	32	34	35	37	40	41	42	45	46	48	51	53	58	59	60	62	63	64	68	72	73	76	78	79	80	81	82	83	84	85	87	88	89	91	93	94	96	97	98	103	105	106	110	111	114	115	116	117	119	120	122	124	125	128	129	130	133	134	135	136	137	143	145	146	147	148	149
775	570	422	-5	397	1442	224	774	-1
776	53	822	17	2155	3002	191	-1	777	-1
777	132	891	-17	3831	4391	115	776	-1
778	423	898	14	279	1511	137	-1	779	49	3	6	7	15	16	19	20	21	23	24	26	29	30	31	32	34	35	36	38	45	47	48	51	59	60	62	63	68	70	72	74	75	77	93	97	98	100	111	112	115	116	119	121	126	131	132	139	143	147
779	604	702	-14	2912	3926	150	778	-1
780	944	725	14	708	1443	101	-1	781	-1
781	979	877	-14	2194	2829	138	780	-1
782	569	199	15	1844	3330	158	-1	783	89	1	2	3	4	7	10	12	14	15	17	18	19	21	22	23	25	26	32	34	35	36	38	39	40	41	43	45	47	49	51	52	54	55	56	57	58	61	62	63	65	68	71	72	74	75	77	80	81	82	83	84	85	86	87	88	90	91	92	94	95	96	99	100	101	103	107	108	109	111	113	115	116	117	118	122	125	127	129	132	133	134	135	137	141	142	144	145	146	147
783	615	218	-15	3428	4289	106	782	-1
784	640	98	10	903	2351	193	-1	785	-1
785	603	249	-10	2162	2769	115	784	-1
786	464	673	17	114	1480	184	-1	787	-1
787	488	461	-17	213	842	110	786	-1
788	259	218	14	1722	2971	164	-1	789	-1
789	313	346	-14	1649	2991	241	788	-1
790	960	369	20	1446	2772	189	-1	791	-1
791	931	546	-20	3216	3822	216	790	-1
792	80	897	11	2324	2875	210	-1	793	54	2	4	7	9	10	11	24	25	26	27	28	32	38	40	42	45	48	54	61	62	63	69	70	74	76	77	79	84	88	89	92	94	95	96	99	101	102	103	106	113	114	115	116	118	121	126	127	133	138	142	144	145	147	148
793	317	887	-11	4188	4945	237	792	-1
794	871	724	13	1916	2481	197	-1	795	-1
795	934	609	-13	4169	4725	183	794	-1
796	453	360	20	2078	3479	128	-1	797	67	0	1	5	7	8	9	10	14	17	18	26	34	36	42	43	44	45	49	50	52	55	56	57	61	62	64	65	66	67	69	71	73	74	77	78	79	80	81	85	91	92	93	97	98	100	101	102	103	108	111	112	113	114	116	117	120	122	124	128	130	131	135	136	138	140	145	146
797	561	212	-20	2378	3252	177	796	-1
798	46	457	17	338	920	158	-1	799	51	2	4	6	7	10	12	15	16	19	21	23	29	33	38	43	44	45	49	52	53	54	57	58	60	63	64	69	71	75	78	79	81	82	86	90	92	94	102	103	104	106	117	118	121	124	126	134	135	139	141	148
799	46	387	-17	1288	1893	174	798	-1
800	597	719	7	1185	2164	233	-1	801	55	1	3	4	10	12	15	18	20	21	37	38	39	42	49	50	52	58	59	60	62	64	68	71	72	79	81	82	83	85	86	92	93	94	95	96	97	106	111	113	115	116	117	121	126	127	128	133	135	136	137	138	139	142	144	146
801	598	742	-7	3460	4074	167	800	-1
802	573	210	19	2262	3264	173	-1	803	-1
803	627	397	-19	2139	3575	121	802	-1
804	172	280	10	519	1745	235	-1	805	79	1	2	3	4	5	8	9	10	14	15	16	25	26	27	29	30	32	33	34	36	37	39	42	44	45	46	50	51	52	53	55	56	57	58	59	60	65	66	68	72	74	77	79	80	81	85	86	88	90	91	95	96	102	104	105	106	107	108	110	111	114	117	119	120	121	122	127	128	129	131	135	136	137	139	140	143	145	147	149
805	148	107	-10	3750	4481	119	804	-1
806	419	901	8	860	1849	118	-1	807	-1
807	582	933	-8	553	2017	170	806	-1
808	664	355	9	216	1450	101	-1	809	-1
809	943	393	-9	1097	2512	222	808	-1
810	317	351	18	1500	2500	210	-1	811	60	4	5	6	8	10	11	14	15	19	21	23	24	34	36	38	39	45	46	48	53	57	59	60	61	62	63	64	65	72	74	75	87	88	90	92	96	97	98	99	100	102	106	108	112	113	115	117	119	120	122	125	126	132	137	139	140	142	146	147	148
811	125	263	-18	2702	3489	131	810	-1
812	620	173	7	380	1541	174	-1	813	51	4	8	9	10	11	12	13	14	16	18	23	24	25	27	30	31	33	39	46	47	48	53	57	60	62	65	67	68	73	80	81	82	83	84	89	90	93	97	101	102	104	110	112	113	120	133	137	139	142	143	144
813	846	280	-7	1078	2170	189	812	-1
814	151	752	14	1564	2773	112	-1	815	-1
815	63	679	-14	3162	4642	189	814	-1
816	977	307	9	368	1819	177	-1	817	76	4	7	8	11	13	16	18	19	21	24	25	30	33	35	37	40	41	45	49	52	53	54	55	56	58	59	60	61	66	69	71	72	76	77	78	79	80	83	85	86	87	91	92	93	96	99	100	102	103	104	106	107	108	113	115	116	120	122	125	128	129	130	131	132	133	134	135	136	138	139	140	141	144	145	146	148
817	823	437	-9	2009	2875	233	816	-1
818	502	858	13	565	1286	196	-1	819	83	0	2	3	4	5	7	8	9	11	12	13	14	16	17	18	19	22	27	31	33	34	36	37	39	44	45	47	48	50	51	52	54	56	58	60	62	63	64	67	69	71	72	73	74	76	77	78	79	80	83	84	85	86	87	89	91	92	96	97	99	104	105	106	107	112	113	114	115	117	120	121	126	128	131	134	138	139	141	142	144	147	148	149
819	481	726	-13	2863	4028	234	818	-1
820	412	100	16	3093	3999	176	-1	821	-1
821	603	213	-16	3557	4788	216	820	-1
822	162	160	14	1026	2368	191	-1	823	47	0	13	14	15	19	23	25	26	29	36	38	41	44	49	50	51	52	54	64	68	69	72	74	75	79	81	90	93	94	95	98	101	112	115	116	118	120	128	129	130	131	134	139	140	142	143	149
823	348	128	-14	2329	3778	184	822	-1
824	56	401	8	475	1784	247	-1	825	-1
825	292	341	-8	1758	2529	245	824	-1
826	508	722	10	1707	3051	176	-1	827	-1
827	417	907	-10	2340	3627	134	826	-1
828	549	895	8	3267	3997	205	-1	829	-1
829	407	886	-8	4390	4969	245	828	-1
830	421	900	15	2174	3103	127	-1	831	62	0	1	3	4	6	9	12	16	17	18	22	23	25	26	30	33	38	39	43	48	50	52	54	57	59	62	63	64	65	66	70	72	75	76	78	81	82	89	90	95	99	101	102	105	107	108	109	111	116	117	118	121	124	125	127	131	132	137	139	140	145	146
831	500	700	-15	4066	4739	130	830	-1
832	458	789	5	2088	3537	101	-1	833	-1
833	600	717	-5	2195	3408	223	832	-1
834	393	378	5	1663	2647	228	-1	835	-1
835	581	432	-5	3841	4633	135	834	-1
836	387	375	14	820	1774	224	-1	837	76	0	2	5	7	8	9	13	18	22	24	25	26	27	30	34	35	37	43	45	48	49	52	55	56	57	58	60	62	64	65	67	70	71	74	77	78	79	80	82	84	85	88	90	92	93	94	96	98	99	100	102	104	105	106	107	108	109	111	112	114	115	116	119	120	122	124	130	132	133	134	135	137	139	140	142	144
837	561	201	-14	1730	2450	232	836	-1
838	944	793	19	1749	3208	127	-1	839	66	2	3	8	10	11	12	13	14	15	16	21	22	23	26	27	33	34	36	42	43	44	49	50	51	53	55	57	58	60	65	66	67	69	70	75	81	86	87	88	89	90	94	96	99	101	105	106	107	109	110	113	115	116	118	119	122	123	125	126	127	130	134	138	141	144	147
839	859	721	-19	3282	4123	235	838	-1
840	583	796	15	603	1580	188	-1	841	-1
841	852	757	-15	1154	2121	155	840	-1
842	102	523	17	598	2074	110	-1	843	-1
843	332	410	-17	2548	3525	169	842	-1
844	896	746	14	1473	2696	175	-1	845	-1
845	941	484	-14	1914	2439	242	844	-1
846	473	87	11	2345	3741	176	-1	847	-1
847	666	175	-11	2185	3302	207	846	-1
848	252	68	14	2214	3126	104	-1	849	-1
849	91	57	-14	2816	3333	202	848	-1
850	586	210	20	2613	3982	194	-1	851	79	1	2	3	4	7	8	11	12	13	14	17	18	21	22	23	24	25	29	30	32	36	39	41	43	44	45	46	48	49	53	54	56	59	60	61	62	64	66	71	72	73	75	76	77	82	83	85	88	90	91	92	100	101	102	103	104	105	106	107	108	109	110	112	113	114	115	116	117	121	126	127	128	135	136	137	141	145	146	147
851	691	263	-20	2804	4174	212	850	-1
852	803	380	10	2600	3537	155	-1	853	50	9	11	16	18	19	20	22	23	39	41	42	43	44	45	48	52	53	55	56	62	65	67	70	74	75	77	82	83	84	86	89	102	104	106	109	110	113	119	122	123	127	128	129	130	134	137	138	143	145	148
853	588	427	-10	2452	3911	248	852	-1
854	148	608	11	341	1742	236	-1	855	67	1	3	6	7	8	10	13	15	18	19	22	24	28	33	35	38	40	41	42	44	45	49	50	51	53	55	56	58	59	61	62	64	65	67	74	75	76	83	84	88	89	94	95	96	98	102	104	105	110	116	117	121	122	123	124	127	128	129	131	132	138	139	140	143	145	146	148
855	54	387	-11	3945	4738	227	854	-1
856	880	21	8	620	1691	165	-1	857	-1
857	716	188	-8	1807	2737	180	856	-1
858	444	505	17	2754	3964	183	-1	859	76	2	4	5	7	9	10	11	12	15	18	19	21	22	23	24	25	26	28	33	35	36	38	39	41	46	50	51	52	53	56	59	60	61	62	63	64	66	68	73	74	80	83	88	90	91	92	94	95	96	98	99	100	101	102	106	110	111	112	115	116	117	120	123	124	127	128	133	136	137	138	139	140	143	144	145	147
859	577	342	-17	3909	4418	227	858	-1
860	587	403	8	418	1199	173	-1	861	87	0	1	3	4	9	10	11	13	17	18	19	23	24	25	26	27	29	30	33	34	35	36	40	44	45	46	48	50	51	52	54	56	57	58	60	61	62	63	65	66	68	74	76	77	78	79	80	81	85	88	90	91	94	95	96	97	98	100	104	105	106	107	109	110	115	116	117	118	119	120	121	122	123	124	128	132	133	135	136	138	139	141	143	145	147	148	149
861	503	494	-8	2043	3538	194	860	-1
862	641	259	12	385	1171	169	-1	863	-1
863	559	183	-12	3035	3954	150	862	-1
864	320	349	6	3604	4210	147	-1	865	-1
865	310	216	-6	4038	4994	110	864	-1
866	863	723	17	940	1878	109	-1	867	52	0	4	5	7	10	12	15	28	30	33	36	37	41	46	50	52	62	69	70	71	72	73	78	82	84	85	87	91	95	101	106	107	108	110	114	117	121	124	125	126	127	129	130	131	132	137	139	140	144	145	146	148
867	812	634	-17	1282	2632	218	866	-1
868	610	432	18	637	1273	197	-1	869	75	3	5	10	15	16	18	21	23	24	26	27	28	30	31	33	34	36	38	39	40	44	45	46	49	52	56	57	59	60	61	62	65	70	72	74	77	79	81	82	85	87	88	89	91	93	95	96	98	99	106	107	108	109	110	111	113	115	119	120	122	125	127	131	133	134	135	136	138	139	142	143	144	146	147	149
869	573	181	-18	2308	3566	205	868	-1
870	220	553	16	2651	3919	194	-1	871	78	1	2	4	5	10	11	12	13	15	17	18	20	22	25	34	36	37	38	41	44	45	46	47	48	50	51	52	53	54	56	57	58	59	63	64	65	66	69	73	74	75	76	77	78	80	83	88	89	90	92	93	94	95	96	97	102	104	109	111	114	116	117	119	122	123	124	126	130	131	134	136	137	139	140	142	143	144	147
871	131	454	-16	3729	4758	211	870	-1
872	306	349	16	1106	1644	122	-1	873	50	0	14	19	20	22	23	27	29	34	36	45	47	53	57	59	63	66	67	69	71	75	80	84	85	88	90	93	94	100	103	106	109	110	111	112	115	118	121	124	125	127	129	131	135	137	142	143	145	146	147
873	312	350	-16	2373	3709	226	872	-1
874	826	810	6	3298	4721	170	-1	875	-1
875	670	923	-6	3230	4499	163	874	-1
876	877	749	10	333	1587	196	-1	877	-1
877	599	717	-10	4457	4979	141	876	-1
878	599	716	12	2210	3354	201	-1	879	-1
879	589	437	-12	2608	3938	225	878	-1
880	56	386	13	3	1496	153	-1	881	-1
881	219	373	-13	707	1409	212	880	-1
882	943	613	19	271	1354	139	-1	883	47	7	8	14	18	23	24	27	32	34	41	44	45	46	48	49	51	53	54	55	56	60	63	64	68	70	76	81	82	86	91	93	106	113	115	118	120	123	124	125	128	129	131	139	143	144	145	146
883	903	844	-19	2662	3823	113	882	-1
884	427	845	13	340	1747	170	-1	885	-1
885	653	891	-13	1700	2869	142	884	-1
886	582	435	7	2260	3310	212	-1	887	58	3	4	7	9	13	15	17	21	26	28	29	31	33	34	39	40	45	46	57	58	59	60	61	63	66	68	71	75	76	78	80	88	93	95	96	97	103	105	107	108	109	110	111	112	114	120	121	122	123	129	133	134	136	138	139	142	143	145
887	436	655	-7	2709	4083	148	886	-1
888	960	370	9	991	1613	248	-1	889	50	13	14	16	17	20	23	25	26	32	33	34	40	42	46	47	48	52	53	54	57	63	68	70	76	84	85	88	89	92	94	97	99	100	101	102	103	108	113	115	117	119	121	122	123	125	126	134	137	139	141
889	900	280	-9	1627	2260	179	888	-1
890	443	922	11	310	1075	237	-1	891	-1
891	247	867	-11	3110	4269	212	890	-1
892	51	197	15	377	1716	127	-1	893	-1
893	59	388	-15	919	2270	237	892	-1
894	479	714	6	867	1417	127	-1	895	80	0	2	4	5	6	7	8	9	10	11	12	14	15	16	19	20	21	25	26	27	29	32	34	35	37	44	47	48	52	53	54	56	57	58	60	62	63	65	68	70	71	75	76	77	78	80	85	87	88	89	90	91	92	94	95	97	99	100	103	105	108	112	115	116	117	120	122	123	127	129	130	132	135	136	138	139	144	145	147	148
895	539	657	-6	3791	4506	228	894	-1
896	586	502	13	1500	2834	188	-1	897	-1
897	413	670	-13	2747	3252	235	896	-1
898	597	711	16	3746	4651	153	-1	899	-1
899	506	717	-16	3865	4561	200	898	-1
900	304	354	5	1327	2520	166	-1	901	51	2	4	6	8	9	13	16	20	21	30	32	34	39	40	43	47	48	51	64	65	66	68	70	71	75	82	84	85	86	88	90	93	94	99	106	112	113	115	116	118	120	127	128	130	132	133	136	138	140	148	149
901	42	364	-5	3124	4131	133	900	-1
902	550	350	13	556	1821	239	-1	903	48	3	9	12	15	16	18	19	24	25	27	29	32	34	35	39	46	53	56	60	62	65	68	70	74	76	77	80	84	91	97	99	101	102	105	110	113	118	119	120	122	123	124	127	130	131	138	145	146
903	438	252	-13	3796	4654	206	902	-1
904	511	717	5	3235	4581	217	-1	905	79	3	4	8	9	10	12	14	16	19	20	21	22	23	24	26	27	28	29	31	32	37	38	40	41	43	44	46	47	48	50	53	54	57	58	62	64	68	69	70	71	72	75	78	80	81	82	84	86	89	90	91	92	94	96	97	98	99	103	104	106	111	112	113	114	116	117	120	122	123	125	129	131	133	140	141	142	143	144	148
905	509	715	-5	2567	4018	133	904	-1
906	389	505	11	436	1084	142	-1	907	-1
907	309	342	-11	458	1131	158	906	-1
908	577	485	20	1961	3046	166	-1	909	-1
909	572	433	-20	2728	3767	121	908	-1
910	366	261	6	2177	3014	194	-1	911	47	1	3	4	10	15	16	22	31	37	41	42	46	48	50	51	52	54	57	61	64	65	68	71	73	80	82	84	87	96	106	109	114	117	118	121	122	124	125	128	129	132	133	136	137	144	148	149
911	575	289	-6	2127	3293	248	910	-1
912	988	376	19	1959	3321	209	-1	913	-1
913	960	369	-19	1942	2767	113	912	-1
914	235	304	20	466	1618	196	-1	915	-1
915	114	295	-20	396	1195	206	914	-1
916	360	293	7	1161	2136	179	-1	917	-1
917	312	347	-7	3721	4283	231	916	-1
918	69	812	13	1529	2987	122	-1	919	-1
919	234	804	-13	3606	4277	120	918	-1
920	846	294	19	191	861	179	-1	921	-1
921	649	221	-19	2143	3440	173	920	-1
922	315	452	13	2064	2980	120	-1	923	78	4	6	7	12	14	17	18	19	20	23	28	29	31	38	39	40	44	45	46	48	49	52	55	58	59	60	62	63	64	66	69	71	72	74	75	76	78	79	80	81	85	86	87	90	91	92	93	94	96	101	103	104	107	109	110	111	112	115	118	119	120	121	123	124	125	130	131	132	134	136	137	139	140	142	143	144	145	147
923	416	508	-13	1786	2930	216	922	-1
924	573	207	11	1382	2715	162	-1	925	78	1	2	3	5	6	7	10	11	12	18	19	20	22	23	26	27	28	32	33	35	36	38	40	41	42	45	46	47	48	53	54	55	56	58	64	65	66	68	70	72	73	75	76	79	82	84	86	88	91	92	94	95	96	105	106	109	110	112	113	116	118	120	121	123	125	128	129	130	131	133	134	135	139	141	143	144	147	148
925	583	399	-11	2200	3579	166	924	-1
926	55	387	9	311	1358	100	-1	927	85	1	2	3	4	7	8	9	10	11	12	17	19	20	23	26	29	30	31	32	33	34	36	38	41	42	44	45	47	48	49	50	52	53	54	56	57	58	60	62	63	69	71	72	75	76	78	81	85	86	87	88	90	91	92	94	95	96	97	98	100	101	104	106	107	108	110	112	114	115	116	120	121	122	127	128	129	135	136	137	139	141	144	145	146	148
927	204	259	-9	1721	2740	100	926	-1
928	197	566	18	435	1020	176	-1	929	-1
929	53	389	-18	2572	3817	121	928	-1
930	321	912	12	26	1332	106	-1	931	63	0	4	7	8	9	10	11	12	13	15	16	18	20	28	29	30	35	37	46	47	50	51	54	56	57	58	60	62	64	65	68	69	71	72	74	76	81	84	85	88	96	98	99	102	107	110	112	113	114	120	123	128	130	131	133	134	135	136	139	141	142	143	147
931	170	904	-12	1298	2295	213	930	-1
932	202	938	9	424	1625	169	-1	933	64	6	10	11	13	15	16	18	20	21	23	24	26	33	34	35	36	38	39	41	43	44	45	47	51	52	57	58	59	60	63	65	67	68	69	70	71	72	74	76	77	81	85	93	95	105	106	107	109	111	113	116	117	119	121	124	132	133	135	136	138	139	144	146	148
933	195	999	-9	3952	4851	176	932	-1
934	627	175	7	707	1437	133	-1	935	-1
935	852	32	-7	3023	3869	104	934	-1
936	443	25	16	1739	2574	230	-1	937	85	0	1	3	4	8	11	13	16	19	21	22	23	24	25	26	27	30	31	32	33	35	40	41	42	44	45	46	48	49	50	53	55	56	59	60	62	65	67	68	69	70	71	72	73	74	75	76	77	79	82	83	86	88	90	91	94	97	98	99	100	102	107	109	110	111	116	117	118	119	121	122	125	127	128	131	132	134	135	136	139	140	142	143	145	146
937	470	9	-16	3662	4879	179	936	-1
938	165	492	13	2987	3723	115	-1	939	67	6	11	13	14	16	20	23	29	31	33	39	41	43	44	45	46	47	48	49	51	52	53	54	55	56	61	63	64	67	68	70	72	74	75	78	83	86	88	94	99	100	101	102	103	104	105	106	108	109	110	112	115	116	118	119	120	122	126	127	131	132	139	140	142	145	147	148
939	248	382	-13	3896	4492	161	938	-1
940	523	710	12	2196	3561	229	-1	941	47	2	3	10	12	15	18	19	26	32	39	40	41	42	44	46	47	49	50	51	52	54	56	59	62	63	65	66	67	77	78	80	82	87	88	95	97	107	114	115	118	122	126	127	137	141	143	146
941	442	708	-12	3276	3844	158	940	-1
942	647	702	5	3336	3882	191	-1	943	-1
943	848	733	-5	2866	4043	190	942	-1
944	434	73	8	509	1103	110	-1	945	62	0	1	2	6	8	10	11	15	18	20	21	24	26	30	36	41	44	46	47	48	50	51	56	58	61	70	71	72	75	82	83	84	85	87	88	89	91	92	93	94	97	99	102	110	113	115	116	117	120	122	130	131	132	134	135	137	139	140	142	144	145	147
945	524	227	-8	3947	4773	171	944	-1
946	884	38	8	3803	4813	108	-1	947	48	2	5	8	10	11	16	18	27	33	34	37	38	39	45	47	52	53	55	56	58	61	62	63	67	71	73	75	82	87	90	91	96	104	112	116	117	119	123	124	125	127	129	130	132	133	140	144	146
947	702	222	-8	3749	4986	110	946	-1
948	47	866	10	1694	2971	220	-1	949	47	4	12	13	19	27	29	38	41	42	44	48	52	54	60	63	65	69	70	76	82	83	90	91	93	96	100	102	106	110	111	112	115	117	120	121	124	125	126	128	129	132	134	137	139	142	146	148
949	60	672	-10	3211	4644	228	948	-1
950	451	24	10	1896	2751	130	-1	951	79	0	1	4	5	6	9	13	15	16	18	20	21	25	28	29	33	34	40	42	43	45	46	49	50	52	54	55	57	59	61	64	65	69	70	73	75	76	77	78	79	80	81	82	83	84	86	87	88	89	90	92	93	96	99	100	101	104	105	107	112	115	116	119	120	122	123	124	125	126	129	131	132	136	138	139	141	146	147	149
951	205	36	-10	4113	4989	203	950	-1
952	857	720	17	25	682	235	-1	953	-1
953	616	731	-17	512	1508	116	952	-1
954	291	328	7	1545	2849	168	-1	955	-1
955	411	238	-7	2449	3155	174	954	-1
956	872	721	11	694	1288	188	-1	957	64	7	8	10	12	14	15	17	19	20	28	29	30	32	34	36	39	42	43	44	45	48	49	52	53	55	58	59	61	64	65	66	68	70	73	74	78	79	82	85	87	88	90	92	96	97	100	108	110	112	116	118	119	120	121	122	125	132	136	138	142	144	145	147	149
957	892	925	-11	1703	3018	107	956	-1
958	75	389	19	463	1916	210	-1	959	88	1	3	5	6	7	9	10	12	13	14	15	17	18	20	22	24	26	27	33	34	35	37	40	41	44	45	46	49	51	53	54	56	61	62	63	65	66	68	69	70	72	74	75	77	78	79	80	82	83	84	85	86	87	91	92	95	96	97	99	100	102	103	106	107	110	112	113	115	116	117	119	121	125	126	129	131	132	135	136	137	138	139	140	142	144	145	146	148
959	308	344	-19	4065	4907	157	958	-1
960	536	127	7	1151	2496	241	-1	961	75	1	3	4	5	8	10	12	14	15	17	18	20	22	23	24	26	27	28	30	31	34	35	36	39	40	41	42	44	45	46	49	52	54	55	57	58	59	62	65	70	78	81	83	85	86	88	89	90	93	94	99	101	102	104	105	108	109	111	112	113	120	123	126	127	128	130	132	138	139	141	142	144	146	147	148
961	491	15	-7	3594	4249	101	960	-1
962	607	706	5	672	1327	129	-1	963	-1
963	423	905	-5	2624	3705	169	962	-1
964	975	90	13	1440	2913	231	-1	965	64	3	4	6	7	10	11	14	18	19	20	24	25	26	33	34	37	44	47	48	54	56	62	63	64	65	66	67	71	73	76	78	80	82	84	85	88	92	94	97	98	104	105	111	114	115	118	120	123	125	126	127	131	132	133	134	137	138	139	140	141	143	145	146	148
965	928	180	-13	3732	4712	220	964	-1
966	420	900	9	2087	3509	115	-1	967	61	8	9	10	12	13	18	20	21	24	25	31	33	34	35	39	40	42	43	44	46	48	54	62	65	68	69	72	74	75	76	77	79	80	81	82	85	86	87	88	96	97	104	105	107	109	111	113	121	122	126	127	129	132	135	137	138	140	141	144	147	148
967	323	715	-9	2383	3249	204	966	-1
968	368	924	9	3350	4071	171	-1	969	82	1	2	3	4	5	7	10	11	12	14	16	17	18	20	23	27	29	33	35	36	37	39	40	42	43	44	47	48	49	50	53	55	57	59	61	62	63	64	66	67	71	72	76	78	81	85	87	90	91	93	95	96	98	100	101	102	103	106	107	108	112	114	115	116	117	123	124	126	127	128	129	133	134	135	137	138	139	140	142	143	148	149
969	598	852	-9	4255	4843	185	968	-1
970	854	582	7	1062	2402	171	-1	971	-1
971	828	317	-7	459	1862	190	970	-1
972	576	437	8	343	1731	237	-1	973	-1
973	673	430	-8	611	2062	242	972	-1
974	509	713	15	338	1675	167	-1	975	-1
975	542	666	-15	3197	4620	175	974	-1
976	445	773	11	1029	1933	187	-1	977	-1
977	592	716	-11	2037	2874	226	976	-1
978	575	217	8	397	1879	196	-1	979	-1
979	486	469	-8	3518	4873	144	978	-1
980	940	381	18	256	1314	189	-1	981	-1
981	933	370	-18	3341	3869	189	980	-1
982	442	630	10	3456	4130	225	-1	983	-1
983	497	785	-10	3475	4789	193	982	-1
984	321	13	20	1691	2221	137	-1	985	50	11	15	16	21	23	25	26	42	43	45	47	48	49	51	52	55	56	60	61	69	76	78	81	82	83	86	89	93	94	97	98	100	101	107	110	114	115	116	117	118	125	129	131	135	136	140	142	143	144	146
985	476	116	-20	1448	2708	173	984	-1
986	586	432	19	168	1139	142	-1	987	-1
987	592	709	-19	1447	2257	219	986	-1
988	617	887	12	300	1221	209	-1	989	-1
989	450	751	-12	2571	3168	161	988	-1
990	940	360	6	3092	3782	151	-1	991	-1
991	829	115	-6	3549	4750	126	990	-1
992	831	261	17	191	795	106	-1	993	72	0	1	2	3	5	8	10	14	15	16	17	19	20	21	22	23	24	26	27	29	32	33	34	35	36	39	42	44	47	48	49	60	61	63	64	65	69	77	78	79	82	84	85	91	96	97	98	99	101	103	105	106	107	109	111	112	114	115	116	117	118	120	121	126	133	135	138	141	143	146	147	148
993	601	403	-17	122	1434	125	992	-1
994	652	988	17	910	1693	170	-1	995	-1
995	440	893	-17	3454	4399	214	994	-1
996	61	370	12	1817	2337	163	-1	997	88	0	1	4	5	7	8	10	13	14	15	16	17	20	21	25	29	31	33	34	37	39	40	41	43	44	48	49	51	52	53	54	56	57	58	59	60	62	63	66	67	68	69	70	71	74	76	77	78	79	81	82	84	85	86	87	89	91	93	96	100	102	103	104	105	106	107	111	113	116	118	119	120	121	122	126	128	130	131	132	133	135	137	138	140	141	144	147	149
997	135	441	-12	1298	2634	128	996	-1
998	648	318	16	2979	4241	208	-1	999	-1
999	429	212	-16	3050	4244	181	998	-1
0	236	614	236	614	50	0	5000
1	849	450	849	450	50	0	5000
2	116	536	116	536	50	0	5000
3	192	933	192	933	50	0	5000
4	515	368	515	368	50	0	5000
5	236	614	236	614	50	0	5000
6	849	450	849	450	50	0	5000
7	116	536	116	536	50	0	5000
8	192	933	192	933	50	0	5000
9	515	368	515	368	50	0	5000
10	236	614	236	614	50	0	5000
11	849	450	849	450	50	0	5000
12	116	536	116	536	50	0	5000
13	192	933	192	933	50	0	5000
14	515	368	515	368	50	0	5000
15	236	614	236	614	50	0	5000
16	849	450	849	450	50	0	5000
17	116	536	116	536	50	0	5000
18	192	933	192	933	50	0	5000
19	515	368	515	368	50	0	5000
20	236	614	236	614	50	0	5000
21	849	450	849	450	50	0	5000
22	116	536	116	536	50	0	5000
23	192	933	192	933	50	0	5000
24	515	368	515	368	50	0	5000
25	236	614	236	614	50	0	5000
26	849	450	849	450	50	0	5000
27	116	536	116	536	50	0	5000
28	192	933	192	933	50	0	5000
29	515	368	515	368	50	0	5000
30	236	614	236	614	50	0	5000
31	849	450	849	450	50	0	5000
32	116	536	116	536	50	0	5000
33	192	933	192	933	50	0	5000
34	515	368	515	368	50	0	5000
35	236	614	236	614	50	0	5000
36	849	450	849	450	50	0	5000
37	116	536	116	536	50	0	5000
38	192	933	192	933	50	0	5000
39	515	368	515	368	50	0	5000
40	236	614	236	614	50	0	5000
41	849	450	849	450	50	0	5000
42	116	536	116	536	50	0	5000
43	192	933	192	933	50	0	5000
44	515	368	515	368	50	0	5000
45	236	614	236	614	50	0	5000
46	849	450	849	450	50	0	5000
47	116	536	116	536	50	0	5000
48	192	933	192	933	50	0	5000
49	515	368	515	368	50	0	5000
50	236	614	236	614	50	0	5000
51	849	450	849	450	50	0	5000
52	116	536	116	536	50	0	5000
53	192	933	192	933	50	0	5000
54	515	368	515	368	50	0	5000
55	236	614	236	614	50	0	5000
56	849	450	849	450	50	0	5000
57	116	536	116	536	50	0	5000
58	192	933	192	933	50	0	5000
59	515	368	515	368	50	0	5000
60	236	614	236	614	50	0	5000
61	849	450	849	450	50	0	5000
62	116	536	116	536	50	0	5000
63	192	933	192	933	50	0	5000
64	515	368	515	368	50	0	5000
65	236	614	236	614	50	0	5000
66	849	450	849	450	50	0	5000
67	116	536	116	536	50	0	5000
68	192	933	192	933	50	0	5000
69	515	368	515	368	50	0	5000
70	236	614	236	614	50	0	5000
71	849	450	849	450	50	0	5000
72	116	536	116	536	50	0	5000
73	192	933	192	933	50	0	5000
74	515	368	515	368	50	0	5000
75	236	614	236	614	50	0	5000
76	849	450	849	450	50	0	5000
77	116	536	116	536	50	0	5000
78	192	933	192	933	50	0	5000
79	515	368	515	368	50	0	5000
80	236	614	236	614	50	0	5000
81	849	450	849	450	50	0	5000
82	116	536	116	536	50	0	5000
83	192	933	192	933	50	0	5000
84	515	368	515	368	50	0	5000
85	236	614	236	614	50	0	5000
86	849	450	849	450	50	0	5000
87	116	536	116	536	50	0	5000
88	192	933	192	933	50	0	5000
89	515	368	515	368	50	0	5000
90	236	614	236	614	50	0	5000
91	849	450	849	450	50	0	5000
92	116	536	116	536	50	0	5000
93	192	933	192	933	50	0	5000
94	515	368	515	368	50	0	5000
95	236	614	236	614	50	0	5000
96	849	450	849	450	50	0	5000
97	116	536	116	536	50	0	5000
98	192	933	192	933	50	0	5000
99	515	368	515	368	50	0	5000
100	236	614	236	614	50	0	5000
101	849	450	849	450	50	0	5000
102	116	536	116	536	50	0	5000
103	192	933	192	933	50	0	5000
104	515	368	515	368	50	0	5000
105	236	614	236	614	50	0	5000
106	849	450	849	450	50	0	5000
107	116	536	116	536	50	0	5000
108	192	933	192	933	50	0	5000
109	515	368	515	368	50	0	5000
110	236	614	236	614	50	0	5000
111	849	450	849	450	50	0	5000
112	116	536	116	536	50	0	5000
113	192	933	192	933	50	0	5000
114	515	368	515	368	50	0	5000
115	236	614	236	614	50	0	5000
116	849	450	849	450	50	0	5000
117	116	536	116	536	50	0	5000
118	192	933	192	933	50	0	5000
119	515	368	515	368	50	0	5000
120	236	614	236	614	50	0	5000
121	849	450	849	450	50	0	5000
122	116	536	116	536	50	0	5000
123	192	933	192	933	50	0	5000
124	515	368	515	368	50	0	5000
125	236	614	236	614	50	0	5000
126	849	450	849	450	50	0	5000
127	116	536	116	536	50	0	5000
128	192	933	192	933	50	0	5000
129	515	368	515	368	50	0	5000
130	236	614	236	614	50	0	5000
131	849	450	849	450	50	0	5000
132	116	536	116	536	50	0	5000
133	192	933	192	933	50	0	5000
134	515	368	515	368	50	0	5000
135	236	614	236	614	50	0	5000
136	849	450	849	450	50	0	5000
137	116	536	116	536	50	0	5000
138	192	933	192	933	50	0	5000
139	515	368	515	368	50	0	5000
140	236	614	236	614	50	0	5000
141	849	450	849	450	50	0	5000
142	116	536	116	536	50	0	5000
143	192	933	192	933	50	0	5000
144	515	368	515	368	50	0	5000
145	236	614	236	614	50	0	5000
146	849	450	849	450	50	0	5000
147	116	536	116	536	50	0	5000
148	192	933	192	933	50	0	5000
149	515	368	515	368	50	0	5000
