50	15	1	1	100000
0	840	347	11	474	1344	237	-1	1	-1
1	890	315	-11	3069	3700	178	0	-1
2	921	538	6	3490	4358	238	-1	3	-1
3	834	671	-6	3911	4981	214	2	-1
4	433	776	14	2072	3322	162	-1	5	4	2	4	8	9
5	487	613	-14	3325	4124	112	4	-1
6	931	555	13	3285	4165	234	-1	7	-1
7	837	348	-13	3392	4852	118	6	-1
8	923	519	16	373	1041	183	-1	9	-1
9	832	441	-16	1628	2775	243	8	-1
10	879	799	19	487	1161	207	-1	11	6	1	2	6	10	11	12
11	838	652	-19	1923	2823	231	10	-1
12	665	865	10	966	1700	217	-1	13	-1
13	635	740	-10	3069	4363	171	12	-1
14	871	855	13	1398	2819	167	-1	15	-1
15	702	740	-13	3386	4689	211	14	-1
16	607	352	20	1710	3071	188	-1	17	-1
17	834	207	-20	2046	2635	159	16	-1
18	30	167	17	1878	3338	211	-1	19	6	0	1	7	8	10	12
19	42	4	-17	1531	2602	247	18	-1
20	669	505	12	733	1876	212	-1	21	6	3	5	8	9	13	14
21	542	302	-12	710	1524	206	20	-1
22	673	223	19	2451	3036	192	-1	23	7	1	5	8	10	11	13	14
23	711	77	-19	4016	4743	168	22	-1
24	260	470	9	3867	4717	177	-1	25	7	0	2	5	6	8	13	14
25	321	338	-9	3158	4601	188	24	-1
26	458	251	17	1648	3051	176	-1	27	7	2	4	6	10	11	12	14
27	530	309	-17	2906	3437	124	26	-1
28	605	891	19	1424	2614	244	-1	29	-1
29	730	980	-19	1066	2499	211	28	-1
30	920	629	7	337	1424	215	-1	31	-1
31	965	495	-7	3775	4734	235	30	-1
32	421	272	15	2149	3003	141	-1	33	5	1	2	4	6	13
33	444	263	-15	3265	4606	138	32	-1
34	857	674	10	2034	2983	234	-1	35	-1
35	967	853	-10	2435	3168	163	34	-1
36	835	194	13	532	1524	236	-1	37	7	1	7	8	10	11	12	13
37	891	352	-13	3363	3885	141	36	-1
38	41	868	11	2553	3403	196	-1	39	-1
39	142	727	-11	2650	3460	214	38	-1
40	507	524	14	3235	4457	184	-1	41	-1
41	511	398	-14	2867	4148	111	40	-1
42	184	487	10	750	2019	172	-1	43	-1
43	304	354	-10	1312	1880	226	42	-1
44	464	266	7	949	1685	144	-1	45	-1
45	534	296	-7	1563	2920	204	44	-1
46	642	189	12	2670	3260	183	-1	47	-1
47	732	64	-12	3760	4581	236	46	-1
48	660	637	17	433	1383	189	-1	49	-1
49	476	620	-17	3198	4401	178	48	-1
50	495	987	5	1412	2482	235	-1	51	6	1	3	5	7	8	12
51	315	978	-5	3202	4543	120	50	-1
52	873	299	17	2031	3289	121	-1	53	7	4	6	7	8	10	11	13
53	887	306	-17	3671	4254	195	52	-1
54	909	847	20	538	1639	140	-1	55	-1
55	854	667	-20	3716	4766	152	54	-1
56	187	857	13	887	2004	117	-1	57	8	1	3	7	9	11	12	13	14
57	37	821	-13	726	2011	145	56	-1
58	89	546	7	2492	3333	205	-1	59	-1
59	23	757	-7	2385	3219	198	58	-1
60	724	314	19	2668	3284	182	-1	61	5	2	3	4	8	11
61	853	204	-19	3265	4433	220	60	-1
62	202	615	15	95	1244	195	-1	63	-1
63	13	688	-15	2812	3994	242	62	-1
64	933	328	8	3106	3835	196	-1	65	7	0	2	4	7	8	11	13
65	889	300	-8	3487	4179	228	64	-1
66	702	278	9	2549	3703	193	-1	67	-1
67	762	139	-9	3395	4420	112	66	-1
68	175	868	16	579	1841	127	-1	69	7	2	5	6	7	8	9	13
69	174	868	-16	4046	4963	108	68	-1
70	200	465	19	257	1179	166	-1	71	-1
71	68	229	-19	2298	3316	207	70	-1
72	686	172	9	3218	4373	184	-1	73	-1
73	477	338	-9	3535	4398	176	72	-1
74	209	939	15	761	1923	211	-1	75	7	0	1	2	3	9	11	14
75	446	975	-15	2310	3009	174	74	-1
76	712	80	11	1760	2706	135	-1	77	4	2	5	6	14
77	894	155	-11	1588	2841	182	76	-1
78	342	316	13	1155	2402	186	-1	79	4	4	5	10	13
79	314	311	-13	1307	1976	243	78	-1
80	1	295	6	1240	2582	176	-1	81	6	3	4	7	10	12	13
81	99	431	-6	2718	3391	237	80	-1
82	916	534	7	1411	2377	158	-1	83	-1
83	960	587	-7	520	1922	207	82	-1
84	700	152	17	1944	2808	119	-1	85	6	1	4	6	7	9	13
85	711	77	-17	1938	2877	148	84	-1
86	445	342	16	1466	2314	102	-1	87	-1
87	447	249	-16	4106	4883	104	86	-1
88	535	296	14	1259	2543	135	-1	89	-1
89	364	334	-14	1715	2952	228	88	-1
90	984	692	17	1302	1936	245	-1	91	-1
91	896	753	-17	2249	3593	207	90	-1
92	168	964	9	3437	4031	103	-1	93	5	2	4	6	8	12
93	175	865	-9	3072	4089	115	92	-1
94	836	655	16	2837	3556	205	-1	95	-1
95	839	669	-16	2121	3412	249	94	-1
96	755	225	20	2016	3499	145	-1	97	8	0	2	3	4	6	10	11	13
97	889	304	-20	3636	4937	147	96	-1
98	310	346	7	417	1856	108	-1	99	-1
99	148	397	-7	1627	2997	110	98	-1
0	31	473	31	473	50	0	5000
1	273	735	273	735	50	0	5000
2	573	453	573	453	50	0	5000
3	601	436	601	436	50	0	5000
4	59	634	59	634	50	0	5000
5	31	473	31	473	50	0	5000
6	273	735	273	735	50	0	5000
7	573	453	573	453	50	0	5000
8	601	436	601	436	50	0	5000
9	59	634	59	634	50	0	5000
10	31	473	31	473	50	0	5000
11	273	735	273	735	50	0	5000
12	573	453	573	453	50	0	5000
13	601	436	601	436	50	0	5000
14	59	634	59	634	50	0	5000
