250	75	1	1	100000
0	525	851	7	525	1607	111	-1	1	38	4	6	7	9	10	11	12	14	15	17	18	19	21	22	23	25	27	29	32	34	35	36	38	39	41	42	43	44	50	54	57	58	61	63	64	66	68	74
1	750	904	-7	3626	4805	165	0	-1
2	776	29	13	699	1416	124	-1	3	-1
3	841	191	-13	2231	2764	138	2	-1
4	55	565	9	551	1852	126	-1	5	36	1	2	5	6	8	10	11	13	16	19	23	24	25	26	31	32	34	37	40	41	42	43	44	45	46	50	51	55	56	63	64	66	68	69	70	72
5	0	594	-9	3915	4964	117	4	-1
6	750	903	13	2415	3275	116	-1	7	-1
7	750	903	-13	1495	2868	228	6	-1
8	570	603	15	2988	4388	198	-1	9	37	1	5	9	10	12	19	21	22	26	27	29	37	39	42	43	44	45	46	47	50	53	55	56	57	58	59	62	63	64	65	66	67	68	69	70	73	74
9	513	522	-15	3088	3831	211	8	-1
10	509	531	16	1347	2755	234	-1	11	35	0	1	3	4	5	8	11	12	14	15	17	19	20	22	29	32	35	36	37	39	41	42	44	46	49	53	54	55	59	61	63	65	66	68	72
11	507	531	-16	1828	2336	148	10	-1
12	97	197	10	3391	4807	129	-1	13	39	3	8	12	13	14	15	20	21	22	26	27	30	31	32	33	34	36	38	39	43	44	45	46	50	51	52	54	55	58	59	61	63	65	68	70	71	72	73	74
13	116	172	-10	3168	3996	166	12	-1
14	591	601	10	2113	2813	132	-1	15	25	2	4	13	15	17	24	27	28	29	30	34	35	40	45	48	52	55	58	59	63	68	70	71	72	73
15	560	536	-10	3854	4877	210	14	-1
16	764	156	5	504	1870	187	-1	17	-1
17	772	61	-5	3735	4789	176	16	-1
18	137	177	9	862	2292	159	-1	19	33	1	2	5	6	7	9	12	17	25	26	30	32	35	36	37	42	44	45	46	47	48	51	52	54	57	60	62	64	65	66	70	71	72
19	127	15	-9	3119	3939	178	18	-1
20	533	506	6	249	1307	176	-1	21	-1
21	507	530	-6	1558	2424	210	20	-1
22	763	44	6	555	1610	124	-1	23	-1
23	842	191	-6	205	1133	199	22	-1
24	117	177	20	1513	2216	181	-1	25	26	0	1	6	11	13	14	19	20	21	22	24	30	32	33	38	43	46	48	51	58	59	61	67	69	71	74
25	122	181	-20	2605	4000	201	24	-1
26	739	926	17	1898	3265	149	-1	27	41	1	2	4	5	6	7	9	11	15	19	22	23	24	25	26	27	29	32	34	35	36	37	39	43	44	46	47	48	49	51	52	53	54	55	56	57	62	63	68	69	70
27	837	850	-17	1481	2950	159	26	-1
28	120	178	11	169	696	197	-1	29	35	1	3	4	5	8	9	10	13	14	18	20	22	24	25	27	30	32	35	37	38	39	40	41	46	48	49	50	51	52	53	58	60	61	65	72
29	127	9	-11	2426	3388	100	28	-1
30	221	202	19	2322	3719	243	-1	31	-1
31	120	178	-19	3843	4669	184	30	-1
32	129	16	14	1382	2696	150	-1	33	38	1	3	4	6	8	15	17	20	21	22	25	26	28	30	31	32	33	34	35	37	38	39	40	41	42	45	47	48	50	51	53	56	57	60	64	67	70	73
33	120	182	-14	2357	3355	185	32	-1
34	756	34	14	2687	3805	186	-1	35	-1
35	768	30	-14	3312	4206	130	34	-1
36	152	181	10	2963	3464	119	-1	37	36	1	3	5	6	7	8	11	12	14	18	20	23	24	26	31	32	33	34	35	36	38	39	46	47	48	50	51	57	60	63	67	69	70	71	73	74
37	129	47	-10	3620	4999	151	36	-1
38	752	895	11	1750	2695	118	-1	39	41	2	3	4	5	8	10	11	12	13	14	15	16	17	19	20	21	22	23	24	25	26	28	30	33	35	36	40	42	47	52	53	55	56	58	60	61	64	65	67	71	74
39	726	898	-11	1539	2205	231	38	-1
40	553	543	7	288	1505	143	-1	41	22	4	5	7	8	10	11	14	17	19	21	23	25	26	28	35	37	40	42	47	53	65	66
41	595	607	-7	1307	2570	239	40	-1
42	803	116	16	396	1801	171	-1	43	44	1	3	4	5	6	7	9	11	12	14	15	17	19	21	22	23	24	25	27	29	30	31	35	40	42	43	45	46	47	49	51	54	55	57	58	59	61	63	64	65	66	71	73	74
43	827	209	-16	889	1822	242	42	-1
44	814	148	17	1884	3075	218	-1	45	-1
45	875	236	-17	3546	4098	142	44	-1
46	749	904	7	700	1924	133	-1	47	35	0	2	5	6	7	8	9	11	18	19	20	21	28	29	31	32	34	36	38	43	46	50	53	54	59	60	61	62	64	65	68	69	71	72	73
47	755	901	-7	3708	4734	248	46	-1
48	536	830	8	871	2209	128	-1	49	37	0	1	2	3	5	6	8	9	14	15	16	18	20	21	30	31	33	40	41	42	43	44	45	46	48	49	53	55	56	58	59	64	65	67	69	73	74
49	760	862	-8	1360	2346	151	48	-1
50	746	840	10	1216	1991	100	-1	51	-1
51	600	602	-10	2176	3526	184	50	-1
52	840	854	14	1125	1822	188	-1	53	27	1	2	3	5	8	10	12	13	14	16	18	19	21	28	29	36	40	41	42	50	51	54	56	57	59	62	66
53	749	966	-14	2066	3515	149	52	-1
54	604	605	14	2237	3388	110	-1	55	33	1	3	4	5	6	7	8	11	12	14	22	23	24	26	27	29	30	31	34	35	40	41	45	48	50	51	59	61	63	66	68	71	74
55	515	538	-14	3488	4472	234	54	-1
56	197	247	20	33	567	104	-1	57	35	3	4	7	12	13	15	16	17	18	19	20	21	22	31	32	33	34	35	37	38	39	41	44	46	47	52	54	55	56	59	62	66	67	69	70
57	121	179	-20	1053	1615	219	56	-1
58	136	71	17	390	1580	198	-1	59	22	4	6	18	22	23	25	31	38	45	52	54	55	59	60	61	62	63	67	68	69	70	72
59	73	36	-17	3105	4506	240	58	-1
60	530	849	6	407	947	113	-1	61	35	2	3	4	5	9	12	13	14	15	18	19	20	22	28	29	33	34	35	39	40	44	45	46	47	48	50	52	57	59	61	64	67	69	73	74
61	705	900	-6	3332	4086	119	60	-1
62	130	15	8	499	1921	139	-1	63	-1
63	178	59	-8	2174	3243	210	62	-1
64	532	851	17	1396	2361	101	-1	65	41	1	4	5	7	13	16	17	18	21	22	23	24	25	31	32	38	39	40	41	42	43	44	45	46	48	51	53	54	55	56	59	61	62	63	65	68	69	70	72	73	74
65	519	569	-17	2491	3178	222	64	-1
66	603	600	18	1368	2760	167	-1	67	27	8	11	12	14	16	19	20	22	23	24	25	28	33	37	38	40	41	42	43	46	58	60	62	64	69	71	74
67	476	512	-18	3421	4730	201	66	-1
68	506	531	9	185	1480	200	-1	69	-1
69	612	634	-9	481	1915	243	68	-1
70	755	892	10	2405	3904	156	-1	71	-1
71	530	856	-10	1945	3042	222	70	-1
72	0	596	5	285	1566	215	-1	73	-1
73	3	594	-5	886	1539	113	72	-1
74	839	191	13	182	1577	138	-1	75	-1
75	880	220	-13	2581	3227	139	74	-1
76	538	844	13	2195	2897	182	-1	77	-1
77	506	851	-13	3630	4845	121	76	-1
78	42	572	16	181	871	191	-1	79	37	4	6	8	9	10	13	14	17	18	19	20	26	28	31	32	33	36	37	38	39	41	44	47	49	52	54	56	59	60	61	62	68	70	71	72	73	74
79	10	608	-16	1435	2837	104	78	-1
80	73	34	7	250	1709	245	-1	81	26	1	4	8	9	10	11	12	16	19	21	22	25	27	31	33	35	39	40	42	45	47	52	59	66	68	73
81	123	16	-7	1281	1823	237	80	-1
82	507	531	8	1764	2540	227	-1	83	-1
83	601	600	-8	3454	4394	240	82	-1
84	864	843	15	68	1230	209	-1	85	39	0	2	4	7	8	14	15	16	17	19	21	23	25	26	30	31	32	35	37	40	43	45	46	48	50	51	53	54	55	56	57	60	63	64	65	66	69	70	71
85	750	904	-15	4136	4721	103	84	-1
86	470	511	14	1161	2647	135	-1	87	-1
87	595	605	-14	1915	3013	187	86	-1
88	120	178	8	629	2031	115	-1	89	23	1	3	8	11	15	16	18	21	24	25	28	29	36	39	44	52	58	59	60	63	67	70	72
89	108	162	-8	3414	4744	155	88	-1
90	465	532	5	2365	3207	155	-1	91	38	1	2	7	8	9	10	11	13	14	17	18	22	24	25	26	30	31	33	35	36	45	46	48	49	50	51	52	53	54	56	59	60	62	64	65	66	71	73
91	601	606	-5	4283	4934	103	90	-1
92	754	900	11	264	1012	121	-1	93	-1
93	679	910	-11	1443	2728	178	92	-1
94	507	531	12	205	1688	124	-1	95	-1
95	610	536	-12	3283	4424	170	94	-1
96	841	191	9	1865	2879	237	-1	97	32	1	2	6	8	10	14	16	18	22	27	31	34	38	40	42	45	46	47	51	55	56	57	58	63	64	65	66	68	69	70	73	74
97	845	189	-9	2240	3093	242	96	-1
98	129	13	9	2244	3299	179	-1	99	27	1	2	3	4	5	7	9	11	15	17	27	28	30	32	33	35	36	39	46	47	49	54	55	59	64	70	73
99	120	177	-9	2344	3635	109	98	-1
100	120	178	14	482	1970	134	-1	101	32	0	1	3	4	8	10	11	12	16	17	23	25	27	30	31	32	34	37	40	42	43	45	47	51	52	57	60	63	67	71	72	73
101	156	43	-14	2088	3393	215	100	-1
102	655	892	9	1147	2400	191	-1	103	27	0	1	3	4	6	18	19	20	21	23	25	30	32	33	34	37	39	44	45	47	52	57	62	68	69	70	74
103	504	867	-9	3113	3770	220	102	-1
104	844	831	19	2202	3235	156	-1	105	-1
105	727	958	-19	3604	4701	230	104	-1
106	805	827	11	586	1340	184	-1	107	-1
107	742	951	-11	2083	2786	124	106	-1
108	507	531	9	2045	3104	103	-1	109	-1
109	507	531	-9	2101	2914	236	108	-1
110	860	237	13	3211	4015	160	-1	111	-1
111	841	191	-13	3212	4104	166	110	-1
112	508	459	17	309	1397	146	-1	113	-1
113	577	595	-17	2629	3168	194	112	-1
114	164	7	13	1821	3066	166	-1	115	35	0	8	10	14	15	17	19	22	24	25	26	29	30	33	34	35	37	40	43	44	45	46	50	52	54	56	57	58	59	61	64	66	68	72	73
115	229	49	-13	3460	4688	245	114	-1
116	474	583	8	1220	1856	150	-1	117	-1
117	522	543	-8	1018	2031	211	116	-1
118	757	117	12	942	2113	232	-1	119	-1
119	800	206	-12	3016	4463	226	118	-1
120	597	607	10	404	1494	127	-1	121	-1
121	503	537	-10	3207	4394	223	120	-1
122	602	605	17	1033	2165	190	-1	123	29	0	1	6	10	12	13	14	17	21	22	23	26	29	31	33	35	41	51	52	54	55	57	59	60	63	67	68	69	72
123	516	525	-17	1494	2800	164	122	-1
124	461	595	10	1006	1580	156	-1	125	-1
125	605	607	-10	1011	2241	220	124	-1
126	124	190	11	1079	2541	186	-1	127	37	3	4	5	9	11	13	14	15	16	17	22	24	25	26	27	28	30	32	33	36	37	42	43	45	47	49	51	52	53	55	61	62	64	67	68	70	72
127	130	13	-11	1889	3116	103	126	-1
128	118	178	11	3679	4182	111	-1	129	-1
129	139	177	-11	3004	4493	163	128	-1
130	3	602	16	1941	2746	226	-1	131	-1
131	15	663	-16	3444	4862	211	130	-1
132	769	37	14	645	1507	147	-1	133	-1
133	828	187	-14	1019	2290	231	132	-1
134	133	211	8	946	2272	173	-1	135	-1
135	111	34	-8	2058	3349	115	134	-1
136	28	610	17	1228	1794	210	-1	137	29	0	1	2	3	4	6	7	8	22	23	27	29	30	34	36	37	44	45	51	53	56	57	62	63	64	67	68	69	70
137	1	600	-17	2421	3825	100	136	-1
138	129	15	11	955	1728	159	-1	139	43	0	1	6	8	9	10	11	14	16	17	19	21	22	23	24	25	26	27	29	30	32	33	34	36	37	39	40	41	43	47	52	55	60	64	65	67	68	69	70	71	72	73	74
139	182	162	-11	3222	4179	239	138	-1
140	509	855	15	244	1715	114	-1	141	36	2	3	7	9	10	16	19	23	24	27	29	34	35	37	38	40	42	44	45	47	48	49	50	51	53	55	57	60	61	63	64	65	66	70	73	74
141	613	592	-15	175	1334	227	140	-1
142	588	544	5	1492	2556	172	-1	143	24	1	4	7	9	10	11	16	18	23	27	28	31	39	40	44	47	49	56	57	62	63	64	66	67
143	492	529	-5	1845	2661	156	142	-1
144	883	180	17	355	1156	163	-1	145	-1
145	840	188	-17	2583	4047	156	144	-1
146	119	194	17	98	1517	217	-1	147	-1
147	134	11	-17	3440	4895	150	146	-1
148	833	195	10	482	1799	123	-1	149	27	0	1	4	5	6	8	15	16	17	19	22	23	25	29	30	32	37	41	43	46	49	53	55	62	66	71	73
149	768	39	-10	743	1905	218	148	-1
150	129	14	7	2124	3141	175	-1	151	35	4	6	9	12	13	15	16	18	19	25	26	28	31	32	34	36	37	41	43	44	46	47	48	50	51	52	53	56	59	61	62	63	66	69	73
151	128	178	-7	2110	3585	206	150	-1
152	420	457	11	209	980	126	-1	153	-1
153	599	604	-11	1127	2233	167	152	-1
154	714	964	14	3451	4154	237	-1	155	-1
155	761	886	-14	3490	4834	249	154	-1
156	512	852	18	324	1792	232	-1	157	36	2	5	7	11	12	13	15	16	18	19	20	23	24	27	28	29	34	36	38	39	41	42	43	45	49	51	52	53	56	58	60	63	65	68	69	72
157	752	901	-18	283	1601	100	156	-1
158	110	30	10	122	1225	102	-1	159	41	1	3	4	8	11	12	13	18	19	21	22	24	25	26	28	30	31	34	36	38	40	41	42	43	44	45	47	48	52	54	55	56	57	58	60	61	62	63	64	65	66
159	154	23	-10	712	1897	115	158	-1
160	121	180	6	169	1135	203	-1	161	26	3	6	10	13	14	15	16	21	22	23	30	33	34	37	40	41	44	47	50	55	56	57	58	65	73	74
161	119	181	-6	557	1769	219	160	-1
162	855	194	17	790	2080	192	-1	163	32	4	8	11	12	14	16	17	18	20	22	26	27	30	33	36	40	42	43	44	46	48	49	50	51	52	55	56	58	63	64	71	73
163	844	191	-17	3022	3579	103	162	-1
164	32	193	10	3401	4724	174	-1	165	-1
165	120	175	-10	3277	4749	202	164	-1
166	119	182	9	825	1477	101	-1	167	-1
167	129	15	-9	3184	4556	182	166	-1
168	2	602	13	1027	1574	116	-1	169	-1
169	6	638	-13	1349	2708	219	168	-1
170	96	182	6	30	1213	209	-1	171	28	4	5	6	7	11	12	16	18	19	20	21	22	25	26	32	34	39	43	44	47	48	50	51	55	59	63	64	71
171	128	17	-6	342	1327	248	170	-1
172	622	729	13	2566	3468	118	-1	173	-1
173	599	601	-13	3724	4502	170	172	-1
174	904	116	14	2552	3464	223	-1	175	43	4	5	7	8	9	11	12	13	14	17	20	22	23	24	27	29	30	32	33	34	35	37	40	41	43	45	46	47	48	50	52	53	55	59	61	62	63	66	68	69	71	72	73
175	844	199	-14	3565	4680	176	174	-1
176	530	503	14	1603	2874	148	-1	177	-1
177	544	510	-14	1343	2836	233	176	-1
178	881	103	5	465	1593	169	-1	179	40	3	7	9	10	12	13	14	16	18	20	21	22	23	26	27	28	29	33	34	39	41	43	44	47	48	50	51	52	58	59	60	61	64	65	66	67	68	70	72	73
179	951	175	-5	2409	3256	199	178	-1
180	115	182	18	1077	1792	132	-1	181	-1
181	120	178	-18	2539	3173	141	180	-1
182	599	601	13	1710	2316	206	-1	183	-1
183	601	610	-13	1966	2857	155	182	-1
184	597	614	10	783	1936	143	-1	185	-1
185	503	529	-10	3201	4136	230	184	-1
186	837	846	13	3615	4195	111	-1	187	41	1	2	3	5	6	9	10	11	12	15	20	21	22	26	28	29	30	31	32	34	35	36	38	41	42	44	45	46	49	53	55	56	59	60	63	64	69	70	71	72	73
187	790	867	-13	3681	4733	113	186	-1
188	804	889	6	713	2120	242	-1	189	43	2	5	7	8	9	10	12	14	15	16	18	20	21	23	25	26	29	31	33	35	38	39	40	41	42	43	44	45	46	47	48	52	54	56	57	58	61	63	64	65	70	71	72
189	839	847	-6	1727	2704	182	188	-1
190	502	876	14	4040	4778	196	-1	191	-1
191	751	903	-14	4079	4887	220	190	-1
192	532	857	8	3647	4207	181	-1	193	43	0	1	4	5	6	12	13	16	17	21	24	25	29	30	31	33	34	35	37	38	40	41	42	44	45	46	47	48	50	51	52	53	55	57	59	63	64	66	67	70	71	72	73
193	711	913	-8	2992	4395	243	192	-1
194	853	193	11	1716	2248	124	-1	195	36	0	1	3	5	7	8	9	11	12	13	17	19	23	30	31	34	36	37	38	39	41	42	43	44	45	48	50	55	56	59	60	61	67	68	69	72
195	767	49	-11	2800	4147	227	194	-1
196	168	103	9	675	1553	114	-1	197	26	7	8	10	17	19	22	24	28	29	37	38	39	41	42	43	45	48	49	50	52	53	57	59	60	62	64
197	117	178	-9	1846	2581	158	196	-1
198	5	607	8	3187	4451	111	-1	199	37	0	1	4	7	8	9	10	11	12	14	16	17	18	19	21	23	25	29	32	34	38	40	46	47	49	50	51	52	53	54	55	60	66	68	71	72	73
199	50	606	-8	3254	4209	140	198	-1
200	129	15	6	1138	2463	124	-1	201	-1
201	112	191	-6	3642	4408	187	200	-1
202	537	574	16	417	1057	176	-1	203	-1
203	528	848	-16	783	1647	189	202	-1
204	804	126	13	408	1573	115	-1	205	-1
205	767	38	-13	3373	4533	190	204	-1
206	122	179	9	2864	4242	144	-1	207	40	5	6	8	9	10	11	13	15	16	22	23	24	25	30	31	33	34	35	36	37	39	40	41	42	46	47	48	52	53	55	57	58	61	62	63	64	67	68	69	71
207	29	178	-9	3216	4419	179	206	-1
208	841	190	20	641	1684	125	-1	209	25	1	2	4	6	18	20	22	34	36	37	41	44	45	46	48	53	54	56	57	59	62	65	66	70	73
209	839	189	-20	2089	3296	189	208	-1
210	838	214	18	1136	2586	244	-1	211	26	1	4	8	20	22	26	29	33	34	38	39	40	42	47	48	51	52	54	55	58	61	62	64	65	66	71
211	767	40	-18	3549	4330	144	210	-1
212	512	530	13	1780	3277	224	-1	213	-1
213	652	515	-13	1128	2567	122	212	-1
214	773	878	19	2844	4204	172	-1	215	31	0	2	3	9	12	13	15	18	19	23	27	31	32	35	36	37	38	41	44	47	48	50	53	54	62	63	64	67	70	71	72
215	837	849	-19	2601	3544	112	214	-1
216	886	143	12	318	1642	205	-1	217	-1
217	860	188	-12	3502	4517	216	216	-1
218	841	191	12	3180	4441	163	-1	219	-1
219	814	173	-12	2753	4188	228	218	-1
220	848	858	18	188	702	100	-1	221	25	0	2	8	10	11	15	16	19	24	25	28	29	31	37	38	39	45	49	52	53	54	55	57	58	70
221	710	626	-18	3004	3931	192	220	-1
222	837	849	13	1199	2180	119	-1	223	31	2	4	5	7	10	11	13	16	17	21	22	24	27	28	29	30	35	36	37	38	43	45	46	47	50	52	56	62	63	65	69
223	837	849	-13	1105	1913	190	222	-1
224	764	797	16	500	1354	174	-1	225	-1
225	599	601	-16	1762	2875	218	224	-1
226	822	845	14	854	1618	197	-1	227	-1
227	837	849	-14	234	1484	126	226	-1
228	838	197	12	1468	2008	168	-1	229	-1
229	844	192	-12	4428	4935	200	228	-1
230	533	530	16	887	1853	143	-1	231	22	1	7	8	10	12	16	18	21	22	30	32	40	45	47	49	51	54	56	57	61	64	65
231	550	492	-16	2184	3247	132	230	-1
232	535	866	15	2287	3406	127	-1	233	-1
233	751	904	-15	1592	2967	130	232	-1
234	763	45	10	2414	3770	233	-1	235	25	3	5	11	12	13	15	17	20	26	29	30	32	38	40	41	44	53	55	56	58	60	64	66	67	69
235	850	193	-10	2775	3592	114	234	-1
236	26	602	20	1314	2293	222	-1	237	37	4	6	7	8	9	10	11	12	13	17	18	21	24	26	30	31	32	34	35	36	37	39	40	41	42	45	49	50	57	58	64	65	66	68	69	70	71
237	2	603	-20	2871	4263	158	236	-1
238	758	897	10	368	1061	188	-1	239	-1
239	751	909	-10	3025	3965	188	238	-1
240	866	205	18	1268	1899	221	-1	241	-1
241	764	48	-18	2385	3474	191	240	-1
242	752	904	16	659	2107	249	-1	243	33	3	6	11	13	15	18	21	28	29	31	32	33	34	36	39	40	44	46	49	51	52	53	56	58	59	60	62	63	64	66	67	71	72
243	784	901	-16	3107	4186	150	242	-1
244	840	852	14	1674	2457	190	-1	245	-1
245	748	942	-14	2647	3693	246	244	-1
246	87	214	17	482	1688	110	-1	247	40	4	5	7	8	10	11	14	15	16	17	19	20	23	26	27	29	30	31	34	37	39	40	41	44	45	48	53	54	55	56	57	59	60	63	64	67	68	69	71	73
247	124	189	-17	2992	4464	225	246	-1
248	762	38	19	3401	4288	120	-1	249	42	0	2	3	5	6	7	8	12	13	19	20	22	23	24	27	29	30	32	35	36	37	38	39	40	41	44	45	47	48	49	52	53	54	55	59	60	62	63	66	68	69	73
249	836	203	-19	3764	4890	224	248	-1
250	841	191	11	1553	2462	159	-1	251	26	1	4	6	7	10	13	14	18	20	22	27	33	36	38	40	43	46	52	53	55	56	57	59	61	66	73
251	908	152	-11	1184	2599	174	250	-1
252	128	0	16	1510	3001	173	-1	253	-1
253	112	2	-16	924	1917	165	252	-1
254	860	847	15	2850	3814	102	-1	255	-1
255	837	849	-15	2476	3436	120	254	-1
256	842	834	10	2033	3395	113	-1	257	-1
257	832	920	-10	3575	4738	190	256	-1
258	609	587	20	1867	3176	144	-1	259	24	1	5	9	14	16	17	19	22	27	33	35	37	38	43	45	49	58	60	61	62	63	64	68	73
259	489	563	-20	3724	4563	197	258	-1
260	117	175	8	52	861	228	-1	261	-1
261	107	31	-8	970	2256	111	260	-1
262	560	557	6	3321	3885	131	-1	263	-1
263	503	468	-6	4099	4987	212	262	-1
264	606	601	7	1665	2267	182	-1	265	24	4	10	12	18	23	24	28	31	32	34	38	39	40	42	44	47	50	54	55	57	60	61	63	69
265	520	780	-7	3823	4846	191	264	-1
266	507	529	11	1428	2844	196	-1	267	-1
267	599	601	-11	2586	3309	134	266	-1
268	838	845	18	1009	2275	122	-1	269	-1
269	827	847	-18	3837	4893	237	268	-1
270	739	910	15	1207	2652	230	-1	271	-1
271	527	848	-15	2865	4098	102	270	-1
272	135	200	10	1192	1728	150	-1	273	-1
273	121	177	-10	2110	2673	224	272	-1
274	125	174	11	300	1070	207	-1	275	36	0	2	5	9	11	13	14	16	18	20	23	24	25	26	31	33	36	38	39	41	43	46	47	50	51	52	54	55	56	58	60	65	67	68	69	72
275	138	12	-11	2913	4392	127	274	-1
276	119	176	19	1026	1887	127	-1	277	-1
277	120	179	-19	1297	2362	229	276	-1
278	837	849	9	974	1978	105	-1	279	26	1	5	10	17	18	20	22	24	29	32	33	35	38	39	41	43	45	55	56	57	59	60	66	67	69	72
279	846	835	-9	2582	3337	191	278	-1
280	517	566	10	1133	2380	215	-1	281	-1
281	613	784	-10	2684	3838	213	280	-1
282	616	659	18	3082	4144	232	-1	283	31	1	4	9	11	16	17	18	21	22	23	26	27	28	33	36	37	38	40	47	49	53	56	59	60	63	64	65	66	68	71	72
283	507	823	-18	2928	4188	140	282	-1
284	857	177	10	1796	2948	134	-1	285	-1
285	853	202	-10	4006	4669	126	284	-1
286	129	15	10	1505	2856	159	-1	287	-1
287	127	176	-10	4321	4910	135	286	-1
288	527	496	6	611	1502	146	-1	289	32	2	4	7	9	10	12	14	17	22	25	34	35	36	37	39	40	42	44	48	49	52	54	57	59	60	63	65	66	67	68	69	72
289	621	589	-6	3423	4243	223	288	-1
290	842	185	17	986	1663	152	-1	291	-1
291	842	136	-17	2153	2878	243	290	-1
292	771	42	7	890	2310	177	-1	293	32	1	3	5	6	14	15	16	17	18	19	20	23	25	27	30	36	38	39	41	42	45	48	49	52	54	58	59	60	62	65	72	73
293	842	192	-7	1454	2605	164	292	-1
294	746	886	12	2807	3357	215	-1	295	23	1	2	5	14	16	22	26	27	29	31	35	36	37	38	39	41	42	45	52	55	61	63	64
295	836	849	-12	3337	4144	150	294	-1
296	479	501	15	1011	1760	199	-1	297	25	2	4	7	8	10	14	17	21	22	26	32	36	42	45	46	50	51	52	54	59	61	65	67	70	71
297	504	533	-15	3677	4575	184	296	-1
298	786	880	13	869	1407	154	-1	299	31	2	3	6	7	9	10	12	15	24	26	27	28	34	35	36	42	44	46	49	50	51	52	53	54	56	62	66	67	68	70	71
299	750	903	-13	1114	1689	110	298	-1
300	512	522	12	2904	3804	202	-1	301	-1
301	507	531	-12	3731	4250	223	300	-1
302	528	848	17	2028	3174	232	-1	303	-1
303	748	920	-17	2614	3389	248	302	-1
304	774	857	11	680	2165	155	-1	305	-1
305	515	866	-11	281	1750	232	304	-1
306	461	548	16	419	934	144	-1	307	-1
307	465	400	-16	1657	2776	179	306	-1
308	37	600	14	872	1442	189	-1	309	-1
309	27	565	-14	738	2021	194	308	-1
310	768	36	7	225	1390	158	-1	311	-1
311	855	171	-7	4325	4935	211	310	-1
312	520	854	10	351	1028	191	-1	313	23	4	5	10	19	20	29	30	33	34	35	40	44	46	47	49	50	52	53	54	59	68	69	73
313	538	572	-10	3999	4549	143	312	-1
314	838	190	5	920	1816	235	-1	315	32	3	4	6	9	11	13	14	19	21	23	26	27	29	30	31	32	33	35	40	42	43	46	49	53	60	62	66	67	68	70	72	74
315	841	189	-5	2270	3705	112	314	-1
316	599	601	17	2008	3240	106	-1	317	-1
317	510	839	-17	3036	4086	185	316	-1
318	749	40	8	2160	3152	128	-1	319	-1
319	806	127	-8	3328	4313	146	318	-1
320	755	901	19	1493	2564	149	-1	321	26	3	4	7	12	13	15	17	19	21	26	29	30	32	33	34	38	40	45	47	50	53	58	60	62	72	74
321	518	853	-19	1882	2726	161	320	-1
322	849	203	11	1380	2327	239	-1	323	-1
323	869	203	-11	1086	2406	204	322	-1
324	116	157	13	1005	2256	220	-1	325	35	1	4	8	10	13	14	15	18	19	23	24	25	27	28	30	33	35	37	38	41	42	43	48	53	55	56	57	62	65	67	68	69	70	71	72
325	129	15	-13	2660	3562	147	324	-1
326	141	32	18	2244	3731	108	-1	327	-1
327	120	177	-18	2877	4125	160	326	-1
328	852	833	6	2666	3969	151	-1	329	-1
329	769	899	-6	3039	3794	221	328	-1
330	869	93	13	268	1475	181	-1	331	-1
331	841	211	-13	2793	4046	197	330	-1
332	841	190	14	275	1196	235	-1	333	-1
333	772	31	-14	3696	4343	101	332	-1
334	534	839	13	168	999	118	-1	335	28	3	4	5	7	9	10	11	13	16	20	24	31	36	38	40	41	44	46	49	51	53	54	56	57	62	67	69	71
335	629	627	-13	909	1437	162	334	-1
336	120	178	12	1140	2072	196	-1	337	25	4	10	16	17	19	20	21	23	26	33	35	37	41	42	45	46	48	51	56	57	59	63	65	68	71
337	72	92	-12	1355	1895	188	336	-1
338	746	899	7	384	1135	119	-1	339	-1
339	751	903	-7	3714	4273	237	338	-1
340	123	23	14	169	1070	231	-1	341	-1
341	120	178	-14	3378	4652	228	340	-1
342	847	172	6	2433	3790	160	-1	343	-1
343	770	41	-6	3219	4185	158	342	-1
344	524	849	14	1535	2747	116	-1	345	39	2	3	4	5	6	8	10	12	14	17	19	21	22	23	30	31	33	34	35	36	39	45	46	49	51	54	55	56	57	58	59	63	64	65	66	67	68	70	71
345	598	604	-14	2415	3774	234	344	-1
346	131	183	13	1510	2969	110	-1	347	27	1	3	5	7	9	13	16	18	23	25	26	30	32	33	34	37	43	44	46	53	59	62	63	64	68	72	73
347	119	178	-13	2978	3555	133	346	-1
348	769	36	10	3347	4041	180	-1	349	41	0	1	4	5	7	9	10	11	12	13	17	18	24	26	27	28	29	30	32	34	35	36	39	40	42	43	44	46	47	49	51	55	57	58	61	62	65	67	69	71	72
349	842	187	-10	3587	4244	124	348	-1
350	841	191	15	1394	2211	232	-1	351	22	9	12	14	17	20	24	28	29	30	31	35	36	39	41	42	47	54	57	60	65	69	71
351	823	56	-15	2556	3732	232	350	-1
352	768	884	8	2508	3645	198	-1	353	-1
353	750	906	-8	2369	3616	238	352	-1
354	843	851	19	1059	2545	167	-1	355	39	0	1	7	9	12	13	14	15	16	17	18	19	22	23	25	27	29	32	35	36	38	39	40	41	43	47	49	51	53	56	58	60	62	63	66	68	70	72	74
355	602	943	-19	2855	4009	170	354	-1
356	498	498	14	2858	4350	112	-1	357	38	1	7	8	9	16	19	20	21	23	24	27	28	29	31	32	35	38	39	42	43	45	48	49	50	52	56	58	59	60	61	62	64	65	66	68	69	70	74
357	498	560	-14	2272	3553	179	356	-1
358	528	854	20	2423	3072	227	-1	359	40	2	5	6	9	11	12	13	15	18	21	24	26	27	28	29	30	31	34	35	39	40	41	43	44	45	46	47	48	52	53	54	56	58	59	60	61	63	65	67	71
359	514	900	-20	2638	3771	109	358	-1
360	851	191	19	2801	3853	235	-1	361	41	0	3	5	7	8	10	11	12	13	15	16	19	23	25	27	33	34	35	36	40	41	42	44	45	49	50	52	54	57	58	61	62	63	64	65	67	68	69	71	72	74
361	810	97	-19	3460	4060	242	360	-1
362	599	600	14	2919	4228	188	-1	363	25	8	12	15	16	17	20	21	26	27	32	34	35	38	40	43	44	47	49	61	63	65	68	70	71	72
363	528	848	-14	2852	3896	194	362	-1
364	774	39	12	580	1402	148	-1	365	-1
365	840	192	-12	1979	3014	104	364	-1
366	838	837	7	967	1917	198	-1	367	-1
367	750	903	-7	2918	3625	211	366	-1
368	510	544	14	1593	2835	201	-1	369	-1
369	629	492	-14	2708	3534	179	368	-1
370	127	163	13	1585	2241	165	-1	371	36	3	4	5	6	11	12	14	15	17	18	21	24	25	26	27	29	33	35	36	40	42	44	47	48	49	52	55	56	57	58	60	61	65	67	68	72
371	120	174	-13	1285	2063	228	370	-1
372	600	604	12	810	2196	228	-1	373	-1
373	547	839	-12	2339	3409	236	372	-1
374	823	58	11	2979	3985	134	-1	375	-1
375	836	197	-11	3931	4684	142	374	-1
376	130	16	6	2747	4217	118	-1	377	36	0	1	3	4	5	6	8	9	11	15	17	21	22	23	29	31	32	33	34	36	38	40	43	44	46	48	51	54	56	57	59	60	61	65	66	67
377	71	3	-6	2953	4256	239	376	-1
378	745	899	11	1417	2605	100	-1	379	-1
379	850	835	-11	1268	2390	240	378	-1
380	750	903	19	1374	2018	212	-1	381	-1
381	751	903	-19	3824	4550	188	380	-1
382	117	180	8	2592	3879	158	-1	383	-1
383	174	221	-8	3727	4280	145	382	-1
384	181	105	15	3248	4447	209	-1	385	34	3	4	6	8	10	11	12	13	16	17	19	24	29	32	33	34	35	36	38	40	46	48	49	52	56	60	61	65	66	68	70	71	72	73
385	236	73	-15	2495	3953	102	384	-1
386	507	531	9	2685	3435	211	-1	387	41	5	6	7	10	12	14	15	17	18	19	21	23	24	27	31	32	35	36	37	38	39	42	43	45	46	47	48	49	50	51	57	58	59	60	62	64	65	66	69	71	73
387	538	514	-9	3985	4920	161	386	-1
388	837	850	8	3990	4958	226	-1	389	27	4	8	9	10	11	18	21	26	27	33	35	37	39	43	45	47	49	51	56	60	61	64	65	68	69	70	72
389	750	900	-8	3956	4696	157	388	-1
390	750	903	6	490	1540	166	-1	391	-1
391	831	918	-6	3038	4488	182	390	-1
392	840	844	10	3007	4405	205	-1	393	-1
393	792	808	-10	3595	4338	245	392	-1
394	835	843	12	2212	3139	138	-1	395	-1
395	740	884	-12	2462	3622	167	394	-1
396	816	869	19	3077	3677	100	-1	397	25	0	3	5	10	18	27	28	30	35	39	40	42	44	51	53	57	58	60	63	65	67	68	70	71	72
397	540	853	-19	3660	4666	120	396	-1
398	603	606	13	407	1746	176	-1	399	28	4	6	9	10	12	14	16	20	22	24	30	33	34	39	41	42	46	50	52	54	55	57	60	61	62	64	72	74
399	618	626	-13	2269	2829	209	398	-1
400	121	179	5	2631	3354	241	-1	401	-1
401	120	179	-5	2619	3556	156	400	-1
402	797	153	6	795	2148	121	-1	403	-1
403	842	185	-6	2932	4009	184	402	-1
404	0	598	13	792	1924	124	-1	405	-1
405	2	603	-13	2304	3715	134	404	-1
406	785	869	14	191	1418	159	-1	407	36	0	1	2	4	7	8	9	12	18	19	20	22	24	26	28	29	31	33	34	37	38	39	40	46	47	49	52	53	54	56	60	64	66	67	71	74
407	837	849	-14	2445	2953	212	406	-1
408	599	601	19	1132	2591	235	-1	409	-1
409	548	856	-19	2839	3860	212	408	-1
410	149	43	12	1565	2906	232	-1	411	37	1	2	3	6	8	11	16	18	19	22	23	24	25	29	31	32	33	35	39	41	42	44	45	47	49	52	53	54	57	58	60	61	64	68	70	72	73
411	79	164	-12	1818	3196	154	410	-1
412	903	800	18	2515	3754	231	-1	413	38	1	2	4	6	9	10	14	15	17	19	21	25	26	27	30	32	34	36	37	38	39	42	43	44	46	47	49	52	54	55	57	61	63	64	66	68	70	71
413	837	848	-18	3207	4034	215	412	-1
414	622	547	10	1773	3145	104	-1	415	-1
415	611	600	-10	2291	2879	173	414	-1
416	506	532	16	443	1316	204	-1	417	24	3	4	14	15	17	18	21	29	30	31	32	38	45	47	49	54	58	60	62	64	67	68	70	71
417	597	597	-16	2798	3373	234	416	-1
418	811	860	11	1517	2413	105	-1	419	-1
419	835	948	-11	1784	3055	104	418	-1
420	843	177	11	2562	3299	140	-1	421	38	0	1	2	3	4	6	7	8	10	13	15	16	17	18	20	23	24	25	28	30	31	32	37	39	40	42	43	44	51	55	56	57	58	65	66	69	72	74
421	768	39	-11	1772	3194	229	420	-1
422	862	859	14	798	1552	171	-1	423	-1
423	753	899	-14	559	1772	110	422	-1
424	839	191	16	2442	3864	182	-1	425	31	1	4	5	6	7	8	10	16	17	19	21	22	23	24	31	39	42	44	46	47	48	50	54	59	61	64	65	66	69	71	73
425	868	286	-16	2574	3860	249	424	-1
426	834	848	18	1430	2258	195	-1	427	-1
427	844	878	-18	2934	3906	209	426	-1
428	841	191	14	2198	3176	222	-1	429	-1
429	926	204	-14	3765	4901	193	428	-1
430	847	792	13	2049	3458	166	-1	431	-1
431	837	849	-13	1721	2718	102	430	-1
432	761	908	7	1700	2340	103	-1	433	34	1	3	4	5	7	11	12	14	21	27	36	38	39	43	44	46	47	48	50	54	55	57	58	59	60	61	63	65	66	67	68	69	72	73
433	837	849	-7	1957	2814	182	432	-1
434	504	533	18	1825	2385	130	-1	435	-1
435	596	539	-18	2845	4090	169	434	-1
436	580	519	7	688	1860	133	-1	437	26	2	4	7	8	13	14	15	20	22	26	28	32	37	38	39	40	42	43	45	52	54	57	59	61	63	68
437	500	540	-7	1801	3163	101	436	-1
438	835	167	10	11	1226	172	-1	439	26	0	2	7	18	20	21	26	27	28	34	40	44	48	55	56	57	59	61	63	65	66	69	70	71	72	74
439	759	34	-10	3875	4426	131	438	-1
440	511	527	10	1669	2659	162	-1	441	-1
441	507	532	-10	3106	4237	213	440	-1
442	776	826	13	2956	3514	103	-1	443	-1
443	602	610	-13	2652	3723	157	442	-1
444	596	863	11	980	2043	117	-1	445	-1
445	599	601	-11	2081	3440	116	444	-1
446	840	851	12	982	1488	245	-1	447	39	1	2	5	8	9	10	12	13	14	15	16	18	20	21	26	27	30	32	33	34	35	39	41	42	43	46	48	53	54	55	56	58	59	61	62	63	66	67	71
447	835	849	-12	3270	3848	182	446	-1
448	121	178	9	2762	4031	141	-1	449	36	1	2	3	4	5	6	7	8	9	10	11	14	15	22	23	25	27	28	32	38	40	42	43	44	46	47	50	56	58	61	63	64	67	68	71	73
449	130	181	-9	2943	4040	166	448	-1
450	804	844	18	3514	4461	176	-1	451	42	1	4	6	7	10	13	14	18	21	22	24	25	26	27	28	30	31	32	33	36	38	39	41	44	46	47	48	50	51	52	54	56	58	59	61	62	64	65	66	67	70	72
451	679	908	-18	3349	4536	228	450	-1
452	749	902	15	173	1611	109	-1	453	-1
453	839	852	-15	1276	1892	159	452	-1
454	735	906	11	1075	2309	189	-1	455	-1
455	835	880	-11	4195	4950	116	454	-1
456	606	636	18	1665	2750	140	-1	457	22	1	2	5	6	10	11	14	16	18	19	26	28	32	35	38	50	53	55	62	64	66	69
457	564	599	-18	1341	2432	176	456	-1
458	837	849	6	773	1907	169	-1	459	-1
459	779	883	-6	3738	4332	199	458	-1
460	139	5	12	2742	3997	237	-1	461	43	1	3	4	7	9	10	11	12	13	14	16	17	18	19	20	24	25	26	27	31	32	34	35	37	38	39	42	45	47	48	49	52	54	57	59	60	61	63	64	66	67	68	74
461	179	33	-12	2210	3689	232	460	-1
462	523	533	7	222	1366	145	-1	463	39	1	3	4	5	6	8	9	10	11	12	13	14	17	18	19	20	23	24	25	26	29	38	39	40	42	43	45	47	50	52	53	54	55	57	59	61	63	64	65
463	515	548	-7	229	1212	206	462	-1
464	749	903	14	215	1304	187	-1	465	35	1	2	4	7	8	11	12	13	14	15	19	21	25	27	28	30	33	34	35	36	37	38	40	46	48	55	56	57	59	62	65	66	67	70	72
465	652	665	-14	2024	3427	184	464	-1
466	741	55	19	74	1338	100	-1	467	-1
467	773	61	-19	304	1719	225	466	-1
468	843	189	15	206	1567	174	-1	469	36	1	2	6	10	11	17	18	20	22	25	26	27	28	29	32	33	34	37	39	42	45	46	48	49	53	54	57	60	61	62	63	64	66	67	71	72
469	831	193	-15	3767	4726	152	468	-1
470	841	190	17	1837	2672	242	-1	471	34	1	3	5	6	7	11	13	15	16	17	19	21	23	25	26	27	35	36	40	41	45	46	48	54	57	60	61	62	63	65	66	70	71	72
471	885	229	-17	3697	4207	202	470	-1
472	119	182	14	2086	3491	179	-1	473	41	1	3	4	5	6	7	8	11	13	15	16	17	20	21	23	24	25	26	31	32	33	35	37	39	41	43	46	48	49	50	51	54	55	57	61	65	66	69	70	71	72
473	109	179	-14	2384	3807	241	472	-1
474	750	903	11	1638	2674	243	-1	475	-1
475	750	902	-11	3227	3772	133	474	-1
476	582	611	13	2075	3401	161	-1	477	30	3	4	5	6	11	15	16	17	18	20	21	22	27	29	36	38	40	41	47	49	51	54	55	57	59	60	61	63	66	67
477	600	601	-13	1141	2520	155	476	-1
478	576	677	18	3685	4940	169	-1	479	-1
479	686	602	-18	4089	4630	122	478	-1
480	599	603	18	526	1974	220	-1	481	-1
481	451	509	-18	561	1694	137	480	-1
482	766	37	11	775	1952	110	-1	483	34	0	1	6	7	10	12	14	15	18	20	21	23	24	28	29	30	31	33	34	40	41	42	43	44	46	48	49	55	59	60	61	67	69	73
483	821	161	-11	4097	4957	117	482	-1
484	831	835	17	1078	1587	242	-1	485	40	1	2	3	8	9	11	12	13	15	18	19	20	21	22	23	24	27	29	32	34	36	37	40	41	42	44	46	47	50	51	52	56	59	60	61	64	67	68	72	74
485	739	907	-17	2130	2909	120	484	-1
486	825	847	17	1461	2498	140	-1	487	-1
487	831	810	-17	2370	2960	237	486	-1
488	5	595	18	1196	2589	217	-1	489	34	0	1	3	4	6	7	8	9	13	14	15	18	20	21	22	24	27	31	40	41	42	43	46	48	53	56	58	59	62	65	68	71	72	74
489	32	602	-18	1617	2767	112	488	-1
490	489	530	10	1197	1717	103	-1	491	29	1	2	3	7	10	12	13	14	18	19	21	23	24	25	28	32	37	39	40	41	43	46	50	54	57	62	65	71	73
491	544	514	-10	476	1940	211	490	-1
492	584	636	17	752	1714	195	-1	493	-1
493	598	605	-17	1114	2162	208	492	-1
494	165	55	8	2850	3458	146	-1	495	38	3	4	5	6	8	12	15	16	17	18	20	23	28	29	30	31	32	33	36	38	41	42	43	45	47	49	52	55	56	58	60	61	62	63	64	66	70	73
495	117	178	-8	4214	4854	223	494	-1
496	509	534	14	324	1493	212	-1	497	38	2	3	6	11	12	13	14	16	20	21	23	25	29	30	32	33	35	38	39	40	41	44	46	48	49	51	52	53	56	57	58	59	61	63	64	65	71	72
497	503	534	-14	1126	2230	100	496	-1
498	609	585	7	456	1652	118	-1	499	37	0	1	3	4	5	6	7	9	12	14	15	17	18	25	26	28	29	31	32	33	34	35	36	38	40	46	49	52	53	54	55	56	61	63	65	69	71
499	522	529	-7	2121	3171	132	498	-1
0	98	100	185	175	50	0	5000
1	450	517	587	815	50	0	5000
2	240	269	557	181	50	0	5000
3	233	973	262	995	50	0	5000
4	855	901	811	911	50	0	5000
5	310	742	567	629	50	0	5000
6	362	575	463	232	50	0	5000
7	340	454	34	686	50	0	5000
8	475	559	741	642	50	0	5000
9	210	570	463	459	50	0	5000
10	448	880	459	660	50	0	5000
11	540	606	450	426	50	0	5000
12	291	612	39	305	50	0	5000
13	239	291	329	551	50	0	5000
14	928	129	647	410	50	0	5000
15	730	808	907	463	50	0	5000
16	165	67	468	211	50	0	5000
17	165	824	236	532	50	0	5000
18	775	837	899	746	50	0	5000
19	855	768	733	480	50	0	5000
20	68	998	217	772	50	0	5000
21	329	566	455	216	50	0	5000
22	64	223	267	555	50	0	5000
23	726	381	376	355	50	0	5000
24	770	487	632	420	50	0	5000
25	158	588	264	587	50	0	5000
26	867	355	827	22	50	0	5000
27	83	382	260	142	50	0	5000
28	633	753	450	498	50	0	5000
29	451	198	874	158	50	0	5000
30	45	829	122	668	50	0	5000
31	172	115	227	12	50	0	5000
32	14	217	215	222	50	0	5000
33	296	775	250	428	50	0	5000
34	525	69	368	336	50	0	5000
35	23	19	354	27	50	0	5000
36	167	149	278	174	50	0	5000
37	326	599	236	608	50	0	5000
38	663	904	347	877	50	0	5000
39	293	944	132	974	50	0	5000
40	753	517	616	250	50	0	5000
41	267	171	482	153	50	0	5000
42	861	744	493	611	50	0	5000
43	712	821	737	460	50	0	5000
44	840	654	803	235	50	0	5000
45	435	365	625	519	50	0	5000
46	598	487	446	96	50	0	5000
47	920	735	609	812	50	0	5000
48	699	578	844	700	50	0	5000
49	93	395	481	258	50	0	5000
50	548	498	639	881	50	0	5000
51	333	419	55	213	50	0	5000
52	503	101	481	363	50	0	5000
53	424	989	448	743	50	0	5000
54	4	567	276	567	50	0	5000
55	163	77	154	335	50	0	5000
56	958	404	859	49	50	0	5000
57	214	103	323	207	50	0	5000
58	484	266	236	288	50	0	5000
59	947	212	879	624	50	0	5000
60	726	673	590	825	50	0	5000
61	33	433	116	246	50	0	5000
62	327	56	355	364	50	0	5000
63	308	223	692	258	50	0	5000
64	866	195	767	185	50	0	5000
65	148	767	349	591	50	0	5000
66	338	582	86	621	50	0	5000
67	291	873	128	609	50	0	5000
68	625	385	648	789	50	0	5000
69	332	868	171	922	50	0	5000
70	449	29	52	119	50	0	5000
71	345	6	679	58	50	0	5000
72	522	764	399	627	50	0	5000
73	244	538	299	940	50	0	5000
74	100	620	96	664	50	0	5000
