250	75	1	1	100000
0	176	57	12	62	1383	248	-1	1	-1
1	109	61	-12	3184	3717	218	0	-1
2	69	913	17	1011	2081	166	-1	3	-1
3	220	685	-17	2850	4318	120	2	-1
4	115	629	8	968	1850	243	-1	5	-1
5	47	704	-8	1497	2921	137	4	-1
6	446	533	7	1803	2798	149	-1	7	-1
7	420	716	-7	1379	2463	164	6	-1
8	560	80	10	545	1291	127	-1	9	-1
9	728	71	-10	2452	3180	157	8	-1
10	343	627	19	453	1208	174	-1	11	-1
11	522	447	-19	1896	2972	197	10	-1
12	396	177	13	559	1613	173	-1	13	-1
13	315	151	-13	3903	4431	228	12	-1
14	927	467	14	534	1850	125	-1	15	-1
15	843	728	-14	987	1961	112	14	-1
16	191	253	12	827	1690	130	-1	17	-1
17	241	305	-12	2660	3428	228	16	-1
18	590	259	8	1388	2765	207	-1	19	-1
19	610	288	-8	3554	4227	147	18	-1
20	597	359	10	1325	2534	115	-1	21	-1
21	634	298	-10	3354	4453	212	20	-1
22	69	199	6	555	1299	247	-1	23	-1
23	284	358	-6	1616	2348	246	22	-1
24	59	972	7	214	1679	215	-1	25	-1
25	215	861	-7	2107	3540	149	24	-1
26	786	638	12	2502	3697	106	-1	27	-1
27	626	440	-12	2308	3318	186	26	-1
28	512	207	19	1961	2831	157	-1	29	-1
29	332	58	-19	1089	2565	115	28	-1
30	428	985	13	3222	4317	245	-1	31	-1
31	330	922	-13	3168	4285	158	30	-1
32	562	107	5	2833	4079	184	-1	33	-1
33	632	361	-5	3937	4558	238	32	-1
34	812	821	8	68	980	177	-1	35	-1
35	788	947	-8	3111	3807	229	34	-1
36	634	340	15	470	1844	222	-1	37	-1
37	707	442	-15	2252	2808	167	36	-1
38	420	877	18	1132	2618	178	-1	39	-1
39	545	709	-18	1478	2458	220	38	-1
40	300	292	15	529	1699	212	-1	41	-1
41	399	405	-15	2130	2753	152	40	-1
42	771	962	15	937	1863	240	-1	43	-1
43	622	923	-15	2111	3054	231	42	-1
44	501	676	11	689	1585	110	-1	45	-1
45	443	738	-11	364	1422	118	44	-1
46	968	149	18	3109	3850	115	-1	47	-1
47	785	63	-18	3300	3899	237	46	-1
48	2	501	9	540	1178	170	-1	49	-1
49	216	657	-9	2704	3579	192	48	-1
50	566	418	9	3596	4450	177	-1	51	-1
51	782	270	-9	3464	4515	141	50	-1
52	683	383	19	1063	2199	168	-1	53	-1
53	634	110	-19	2128	2876	180	52	-1
54	151	120	12	3266	4189	204	-1	55	-1
55	193	256	-12	3075	4090	167	54	-1
56	215	408	8	3752	4385	225	-1	57	-1
57	317	624	-8	4072	4778	229	56	-1
58	162	448	14	21	973	151	-1	59	-1
59	419	346	-14	1078	2395	228	58	-1
60	804	792	14	1112	2590	144	-1	61	-1
61	884	666	-14	705	1936	223	60	-1
62	765	40	16	1537	2709	177	-1	63	-1
63	701	226	-16	3603	4735	166	62	-1
64	759	279	10	2590	4036	214	-1	65	-1
65	598	165	-10	3418	4077	169	64	-1
66	34	242	13	1569	2601	249	-1	67	-1
67	190	244	-13	4000	4759	188	66	-1
68	191	672	12	767	1973	118	-1	69	-1
69	200	484	-12	3610	4520	194	68	-1
70	960	364	9	736	1678	180	-1	71	-1
71	854	213	-9	1349	2378	149	70	-1
72	0	408	20	562	1698	233	-1	73	-1
73	117	622	-20	2102	3533	200	72	-1
74	512	515	11	1512	2554	120	-1	75	-1
75	434	625	-11	2151	3327	109	74	-1
76	163	984	14	3896	4654	144	-1	77	-1
77	421	943	-14	3836	4628	222	76	-1
78	275	843	17	2953	4279	214	-1	79	-1
79	230	567	-17	3914	4676	114	78	-1
80	325	770	5	1724	2954	233	-1	81	-1
81	329	954	-5	1137	2346	173	80	-1
82	642	223	8	816	2172	131	-1	83	-1
83	909	273	-8	2859	4069	103	82	-1
84	181	738	11	3466	4677	157	-1	85	-1
85	119	709	-11	2622	3922	183	84	-1
86	903	530	11	3354	3858	202	-1	87	-1
87	742	458	-11	3694	4652	178	86	-1
88	366	855	18	335	1760	118	-1	89	-1
89	230	798	-18	2791	3980	130	88	-1
90	732	605	8	257	1250	161	-1	91	-1
91	865	518	-8	1991	2625	173	90	-1
92	923	625	5	1429	2074	131	-1	93	-1
93	907	771	-5	1726	3137	119	92	-1
94	432	538	15	2283	3483	236	-1	95	-1
95	310	769	-15	3761	4333	213	94	-1
96	612	146	19	202	1533	109	-1	97	-1
97	554	394	-19	1113	1806	101	96	-1
98	37	938	6	572	1214	197	-1	99	-1
99	240	974	-6	735	1998	119	98	-1
100	652	972	10	2307	3243	210	-1	101	-1
101	501	818	-10	3209	3969	122	100	-1
102	405	62	18	2406	3271	203	-1	103	-1
103	481	138	-18	3424	4810	190	102	-1
104	987	423	16	2145	2940	203	-1	105	-1
105	850	660	-16	2865	4305	218	104	-1
106	173	554	8	2981	4333	200	-1	107	-1
107	40	478	-8	3465	4721	192	106	-1
108	27	968	10	3661	4966	164	-1	109	-1
109	36	700	-10	3664	4496	218	108	-1
110	878	663	13	687	1390	195	-1	111	-1
111	845	640	-13	497	1818	224	110	-1
112	419	152	18	94	1384	144	-1	113	-1
113	343	128	-18	2645	3328	197	112	-1
114	330	942	7	561	1935	137	-1	115	-1
115	481	871	-7	2927	4047	248	114	-1
116	292	554	7	32	1215	135	-1	117	-1
117	250	791	-7	3287	4578	104	116	-1
118	145	553	11	106	961	241	-1	119	-1
119	9	713	-11	1258	2467	207	118	-1
120	16	140	11	3338	4762	134	-1	121	-1
121	8	344	-11	3862	4799	224	120	-1
122	567	43	15	1288	2053	200	-1	123	-1
123	777	139	-15	2958	4204	245	122	-1
124	783	993	6	1735	2582	134	-1	125	-1
125	673	761	-6	3911	4884	116	124	-1
126	662	51	7	2665	3359	148	-1	127	-1
127	467	111	-7	3479	4934	247	126	-1
128	297	535	7	218	1517	104	-1	129	-1
129	228	511	-7	406	1135	220	128	-1
130	279	463	19	373	1360	144	-1	131	-1
131	553	519	-19	663	2062	216	130	-1
132	804	131	18	1489	2276	184	-1	133	-1
133	974	89	-18	2889	4363	234	132	-1
134	511	249	16	977	1839	119	-1	135	-1
135	473	318	-16	2955	3990	217	134	-1
136	53	391	19	3892	4476	244	-1	137	-1
137	103	285	-19	3128	4505	177	136	-1
138	707	635	20	2817	3776	244	-1	139	-1
139	591	646	-20	3350	3875	172	138	-1
140	802	216	18	1380	2763	111	-1	141	-1
141	734	73	-18	1499	2119	142	140	-1
142	633	468	6	1179	1995	228	-1	143	-1
143	367	421	-6	2601	3266	183	142	-1
144	521	192	12	1398	2180	205	-1	145	-1
145	439	311	-12	3457	4558	136	144	-1
146	506	897	7	568	1126	106	-1	147	-1
147	295	731	-7	1665	2823	237	146	-1
148	19	331	10	2214	2770	227	-1	149	-1
149	106	466	-10	2839	3849	240	148	-1
150	650	204	13	125	1100	212	-1	151	-1
151	408	66	-13	2674	3228	105	150	-1
152	951	542	20	584	1649	208	-1	153	-1
153	712	626	-20	230	1243	188	152	-1
154	344	234	5	221	1082	184	-1	155	-1
155	272	370	-5	3173	4020	121	154	-1
156	71	424	15	2600	3656	243	-1	157	-1
157	308	563	-15	3300	4053	210	156	-1
158	518	31	20	2737	4224	184	-1	159	-1
159	643	24	-20	2620	3722	234	158	-1
160	96	649	13	792	1964	115	-1	161	-1
161	145	394	-13	790	1702	240	160	-1
162	412	740	11	762	1395	198	-1	163	-1
163	298	891	-11	763	1674	116	162	-1
164	903	468	16	2376	3780	213	-1	165	-1
165	853	703	-16	2863	3755	239	164	-1
166	779	397	18	2069	3351	168	-1	167	-1
167	863	512	-18	3718	4684	218	166	-1
168	951	207	10	39	1184	205	-1	169	-1
169	791	204	-10	257	1356	160	168	-1
170	13	367	10	9	812	245	-1	171	-1
171	68	327	-10	2946	4280	235	170	-1
172	326	447	16	114	1594	145	-1	173	-1
173	294	399	-16	3239	4255	186	172	-1
174	622	572	17	8	1465	104	-1	175	-1
175	527	451	-17	2762	4162	222	174	-1
176	383	259	12	1648	3043	220	-1	177	-1
177	392	536	-12	1592	2479	177	176	-1
178	941	635	18	3016	4432	116	-1	179	-1
179	950	911	-18	3788	4525	119	178	-1
180	974	325	5	827	2294	206	-1	181	-1
181	845	538	-5	1614	2269	139	180	-1
182	736	194	7	2161	2722	240	-1	183	-1
183	637	334	-7	1908	2899	171	182	-1
184	468	508	17	1361	2044	178	-1	185	-1
185	617	383	-17	2471	3027	158	184	-1
186	864	716	16	3284	3871	184	-1	187	-1
187	858	661	-16	2921	3837	134	186	-1
188	240	391	11	748	1288	158	-1	189	-1
189	144	358	-11	143	1267	165	188	-1
190	923	115	13	645	1345	151	-1	191	-1
191	987	73	-13	224	1488	243	190	-1
192	991	778	12	1004	1686	186	-1	193	-1
193	911	748	-12	3197	4178	138	192	-1
194	846	787	11	1741	2619	182	-1	195	-1
195	632	840	-11	2941	4068	169	194	-1
196	757	520	19	328	1801	154	-1	197	-1
197	555	347	-19	2318	3461	209	196	-1
198	372	923	7	2574	3338	136	-1	199	-1
199	611	870	-7	3138	3711	163	198	-1
200	743	505	13	381	1733	248	-1	201	-1
201	886	434	-13	1493	2322	221	200	-1
202	3	989	19	1008	2506	112	-1	203	-1
203	100	981	-19	3923	4614	128	202	-1
204	408	564	16	262	1732	224	-1	205	-1
205	432	819	-16	3654	4178	161	204	-1
206	798	22	12	118	771	172	-1	207	-1
207	688	164	-12	3131	3855	181	206	-1
208	988	981	20	586	1280	184	-1	209	-1
209	920	954	-20	2071	3079	131	208	-1
210	905	452	11	526	1718	131	-1	211	-1
211	970	675	-11	87	1484	102	210	-1
212	938	909	11	676	1878	122	-1	213	-1
213	997	775	-11	1282	2364	139	212	-1
214	253	318	7	1706	2351	151	-1	215	-1
215	296	116	-7	2054	2607	133	214	-1
216	767	314	11	898	1970	113	-1	217	-1
217	947	380	-11	1213	1959	223	216	-1
218	771	800	9	1145	2603	135	-1	219	-1
219	870	797	-9	1914	2987	196	218	-1
220	823	58	14	906	1952	110	-1	221	-1
221	597	38	-14	1972	3443	112	220	-1
222	634	119	14	1499	2299	120	-1	223	-1
223	769	81	-14	3176	4293	147	222	-1
224	525	988	7	2649	3383	202	-1	225	-1
225	758	881	-7	2877	3486	152	224	-1
226	14	779	5	2340	3668	191	-1	227	-1
227	20	945	-5	3532	4366	232	226	-1
228	472	929	5	625	1926	125	-1	229	-1
229	562	809	-5	578	1842	103	228	-1
230	727	646	6	37	1033	207	-1	231	-1
231	841	466	-6	1107	1916	127	230	-1
232	920	756	12	1059	2550	167	-1	233	-1
233	672	862	-12	1555	2071	168	232	-1
234	444	316	19	1456	2609	138	-1	235	-1
235	215	451	-19	3610	4941	211	234	-1
236	292	169	9	1424	2124	173	-1	237	-1
237	479	50	-9	1201	2017	174	236	-1
238	524	619	19	1939	3152	225	-1	239	-1
239	510	815	-19	3657	4300	241	238	-1
240	90	500	19	328	958	215	-1	241	-1
241	110	728	-19	3661	4480	240	240	-1
242	298	394	19	2035	3412	201	-1	243	-1
243	367	254	-19	1894	2833	163	242	-1
244	236	228	14	2830	3359	152	-1	245	-1
245	299	452	-14	3359	4495	195	244	-1
246	660	200	10	1784	2294	183	-1	247	-1
247	620	44	-10	3383	4874	116	246	-1
248	904	726	9	2623	3724	105	-1	249	-1
249	736	748	-9	3154	4121	169	248	-1
250	691	645	11	626	1389	166	-1	251	-1
251	608	874	-11	1951	2562	159	250	-1
252	452	13	10	1335	1911	107	-1	253	-1
253	525	151	-10	934	2234	117	252	-1
254	770	201	10	613	2098	233	-1	255	-1
255	595	61	-10	2377	2891	223	254	-1
256	645	804	13	103	1237	191	-1	257	-1
257	531	702	-13	2676	3762	168	256	-1
258	255	887	14	357	1505	112	-1	259	-1
259	349	885	-14	529	1819	209	258	-1
260	635	417	6	1151	1812	145	-1	261	-1
261	485	310	-6	1947	2896	182	260	-1
262	23	465	8	3333	4459	223	-1	263	-1
263	75	271	-8	2764	4020	232	262	-1
264	551	25	9	786	1985	122	-1	265	-1
265	568	8	-9	1734	3198	239	264	-1
266	363	994	19	890	1511	213	-1	267	-1
267	93	941	-19	2960	3761	136	266	-1
268	302	512	12	1865	2439	109	-1	269	-1
269	345	555	-12	2696	3957	106	268	-1
270	324	953	15	2103	3238	169	-1	271	-1
271	167	721	-15	2389	3833	228	270	-1
272	467	975	7	3457	4522	227	-1	273	-1
273	635	920	-7	3431	4074	211	272	-1
274	735	345	18	1822	2843	244	-1	275	-1
275	810	360	-18	3544	4970	238	274	-1
276	303	871	20	2233	2811	232	-1	277	-1
277	133	904	-20	1571	2928	135	276	-1
278	75	293	7	15	1054	238	-1	279	-1
279	181	469	-7	2367	3409	189	278	-1
280	918	406	13	75	675	149	-1	281	-1
281	981	516	-13	3499	4743	140	280	-1
282	842	257	15	1149	2393	180	-1	283	-1
283	640	75	-15	1788	2967	134	282	-1
284	650	26	11	1406	2473	100	-1	285	-1
285	799	259	-11	1934	3154	200	284	-1
286	894	66	14	2126	2645	185	-1	287	-1
287	948	94	-14	3744	4519	221	286	-1
288	858	665	7	1625	2964	125	-1	289	-1
289	882	758	-7	1161	2402	164	288	-1
290	916	3	9	1678	2812	220	-1	291	-1
291	812	235	-9	3121	4120	217	290	-1
292	196	482	13	1471	2056	130	-1	293	-1
293	115	243	-13	3394	4801	169	292	-1
294	999	469	18	1226	2362	227	-1	295	-1
295	965	694	-18	3024	4398	226	294	-1
296	574	595	17	302	1410	168	-1	297	-1
297	479	603	-17	82	1097	114	296	-1
298	617	9	6	1912	2823	225	-1	299	-1
299	491	88	-6	1275	2569	192	298	-1
300	684	275	17	320	1127	157	-1	301	-1
301	419	344	-17	3411	4701	241	300	-1
302	364	985	8	191	1360	155	-1	303	-1
303	369	972	-8	2123	2753	216	302	-1
304	419	71	10	51	1353	225	-1	305	-1
305	141	90	-10	876	1602	146	304	-1
306	803	925	5	86	1356	145	-1	307	-1
307	811	711	-5	1909	3200	195	306	-1
308	622	847	9	2633	3923	173	-1	309	-1
309	427	848	-9	3175	3947	211	308	-1
310	674	663	8	1135	2539	222	-1	311	-1
311	650	905	-8	2036	3274	213	310	-1
312	278	847	7	1216	2131	118	-1	313	-1
313	475	919	-7	2862	4251	149	312	-1
314	17	165	11	1909	3108	150	-1	315	-1
315	79	263	-11	2508	3186	236	314	-1
316	5	621	15	1215	2326	139	-1	317	-1
317	32	722	-15	3330	4222	165	316	-1
318	676	201	18	1183	2102	133	-1	319	-1
319	677	479	-18	989	2185	124	318	-1
320	5	938	6	917	2153	102	-1	321	-1
321	154	796	-6	622	1416	184	320	-1
322	932	249	18	2651	3460	176	-1	323	-1
323	852	215	-18	2745	3652	140	322	-1
324	430	121	7	3355	4247	159	-1	325	-1
325	377	35	-7	3127	4551	107	324	-1
326	351	640	19	1395	2314	109	-1	327	-1
327	87	738	-19	1739	2837	141	326	-1
328	225	757	17	777	1587	224	-1	329	-1
329	83	534	-17	2001	3115	112	328	-1
330	337	736	9	1790	2690	110	-1	331	-1
331	349	538	-9	3761	4544	180	330	-1
332	353	701	9	2718	4049	194	-1	333	-1
333	451	905	-9	3525	4101	232	332	-1
334	205	646	19	1097	2269	118	-1	335	-1
335	192	798	-19	1371	2240	177	334	-1
336	162	307	15	2780	3795	141	-1	337	-1
337	104	397	-15	3027	4402	122	336	-1
338	495	146	18	816	1503	164	-1	339	-1
339	470	9	-18	4436	4942	131	338	-1
340	590	588	6	1589	2115	195	-1	341	-1
341	471	515	-6	2947	4046	125	340	-1
342	29	924	12	2541	3127	203	-1	343	-1
343	138	855	-12	3746	4472	233	342	-1
344	404	320	10	2749	4064	123	-1	345	-1
345	200	269	-10	3290	4088	101	344	-1
346	429	818	17	391	1507	224	-1	347	-1
347	512	863	-17	3203	4703	153	346	-1
348	951	393	6	1854	2395	244	-1	349	-1
349	917	632	-6	2351	3805	114	348	-1
350	539	937	19	2545	3663	221	-1	351	-1
351	474	950	-19	1845	3192	248	350	-1
352	849	341	16	1723	2240	238	-1	353	-1
353	729	408	-16	3264	4425	125	352	-1
354	130	748	16	1972	3017	120	-1	355	-1
355	181	519	-16	2648	3571	220	354	-1
356	513	30	19	137	1374	121	-1	357	-1
357	508	156	-19	645	1832	114	356	-1
358	277	811	8	815	2294	192	-1	359	-1
359	164	722	-8	2757	3444	208	358	-1
360	151	916	18	187	1052	234	-1	361	-1
361	83	722	-18	1947	3047	142	360	-1
362	581	890	7	2220	3269	117	-1	363	-1
363	626	813	-7	1835	2994	200	362	-1
364	624	699	9	2189	3150	101	-1	365	-1
365	630	911	-9	1984	2814	126	364	-1
366	848	655	12	3111	4220	238	-1	367	-1
367	807	849	-12	2806	4132	225	366	-1
368	576	259	14	732	1741	115	-1	369	-1
369	811	197	-14	2911	4196	180	368	-1
370	412	927	8	1008	2144	157	-1	371	-1
371	433	723	-8	3365	4500	191	370	-1
372	890	318	6	915	2031	174	-1	373	-1
373	736	361	-6	2504	3641	241	372	-1
374	639	396	13	1304	2029	213	-1	375	-1
375	697	125	-13	1164	2066	196	374	-1
376	836	953	9	243	812	141	-1	377	-1
377	590	974	-9	397	1758	240	376	-1
378	736	40	17	2525	3428	239	-1	379	-1
379	731	147	-17	2467	3472	235	378	-1
380	755	715	17	868	1523	210	-1	381	-1
381	799	680	-17	416	1623	183	380	-1
382	964	879	13	97	1597	138	-1	383	-1
383	741	772	-13	121	1290	143	382	-1
384	510	217	15	1854	3338	102	-1	385	-1
385	399	110	-15	2098	2922	210	384	-1
386	470	22	20	3890	4575	139	-1	387	-1
387	620	14	-20	4034	4684	171	386	-1
388	479	699	10	1799	2329	110	-1	389	-1
389	318	547	-10	1642	2861	222	388	-1
390	136	768	13	959	1868	238	-1	391	-1
391	246	865	-13	3201	4582	215	390	-1
392	407	947	13	2156	3295	214	-1	393	-1
393	276	721	-13	2422	3215	101	392	-1
394	839	399	12	3611	4559	241	-1	395	-1
395	730	397	-12	3212	4407	137	394	-1
396	559	845	16	977	2424	147	-1	397	-1
397	465	767	-16	3544	4767	197	396	-1
398	611	509	11	3564	4932	158	-1	399	-1
399	726	735	-11	4123	4947	151	398	-1
400	650	413	12	244	1654	104	-1	401	-1
401	519	462	-12	2835	3535	184	400	-1
402	88	774	16	2133	3083	161	-1	403	-1
403	312	943	-16	3923	4965	241	402	-1
404	580	833	19	1471	2744	119	-1	405	-1
405	557	711	-19	3296	4220	169	404	-1
406	717	684	19	811	1678	112	-1	407	-1
407	689	718	-19	2875	3509	213	406	-1
408	415	660	10	1169	2514	245	-1	409	-1
409	207	774	-10	4129	4764	231	408	-1
410	741	321	20	2897	4329	219	-1	411	-1
411	656	375	-20	2372	3673	152	410	-1
412	661	328	5	3286	4673	225	-1	413	-1
413	441	457	-5	3109	4583	148	412	-1
414	717	858	7	1139	2348	143	-1	415	-1
415	546	790	-7	2217	3497	247	414	-1
416	861	543	12	1557	2498	154	-1	417	-1
417	832	685	-12	2568	3313	113	416	-1
418	253	259	19	38	1203	204	-1	419	-1
419	78	142	-19	1417	2284	230	418	-1
420	155	954	13	2663	3972	198	-1	421	-1
421	346	752	-13	2299	3504	216	420	-1
422	180	824	19	430	1109	166	-1	423	-1
423	385	974	-19	1075	2164	234	422	-1
424	60	564	6	1672	3142	181	-1	425	-1
425	11	426	-6	2441	3514	143	424	-1
426	286	650	13	2790	4166	121	-1	427	-1
427	493	643	-13	2697	3485	241	426	-1
428	335	19	17	1530	3006	132	-1	429	-1
429	351	204	-17	2937	3705	118	428	-1
430	985	445	18	1747	3059	186	-1	431	-1
431	861	668	-18	1426	2900	175	430	-1
432	593	357	9	1427	2898	205	-1	433	-1
433	347	228	-9	1877	2573	220	432	-1
434	471	38	6	1309	2050	156	-1	435	-1
435	527	173	-6	1875	2413	122	434	-1
436	39	174	15	322	1092	226	-1	437	-1
437	254	270	-15	2943	3656	100	436	-1
438	402	257	17	2219	3041	133	-1	439	-1
439	578	404	-17	2118	3392	109	438	-1
440	539	381	14	3199	3716	232	-1	441	-1
441	538	290	-14	3165	4184	194	440	-1
442	292	267	12	7	1241	160	-1	443	-1
443	78	136	-12	3418	4377	195	442	-1
444	550	556	8	1298	1804	172	-1	445	-1
445	655	548	-8	2924	3553	154	444	-1
446	841	694	16	667	2039	194	-1	447	-1
447	852	867	-16	3808	4477	172	446	-1
448	552	578	6	1077	2243	149	-1	449	-1
449	578	443	-6	595	1894	157	448	-1
450	558	297	18	1028	2487	192	-1	451	-1
451	303	185	-18	2072	3265	196	450	-1
452	995	807	11	2518	3992	209	-1	453	-1
453	770	836	-11	2815	3982	223	452	-1
454	483	190	14	717	1839	154	-1	455	-1
455	652	305	-14	3591	4902	123	454	-1
456	338	307	5	2502	3941	155	-1	457	-1
457	208	339	-5	3241	4262	109	456	-1
458	87	34	13	1525	2732	147	-1	459	-1
459	135	239	-13	898	2337	122	458	-1
460	349	28	13	2308	3445	130	-1	461	-1
461	266	210	-13	3555	4177	123	460	-1
462	541	473	19	3960	4667	242	-1	463	-1
463	563	341	-19	3654	4466	130	462	-1
464	984	921	13	1084	1764	241	-1	465	-1
465	933	749	-13	233	1655	136	464	-1
466	570	301	14	2557	3155	223	-1	467	-1
467	513	342	-14	2938	3491	249	466	-1
468	355	107	6	337	859	234	-1	469	-1
469	401	71	-6	1713	2519	137	468	-1
470	313	853	17	2246	3380	217	-1	471	-1
471	530	751	-17	3204	3921	158	470	-1
472	558	180	18	2805	3901	176	-1	473	-1
473	516	1	-18	2324	3686	166	472	-1
474	64	451	11	1301	2093	166	-1	475	-1
475	72	712	-11	3694	4930	182	474	-1
476	411	34	9	3267	4483	236	-1	477	-1
477	166	115	-9	3177	4049	147	476	-1
478	723	696	12	1151	2146	192	-1	479	-1
479	836	543	-12	869	2025	104	478	-1
480	72	606	11	1028	1757	115	-1	481	-1
481	202	773	-11	2492	3731	203	480	-1
482	731	269	7	2769	3631	106	-1	483	-1
483	777	272	-7	3611	4606	184	482	-1
484	96	978	16	1397	2852	121	-1	485	-1
485	146	999	-16	2703	3605	146	484	-1
486	277	882	18	2833	3927	245	-1	487	-1
487	446	816	-18	3721	4929	126	486	-1
488	456	124	12	852	1427	155	-1	489	-1
489	481	335	-12	3715	4539	176	488	-1
490	738	492	18	3316	4303	169	-1	491	-1
491	539	677	-18	3530	4739	237	490	-1
492	375	327	8	1532	2715	145	-1	493	-1
493	293	160	-8	2677	4079	113	492	-1
494	89	404	10	2099	3275	104	-1	495	-1
495	41	316	-10	3300	3874	132	494	-1
496	827	737	18	1050	2396	126	-1	497	-1
497	820	937	-18	1519	2439	121	496	-1
498	484	822	12	3191	4283	218	-1	499	-1
499	404	939	-12	2667	4065	137	498	-1
0	184	19	184	19	50	0	5000
1	630	363	630	363	50	0	5000
2	366	45	366	45	50	0	5000
3	296	106	296	106	50	0	5000
4	761	848	761	848	50	0	5000
5	184	19	184	19	50	0	5000
6	630	363	630	363	50	0	5000
7	366	45	366	45	50	0	5000
8	296	106	296	106	50	0	5000
9	761	848	761	848	50	0	5000
10	184	19	184	19	50	0	5000
11	630	363	630	363	50	0	5000
12	366	45	366	45	50	0	5000
13	296	106	296	106	50	0	5000
14	761	848	761	848	50	0	5000
15	184	19	184	19	50	0	5000
16	630	363	630	363	50	0	5000
17	366	45	366	45	50	0	5000
18	296	106	296	106	50	0	5000
19	761	848	761	848	50	0	5000
20	184	19	184	19	50	0	5000
21	630	363	630	363	50	0	5000
22	366	45	366	45	50	0	5000
23	296	106	296	106	50	0	5000
24	761	848	761	848	50	0	5000
25	184	19	184	19	50	0	5000
26	630	363	630	363	50	0	5000
27	366	45	366	45	50	0	5000
28	296	106	296	106	50	0	5000
29	761	848	761	848	50	0	5000
30	184	19	184	19	50	0	5000
31	630	363	630	363	50	0	5000
32	366	45	366	45	50	0	5000
33	296	106	296	106	50	0	5000
34	761	848	761	848	50	0	5000
35	184	19	184	19	50	0	5000
36	630	363	630	363	50	0	5000
37	366	45	366	45	50	0	5000
38	296	106	296	106	50	0	5000
39	761	848	761	848	50	0	5000
40	184	19	184	19	50	0	5000
41	630	363	630	363	50	0	5000
42	366	45	366	45	50	0	5000
43	296	106	296	106	50	0	5000
44	761	848	761	848	50	0	5000
45	184	19	184	19	50	0	5000
46	630	363	630	363	50	0	5000
47	366	45	366	45	50	0	5000
48	296	106	296	106	50	0	5000
49	761	848	761	848	50	0	5000
50	184	19	184	19	50	0	5000
51	630	363	630	363	50	0	5000
52	366	45	366	45	50	0	5000
53	296	106	296	106	50	0	5000
54	761	848	761	848	50	0	5000
55	184	19	184	19	50	0	5000
56	630	363	630	363	50	0	5000
57	366	45	366	45	50	0	5000
58	296	106	296	106	50	0	5000
59	761	848	761	848	50	0	5000
60	184	19	184	19	50	0	5000
61	630	363	630	363	50	0	5000
62	366	45	366	45	50	0	5000
63	296	106	296	106	50	0	5000
64	761	848	761	848	50	0	5000
65	184	19	184	19	50	0	5000
66	630	363	630	363	50	0	5000
67	366	45	366	45	50	0	5000
68	296	106	296	106	50	0	5000
69	761	848	761	848	50	0	5000
70	184	19	184	19	50	0	5000
71	630	363	630	363	50	0	5000
72	366	45	366	45	50	0	5000
73	296	106	296	106	50	0	5000
74	761	848	761	848	50	0	5000
