500	150	1	1	100000
0	968	797	16	1517	2207	231	-1	1	-1
1	988	524	-16	3302	4511	186	0	-1
2	385	379	18	912	1529	179	-1	3	-1
3	508	504	-18	1930	2904	219	2	-1
4	867	537	13	1398	2360	244	-1	5	-1
5	780	631	-13	3106	3973	224	4	-1
6	445	387	12	1116	2071	199	-1	7	-1
7	504	496	-12	2156	2680	104	6	-1
8	648	42	16	2320	3024	198	-1	9	-1
9	470	142	-16	2176	3495	143	8	-1
10	447	676	5	2981	4452	213	-1	11	-1
11	323	522	-5	2893	3833	201	10	-1
12	385	379	18	2852	3596	140	-1	13	-1
13	311	344	-18	3107	4013	235	12	-1
14	997	504	12	685	1765	221	-1	15	-1
15	954	510	-12	1570	2081	201	14	-1
16	161	980	19	1679	2357	164	-1	17	-1
17	257	991	-19	3720	4679	120	16	-1
18	702	211	8	2385	3299	120	-1	19	-1
19	564	403	-8	3574	4746	144	18	-1
20	2	191	9	250	1504	240	-1	21	-1
21	4	208	-9	376	1739	165	20	-1
22	7	514	7	2654	3827	157	-1	23	-1
23	203	700	-7	2944	4333	129	22	-1
24	180	446	19	1177	1734	137	-1	25	-1
25	379	431	-19	1864	2687	127	24	-1
26	393	379	19	1846	2440	160	-1	27	-1
27	315	196	-19	2999	3654	128	26	-1
28	475	654	15	2592	3957	202	-1	29	-1
29	485	662	-15	3965	4755	138	28	-1
30	493	781	9	632	2109	180	-1	31	-1
31	589	803	-9	518	1996	111	30	-1
32	773	899	18	509	1457	144	-1	33	-1
33	890	831	-18	372	1294	182	32	-1
34	475	654	10	1001	2219	159	-1	35	-1
35	470	776	-10	1715	3069	246	34	-1
36	4	213	20	1459	1993	195	-1	37	-1
37	3	213	-20	3873	4627	110	36	-1
38	517	702	12	533	1817	178	-1	39	-1
39	544	668	-12	1952	3433	212	38	-1
40	768	139	19	133	1612	232	-1	41	-1
41	844	335	-19	3484	4299	124	40	-1
42	510	660	18	3375	4078	214	-1	43	-1
43	628	518	-18	3118	4026	167	42	-1
44	433	741	11	2500	3138	152	-1	45	-1
45	513	512	-11	3376	4334	175	44	-1
46	695	140	18	300	1683	127	-1	47	-1
47	830	306	-18	2320	3362	186	46	-1
48	580	926	13	2829	4189	165	-1	49	-1
49	464	821	-13	3051	4523	125	48	-1
50	91	173	20	2631	3522	134	-1	51	-1
51	74	189	-20	3967	4609	201	50	-1
52	521	720	16	1633	2433	123	-1	53	-1
53	393	819	-16	2338	3620	189	52	-1
54	520	677	14	1037	2042	119	-1	55	-1
55	555	754	-14	2428	3547	136	54	-1
56	753	805	6	217	1213	111	-1	57	-1
57	513	692	-6	1021	2039	103	56	-1
58	475	654	18	571	1572	241	-1	59	-1
59	515	671	-18	2741	3903	236	58	-1
60	505	501	16	1056	2543	228	-1	61	-1
61	456	360	-16	976	1876	178	60	-1
62	530	449	14	2300	3320	224	-1	63	-1
63	717	242	-14	2459	3494	180	62	-1
64	504	677	10	1732	3194	178	-1	65	-1
65	467	819	-10	3091	4170	143	64	-1
66	462	825	17	938	2116	228	-1	67	-1
67	520	678	-17	3908	4473	113	66	-1
68	461	837	19	800	1329	150	-1	69	-1
69	386	934	-19	3786	4546	187	68	-1
70	463	822	16	1794	3182	114	-1	71	-1
71	544	668	-16	2325	3560	153	70	-1
72	362	274	20	1596	2381	123	-1	73	-1
73	417	61	-20	1858	2372	138	72	-1
74	788	25	20	1304	2199	203	-1	75	-1
75	888	203	-20	2793	3499	131	74	-1
76	479	704	13	335	907	239	-1	77	-1
77	474	650	-13	2421	3016	243	76	-1
78	415	18	18	552	1364	160	-1	79	-1
79	401	63	-18	2388	3211	114	78	-1
80	635	880	20	386	1850	202	-1	81	-1
81	768	682	-20	931	2171	247	80	-1
82	994	505	10	1617	3099	194	-1	83	-1
83	817	588	-10	3340	4576	116	82	-1
84	501	643	16	880	1580	194	-1	85	-1
85	556	834	-16	2004	2530	107	84	-1
86	465	820	6	1253	1889	155	-1	87	-1
87	520	677	-6	1886	2669	188	86	-1
88	411	534	10	48	1268	127	-1	89	-1
89	173	503	-10	4042	4605	179	88	-1
90	793	386	15	1128	1949	206	-1	91	-1
91	994	503	-15	3619	4623	177	90	-1
92	769	677	9	576	1246	131	-1	93	-1
93	520	677	-9	1773	2302	113	92	-1
94	371	798	6	2623	3781	204	-1	95	-1
95	346	983	-6	3281	4439	234	94	-1
96	2	211	7	2283	3190	115	-1	97	-1
97	126	347	-7	3859	4645	157	96	-1
98	443	189	13	263	1754	128	-1	99	-1
99	492	170	-13	1192	2634	146	98	-1
100	957	527	9	1707	2769	112	-1	101	-1
101	863	533	-9	2468	3813	215	100	-1
102	733	469	11	960	1950	242	-1	103	-1
103	615	253	-11	2573	3938	206	102	-1
104	301	808	17	1630	2197	139	-1	105	-1
105	465	822	-17	3486	4875	156	104	-1
106	481	474	11	520	1229	197	-1	107	-1
107	365	361	-11	636	1688	109	106	-1
108	766	575	7	987	1861	117	-1	109	-1
109	614	452	-7	3325	4475	142	108	-1
110	475	654	9	2941	3969	126	-1	111	-1
111	510	662	-9	3533	4957	232	110	-1
112	505	656	7	2781	4262	173	-1	113	-1
113	463	744	-7	2545	3681	176	112	-1
114	507	811	16	787	1534	128	-1	115	-1
115	524	653	-16	2252	3274	188	114	-1
116	708	425	19	322	1678	135	-1	117	-1
117	583	657	-19	1823	3297	101	116	-1
118	249	382	13	2258	3624	227	-1	119	-1
119	267	224	-13	3761	4828	152	118	-1
120	439	613	11	3843	4383	103	-1	121	-1
121	552	685	-11	4209	4965	223	120	-1
122	169	496	16	1412	2506	129	-1	123	-1
123	10	459	-16	2622	3295	230	122	-1
124	991	504	16	3555	4710	184	-1	125	-1
125	879	386	-16	3737	4949	153	124	-1
126	662	395	6	1621	2844	158	-1	127	-1
127	699	210	-6	1646	3007	139	126	-1
128	391	396	13	1537	2783	239	-1	129	-1
129	416	577	-13	1366	2718	144	128	-1
130	383	811	18	3456	4160	219	-1	131	-1
131	475	654	-18	3874	4578	226	130	-1
132	915	335	13	893	2015	176	-1	133	-1
133	958	501	-13	3131	4614	107	132	-1
134	534	639	7	842	1439	219	-1	135	-1
135	770	679	-7	4040	4914	145	134	-1
136	346	797	17	987	1568	194	-1	137	-1
137	524	685	-17	2129	3385	107	136	-1
138	418	62	12	1245	1747	215	-1	139	-1
139	414	81	-12	3111	4108	209	138	-1
140	88	739	10	310	1692	198	-1	141	-1
141	243	746	-10	2988	3498	115	140	-1
142	874	460	8	1552	2384	248	-1	143	-1
143	993	504	-8	2971	3535	100	142	-1
144	515	712	7	2445	3367	245	-1	145	-1
145	410	569	-7	3380	4635	110	144	-1
146	511	755	15	1097	2307	209	-1	147	-1
147	547	702	-15	2936	4311	154	146	-1
148	992	502	16	1793	2454	126	-1	149	-1
149	998	504	-16	2616	3598	110	148	-1
150	958	197	14	1427	2525	136	-1	151	-1
151	916	143	-14	1794	2807	238	150	-1
152	995	504	16	225	739	131	-1	153	-1
153	815	675	-16	2469	3515	158	152	-1
154	980	505	15	621	1362	210	-1	155	-1
155	767	666	-15	1464	2232	228	154	-1
156	398	336	17	7	1496	111	-1	157	-1
157	385	379	-17	2488	3130	192	156	-1
158	986	500	8	582	1776	206	-1	159	-1
159	883	453	-8	3071	4567	248	158	-1
160	992	510	7	3860	4458	100	-1	161	-1
161	769	681	-7	3418	4647	209	160	-1
162	766	684	8	1762	2574	212	-1	163	-1
163	952	551	-8	4060	4938	138	162	-1
164	777	974	10	3662	4675	106	-1	165	-1
165	941	949	-10	3687	4295	174	164	-1
166	476	653	11	284	892	223	-1	167	-1
167	483	661	-11	2843	4084	226	166	-1
168	2	216	13	1277	2557	137	-1	169	-1
169	232	323	-13	3897	4598	248	168	-1
170	502	500	15	3473	4483	209	-1	171	-1
171	475	655	-15	4351	4991	131	170	-1
172	768	701	17	2991	3840	222	-1	173	-1
173	758	687	-17	2711	3894	227	172	-1
174	887	473	16	3265	3931	169	-1	175	-1
175	994	504	-16	2837	4319	201	174	-1
176	461	642	16	33	1311	159	-1	177	-1
177	491	796	-16	96	1428	245	176	-1
178	962	963	6	1442	2737	202	-1	179	-1
179	793	822	-6	1811	2972	210	178	-1
180	714	149	7	139	784	191	-1	181	-1
181	838	153	-7	3517	4431	144	180	-1
182	331	271	13	1957	2516	126	-1	183	-1
183	561	294	-13	3411	4281	186	182	-1
184	979	484	19	706	2105	231	-1	185	-1
185	995	524	-19	4177	4940	200	184	-1
186	456	663	12	891	1719	197	-1	187	-1
187	272	534	-12	2516	3545	106	186	-1
188	499	973	19	1517	2761	185	-1	189	-1
189	457	826	-19	1371	2277	150	188	-1
190	495	656	16	829	2238	246	-1	191	-1
191	405	728	-16	3332	3842	130	190	-1
192	384	379	18	1006	1765	184	-1	193	-1
193	342	652	-18	1588	3042	201	192	-1
194	826	875	16	2403	3623	207	-1	195	-1
195	969	663	-16	2770	3699	232	194	-1
196	393	372	17	2582	4006	230	-1	197	-1
197	407	452	-17	3230	3954	158	196	-1
198	501	500	6	323	1109	208	-1	199	-1
199	489	506	-6	1536	2719	102	198	-1
200	586	26	11	3283	4178	166	-1	201	-1
201	417	74	-11	3275	3983	148	200	-1
202	466	821	19	1578	2645	155	-1	203	-1
203	589	970	-19	1921	2833	112	202	-1
204	770	992	18	1913	3201	142	-1	205	-1
205	792	900	-18	1923	3014	199	204	-1
206	558	989	19	156	1206	242	-1	207	-1
207	446	969	-19	2604	3228	128	206	-1
208	174	383	10	1188	2369	102	-1	209	-1
209	344	456	-10	1586	3008	164	208	-1
210	458	234	14	2211	3161	185	-1	211	-1
211	469	353	-14	3071	4163	188	210	-1
212	385	379	10	1568	2074	163	-1	213	-1
213	456	644	-10	2844	3517	137	212	-1
214	332	380	16	1957	2851	100	-1	215	-1
215	312	368	-16	2678	3503	106	214	-1
216	779	700	16	3826	4820	113	-1	217	-1
217	781	676	-16	3782	4829	173	216	-1
218	729	885	15	2701	3814	237	-1	219	-1
219	627	752	-15	2242	3325	194	218	-1
220	981	575	11	1169	2269	218	-1	221	-1
221	779	673	-11	809	1879	121	220	-1
222	760	365	6	2477	3071	155	-1	223	-1
223	590	434	-6	2588	3569	166	222	-1
224	595	577	10	2226	2783	139	-1	225	-1
225	474	653	-10	2471	3705	140	224	-1
226	520	680	16	588	1498	173	-1	227	-1
227	769	691	-16	1016	2279	229	226	-1
228	477	379	9	3570	4188	229	-1	229	-1
229	276	515	-9	3605	4959	126	228	-1
230	4	216	9	1904	2851	176	-1	231	-1
231	105	45	-9	4162	4814	205	230	-1
232	417	61	11	1031	2094	203	-1	233	-1
233	411	73	-11	2801	4186	219	232	-1
234	504	659	6	3241	4205	126	-1	235	-1
235	456	627	-6	3196	4274	142	234	-1
236	475	653	13	781	1647	131	-1	237	-1
237	547	658	-13	447	1927	147	236	-1
238	976	504	17	2085	2731	179	-1	239	-1
239	784	705	-17	1607	2752	125	238	-1
240	475	932	10	251	1297	177	-1	241	-1
241	529	658	-10	1345	2279	126	240	-1
242	257	690	13	976	2127	109	-1	243	-1
243	482	800	-13	1545	2855	176	242	-1
244	749	749	15	1353	2844	175	-1	245	-1
245	541	661	-15	1308	2594	169	244	-1
246	53	156	13	263	1682	168	-1	247	-1
247	135	292	-13	3878	4767	151	246	-1
248	355	441	6	3162	4149	248	-1	249	-1
249	528	497	-6	3086	4563	119	248	-1
250	370	385	7	330	1383	219	-1	251	-1
251	502	500	-7	296	1128	105	250	-1
252	536	671	8	3133	3880	226	-1	253	-1
253	495	494	-8	2763	4105	161	252	-1
254	260	890	7	2574	3503	185	-1	255	-1
255	441	867	-7	2696	3642	117	254	-1
256	772	680	16	2281	2792	146	-1	257	-1
257	620	735	-16	2699	3962	126	256	-1
258	3	167	18	467	1030	206	-1	259	-1
259	153	107	-18	1498	2182	217	258	-1
260	442	449	18	2023	3487	240	-1	261	-1
261	463	410	-18	3018	3604	188	260	-1
262	837	494	15	850	1770	217	-1	263	-1
263	767	686	-15	1323	1986	224	262	-1
264	797	670	9	807	1692	170	-1	265	-1
265	764	685	-9	1847	2492	138	264	-1
266	775	827	18	2474	3743	202	-1	267	-1
267	722	731	-18	2125	3119	227	266	-1
268	811	978	11	2277	2885	109	-1	269	-1
269	620	965	-11	2530	3846	184	268	-1
270	954	305	7	2726	3586	100	-1	271	-1
271	976	336	-7	2443	3169	223	270	-1
272	415	33	18	460	1904	131	-1	273	-1
273	408	36	-18	2312	2985	185	272	-1
274	507	439	15	1831	3140	133	-1	275	-1
275	452	677	-15	3328	4777	131	274	-1
276	383	380	18	485	1287	160	-1	277	-1
277	463	114	-18	457	1731	120	276	-1
278	419	58	6	186	1279	170	-1	279	-1
279	569	57	-6	3118	3697	183	278	-1
280	757	87	8	1318	2533	127	-1	281	-1
281	640	227	-8	3501	4232	136	280	-1
282	413	77	11	373	912	241	-1	283	-1
283	592	4	-11	1711	2829	218	282	-1
284	356	129	17	470	1212	179	-1	285	-1
285	609	184	-17	914	2014	179	284	-1
286	772	651	17	747	1911	199	-1	287	-1
287	764	858	-17	3962	4476	248	286	-1
288	527	667	10	2671	4141	109	-1	289	-1
289	525	701	-10	3787	4828	202	288	-1
290	398	813	15	2157	3498	211	-1	291	-1
291	475	654	-15	2412	3360	129	290	-1
292	977	161	9	1138	2624	164	-1	293	-1
293	963	357	-9	3259	4691	110	292	-1
294	502	512	16	1505	2765	199	-1	295	-1
295	435	575	-16	1908	2528	235	294	-1
296	385	379	13	1263	2388	168	-1	297	-1
297	523	515	-13	2009	2849	199	296	-1
298	196	945	15	2842	3675	138	-1	299	-1
299	260	980	-15	3494	4957	245	298	-1
300	374	218	13	884	1606	101	-1	301	-1
301	285	169	-13	3701	4506	203	300	-1
302	998	504	11	931	2146	153	-1	303	-1
303	894	558	-11	1000	1693	202	302	-1
304	98	338	7	377	1758	241	-1	305	-1
305	271	434	-7	3526	4936	144	304	-1
306	19	218	13	275	1197	138	-1	307	-1
307	3	213	-13	1436	2493	167	306	-1
308	375	120	11	272	1603	164	-1	309	-1
309	379	386	-11	1870	2608	191	308	-1
310	146	331	8	143	1240	152	-1	311	-1
311	295	426	-8	3294	4471	155	310	-1
312	524	570	11	725	2029	203	-1	313	-1
313	510	660	-11	3993	4996	235	312	-1
314	417	61	13	896	1560	223	-1	315	-1
315	412	51	-13	2398	2970	121	314	-1
316	994	505	16	2047	2998	130	-1	317	-1
317	786	563	-16	2444	3072	149	316	-1
318	547	678	14	860	2314	231	-1	319	-1
319	520	675	-14	2857	3787	152	318	-1
320	157	11	15	752	1639	239	-1	321	-1
321	388	71	-15	4356	4905	109	320	-1
322	212	545	9	571	1815	169	-1	323	-1
323	389	375	-9	1619	3048	129	322	-1
324	838	592	17	608	1536	163	-1	325	-1
325	970	441	-17	2591	3585	133	324	-1
326	775	935	14	3341	4575	233	-1	327	-1
327	743	861	-14	3561	4352	172	326	-1
328	862	738	16	214	1435	249	-1	329	-1
329	766	682	-16	2984	4317	237	328	-1
330	521	119	15	254	1253	113	-1	331	-1
331	262	70	-15	2605	3536	140	330	-1
332	514	684	10	2177	2714	131	-1	333	-1
333	378	922	-10	2242	2811	141	332	-1
334	422	238	5	1429	1949	224	-1	335	-1
335	205	130	-5	2674	3791	167	334	-1
336	385	379	6	2538	3201	155	-1	337	-1
337	397	535	-6	2346	3664	204	336	-1
338	856	531	5	1207	2184	150	-1	339	-1
339	992	506	-5	2199	3045	113	338	-1
340	994	505	10	3957	4799	196	-1	341	-1
341	993	504	-10	4031	4900	201	340	-1
342	293	664	5	943	1481	126	-1	343	-1
343	550	666	-5	2820	3837	128	342	-1
344	670	855	18	1474	2681	106	-1	345	-1
345	555	655	-18	3355	4465	169	344	-1
346	94	327	6	1314	2306	239	-1	347	-1
347	286	520	-6	2775	3551	205	346	-1
348	991	493	7	1191	2493	201	-1	349	-1
349	981	467	-7	2617	3897	138	348	-1
350	312	977	16	2155	2970	223	-1	351	-1
351	470	747	-16	2894	3900	124	350	-1
352	23	278	5	1830	2790	187	-1	353	-1
353	188	258	-5	1752	2370	167	352	-1
354	73	255	13	810	1838	147	-1	355	-1
355	235	91	-13	2640	3939	131	354	-1
356	515	685	11	830	2161	116	-1	357	-1
357	766	683	-11	3409	4306	218	356	-1
358	476	664	5	2896	3728	178	-1	359	-1
359	277	808	-5	2437	3512	138	358	-1
360	462	814	12	3368	4093	225	-1	361	-1
361	478	814	-12	4241	4887	221	360	-1
362	768	683	15	794	1935	156	-1	363	-1
363	779	517	-15	2933	4401	169	362	-1
364	382	377	7	1326	1982	152	-1	365	-1
365	581	305	-7	2459	3359	177	364	-1
366	637	796	8	893	1495	108	-1	367	-1
367	411	711	-8	2336	3729	170	366	-1
368	615	33	14	3747	4566	227	-1	369	-1
369	885	95	-14	3892	4898	206	368	-1
370	834	696	17	1312	2233	121	-1	371	-1
371	992	496	-17	2413	3661	111	370	-1
372	486	809	16	600	2006	195	-1	373	-1
373	496	884	-16	4057	4691	120	372	-1
374	178	243	11	115	1295	193	-1	375	-1
375	342	431	-11	869	2147	117	374	-1
376	696	224	7	307	1334	218	-1	377	-1
377	507	321	-7	31	1421	116	376	-1
378	469	841	16	2205	2888	210	-1	379	-1
379	520	672	-16	2625	3231	223	378	-1
380	787	621	8	674	2104	183	-1	381	-1
381	520	676	-8	1581	2304	120	380	-1
382	125	31	15	1230	2382	175	-1	383	-1
383	336	9	-15	1665	2308	138	382	-1
384	297	765	12	900	1847	107	-1	385	-1
385	320	505	-12	605	2045	235	384	-1
386	289	651	11	1038	2038	129	-1	387	-1
387	487	828	-11	1753	2815	193	386	-1
388	468	803	8	1566	2876	169	-1	389	-1
389	591	753	-8	1840	2743	109	388	-1
390	134	252	17	665	2116	215	-1	391	-1
391	166	233	-17	2254	2774	114	390	-1
392	106	127	11	1229	2687	161	-1	393	-1
393	368	215	-11	2993	3745	231	392	-1
394	463	850	13	1204	1785	142	-1	395	-1
395	437	680	-13	2233	3375	170	394	-1
396	96	210	5	1416	2521	157	-1	397	-1
397	255	190	-5	1397	2804	173	396	-1
398	46	868	17	234	1381	240	-1	399	-1
399	111	700	-17	1782	2634	228	398	-1
400	557	673	18	1245	2633	144	-1	401	-1
401	761	568	-18	4090	4781	223	400	-1
402	894	677	10	448	959	100	-1	403	-1
403	832	407	-10	2540	3311	171	402	-1
404	807	98	15	568	1508	243	-1	405	-1
405	752	238	-15	823	1979	203	404	-1
406	780	703	12	1099	2079	171	-1	407	-1
407	520	677	-12	853	1914	102	406	-1
408	995	499	9	379	1590	181	-1	409	-1
409	956	488	-9	2533	3762	148	408	-1
410	370	381	16	2422	3572	202	-1	411	-1
411	387	369	-16	3691	4838	162	410	-1
412	418	66	12	364	1532	152	-1	413	-1
413	418	61	-12	1025	2232	191	412	-1
414	400	59	5	529	1866	149	-1	415	-1
415	333	88	-5	2896	3656	226	414	-1
416	947	613	19	2410	3187	155	-1	417	-1
417	769	684	-19	2910	4160	176	416	-1
418	994	505	14	1692	2525	203	-1	419	-1
419	897	361	-14	3173	4588	148	418	-1
420	691	821	11	1551	2830	159	-1	421	-1
421	499	663	-11	2517	3793	126	420	-1
422	468	823	17	885	1746	183	-1	423	-1
423	534	750	-17	937	1742	216	422	-1
424	467	818	11	691	1635	108	-1	425	-1
425	588	564	-11	2591	3511	119	424	-1
426	487	839	18	2201	3001	120	-1	427	-1
427	255	864	-18	2892	3997	218	426	-1
428	768	683	8	1747	2269	182	-1	429	-1
429	644	747	-8	1925	2952	206	428	-1
430	552	631	16	178	705	194	-1	431	-1
431	493	770	-16	3777	4789	247	430	-1
432	774	697	15	444	1667	133	-1	433	-1
433	915	829	-15	1225	2254	161	432	-1
434	757	133	14	614	1356	147	-1	435	-1
435	621	193	-14	547	2020	143	434	-1
436	385	378	16	1733	2970	178	-1	437	-1
437	211	223	-16	4117	4685	175	436	-1
438	12	571	11	1382	2219	100	-1	439	-1
439	110	546	-11	913	2272	247	438	-1
440	421	550	9	2595	3891	195	-1	441	-1
441	499	697	-9	2952	4058	198	440	-1
442	447	306	12	106	1507	214	-1	443	-1
443	552	457	-12	1023	2515	244	442	-1
444	534	157	18	1089	1789	105	-1	445	-1
445	417	61	-18	3131	4104	221	444	-1
446	418	64	17	1177	2061	189	-1	447	-1
447	336	39	-17	3304	4373	185	446	-1
448	47	220	12	1831	2437	213	-1	449	-1
449	251	157	-12	3954	4716	158	448	-1
450	417	61	15	271	822	140	-1	451	-1
451	429	187	-15	1624	2988	169	450	-1
452	116	580	18	540	1596	166	-1	453	-1
453	21	708	-18	3714	4339	138	452	-1
454	129	409	18	1648	2369	129	-1	455	-1
455	42	651	-18	3520	4403	131	454	-1
456	934	506	5	2193	3125	155	-1	457	-1
457	764	689	-5	2441	3352	224	456	-1
458	519	398	12	166	888	167	-1	459	-1
459	481	646	-12	4240	4955	105	458	-1
460	409	734	11	2640	3579	182	-1	461	-1
461	529	673	-11	3908	4697	244	460	-1
462	677	720	8	2570	3948	112	-1	463	-1
463	561	705	-8	2580	3847	183	462	-1
464	376	379	11	1710	3144	221	-1	465	-1
465	377	379	-11	2410	3311	103	464	-1
466	502	500	8	1523	2081	117	-1	467	-1
467	510	515	-8	1165	2632	189	466	-1
468	689	627	8	1215	1780	219	-1	469	-1
469	411	611	-8	2437	3225	162	468	-1
470	543	667	9	2629	3721	139	-1	471	-1
471	474	652	-9	3951	4468	177	470	-1
472	57	314	6	274	1431	104	-1	473	-1
473	27	254	-6	1395	2375	161	472	-1
474	957	516	17	343	1257	228	-1	475	-1
475	994	505	-17	161	1576	148	474	-1
476	418	60	12	1237	2493	163	-1	477	-1
477	361	77	-12	4391	4947	108	476	-1
478	13	502	14	1202	1940	176	-1	479	-1
479	105	689	-14	3729	4351	198	478	-1
480	224	542	16	3298	3824	229	-1	481	-1
481	359	727	-16	3968	4660	183	480	-1
482	421	63	9	488	1977	165	-1	483	-1
483	309	75	-9	3662	4453	125	482	-1
484	957	740	7	1138	1925	180	-1	485	-1
485	953	513	-7	3444	4088	224	484	-1
486	476	791	17	1096	2102	189	-1	487	-1
487	540	521	-17	1449	2600	155	486	-1
488	140	980	9	2345	3818	103	-1	489	-1
489	73	914	-9	2821	3665	237	488	-1
490	417	93	15	825	1602	119	-1	491	-1
491	420	55	-15	371	1693	185	490	-1
492	401	345	12	1596	2320	160	-1	493	-1
493	494	210	-12	1747	2625	174	492	-1
494	928	691	9	606	1880	164	-1	495	-1
495	994	514	-9	3559	4158	147	494	-1
496	216	764	8	1465	2638	226	-1	497	-1
497	350	721	-8	1205	2683	100	496	-1
498	432	822	6	812	2273	193	-1	499	-1
499	446	978	-6	3522	4824	131	498	-1
500	436	849	15	1338	2672	100	-1	501	-1
501	620	768	-15	2790	3775	117	500	-1
502	564	838	16	1375	2085	189	-1	503	-1
503	521	679	-16	2095	2939	150	502	-1
504	515	710	10	414	1480	152	-1	505	-1
505	492	660	-10	1459	2920	215	504	-1
506	112	387	13	2766	3973	180	-1	507	-1
507	139	240	-13	3002	3610	101	506	-1
508	391	369	13	862	1365	176	-1	509	-1
509	485	507	-13	3436	4054	201	508	-1
510	153	624	14	1348	2134	220	-1	511	-1
511	343	417	-14	2442	3705	154	510	-1
512	725	179	14	2117	2710	153	-1	513	-1
513	844	434	-14	3157	4101	218	512	-1
514	478	612	6	1510	2854	245	-1	515	-1
515	419	622	-6	2190	3317	175	514	-1
516	424	60	9	773	2038	214	-1	517	-1
517	447	36	-9	3727	4872	111	516	-1
518	774	681	18	509	1634	150	-1	519	-1
519	952	674	-18	945	1538	117	518	-1
520	581	458	9	601	1842	179	-1	521	-1
521	776	376	-9	4427	4963	152	520	-1
522	410	92	17	2134	3132	199	-1	523	-1
523	359	166	-17	1750	2871	209	522	-1
524	232	138	17	570	1510	187	-1	525	-1
525	149	129	-17	1508	2876	244	524	-1
526	676	336	14	1809	2936	242	-1	527	-1
527	838	550	-14	2520	3386	224	526	-1
528	421	51	14	1301	2576	135	-1	529	-1
529	379	214	-14	1097	1917	233	528	-1
530	384	379	6	2950	4104	180	-1	531	-1
531	236	369	-6	2182	3679	208	530	-1
532	441	840	10	1575	2593	199	-1	533	-1
533	466	701	-10	4142	4896	234	532	-1
534	473	658	14	775	1802	186	-1	535	-1
535	518	513	-14	3598	4952	136	534	-1
536	55	329	19	2385	3730	130	-1	537	-1
537	3	213	-19	2332	2898	142	536	-1
538	519	691	7	358	1545	136	-1	539	-1
539	591	473	-7	1053	2121	107	538	-1
540	976	469	10	1920	2619	190	-1	541	-1
541	774	629	-10	3599	4542	140	540	-1
542	804	573	16	106	1588	147	-1	543	-1
543	763	683	-16	4100	4859	165	542	-1
544	416	62	12	3752	4658	172	-1	545	-1
545	417	61	-12	3556	4871	228	544	-1
546	554	659	8	172	1171	149	-1	547	-1
547	736	571	-8	1714	2736	110	546	-1
548	5	238	19	977	1926	191	-1	549	-1
549	71	216	-19	2931	3602	177	548	-1
550	530	689	14	1898	2857	217	-1	551	-1
551	436	721	-14	2229	3674	165	550	-1
552	775	284	8	1132	2406	240	-1	553	-1
553	921	289	-8	2585	3640	128	552	-1
554	455	894	7	442	1796	112	-1	555	-1
555	521	676	-7	602	1882	128	554	-1
556	427	947	10	3281	4341	132	-1	557	-1
557	387	913	-10	3688	4640	122	556	-1
558	90	962	10	1438	2335	104	-1	559	-1
559	334	997	-10	1640	2612	126	558	-1
560	3	213	11	2917	4226	142	-1	561	-1
561	2	211	-11	3790	4438	192	560	-1
562	45	107	9	2261	3551	100	-1	563	-1
563	3	213	-9	2191	2776	187	562	-1
564	488	591	6	570	1159	233	-1	565	-1
565	609	514	-6	1283	1888	137	564	-1
566	545	668	14	771	1424	104	-1	567	-1
567	513	680	-14	3227	3903	115	566	-1
568	532	753	18	779	1853	167	-1	569	-1
569	766	682	-18	919	2323	163	568	-1
570	3	213	9	1584	2508	122	-1	571	-1
571	4	213	-9	1763	2296	217	570	-1
572	49	833	8	3795	4752	131	-1	573	-1
573	208	842	-8	4157	4850	114	572	-1
574	113	7	7	158	1171	220	-1	575	-1
575	4	214	-7	164	1234	136	574	-1
576	502	499	13	2082	3496	220	-1	577	-1
577	684	613	-13	3907	4692	208	576	-1
578	111	106	6	973	2167	233	-1	579	-1
579	308	214	-6	2404	3625	243	578	-1
580	544	668	14	456	1802	177	-1	581	-1
581	546	721	-14	2164	3570	192	580	-1
582	516	679	12	2009	2587	178	-1	583	-1
583	748	696	-12	3017	3692	244	582	-1
584	187	217	15	3010	4339	187	-1	585	-1
585	236	321	-15	3239	4579	228	584	-1
586	517	669	18	2327	3618	167	-1	587	-1
587	588	627	-18	2232	3075	191	586	-1
588	416	48	15	2404	3753	170	-1	589	-1
589	382	105	-15	2802	3639	184	588	-1
590	757	663	10	1192	2621	216	-1	591	-1
591	508	612	-10	1357	2134	209	590	-1
592	258	811	9	1122	2215	124	-1	593	-1
593	474	663	-9	3786	4366	228	592	-1
594	850	983	17	925	1585	194	-1	595	-1
595	811	710	-17	1191	2575	197	594	-1
596	768	683	10	335	1744	231	-1	597	-1
597	732	447	-10	3203	3923	109	596	-1
598	488	2	7	246	1536	170	-1	599	-1
599	499	238	-7	2061	3309	187	598	-1
600	402	348	8	1987	3124	110	-1	601	-1
601	444	94	-8	2249	2837	146	600	-1
602	991	511	11	1489	2655	173	-1	603	-1
603	995	504	-11	2199	3653	245	602	-1
604	103	581	19	1673	2189	138	-1	605	-1
605	87	373	-19	2161	2887	153	604	-1
606	657	921	18	1926	3214	105	-1	607	-1
607	736	972	-18	2191	3585	152	606	-1
608	367	31	13	1419	2204	245	-1	609	-1
609	410	159	-13	3738	4467	127	608	-1
610	583	644	7	3185	4475	118	-1	611	-1
611	485	847	-7	3054	3778	111	610	-1
612	379	746	11	2888	4255	227	-1	613	-1
613	601	600	-11	3522	4763	159	612	-1
614	891	357	17	524	1592	196	-1	615	-1
615	939	239	-17	1366	2256	206	614	-1
616	269	683	8	881	2036	165	-1	617	-1
617	517	703	-8	1211	2064	120	616	-1
618	647	533	16	1060	2422	169	-1	619	-1
619	768	682	-16	1067	1871	178	618	-1
620	511	500	15	547	1713	228	-1	621	-1
621	506	491	-15	3917	4827	210	620	-1
622	610	824	16	1926	2488	146	-1	623	-1
623	641	713	-16	3525	4603	118	622	-1
624	35	92	9	1522	2526	198	-1	625	-1
625	73	222	-9	3880	4577	176	624	-1
626	56	842	14	2092	3090	144	-1	627	-1
627	221	876	-14	2372	3864	139	626	-1
628	549	762	7	636	1894	224	-1	629	-1
629	780	842	-7	2845	3469	202	628	-1
630	995	422	17	2722	4189	113	-1	631	-1
631	856	311	-17	2433	3777	104	630	-1
632	574	107	12	55	633	212	-1	633	-1
633	414	133	-12	1980	2817	123	632	-1
634	460	809	16	1545	2185	161	-1	635	-1
635	551	689	-16	2967	3766	225	634	-1
636	492	503	12	2082	3025	229	-1	637	-1
637	524	677	-12	2061	2667	115	636	-1
638	3	213	18	2593	3606	201	-1	639	-1
639	194	44	-18	3006	3816	214	638	-1
640	226	506	5	767	1862	195	-1	641	-1
641	318	410	-5	4292	4893	246	640	-1
642	782	733	6	1221	2279	181	-1	643	-1
643	974	544	-6	1774	2766	155	642	-1
644	578	525	10	646	1544	146	-1	645	-1
645	616	355	-10	60	1314	127	644	-1
646	871	567	8	3582	4141	170	-1	647	-1
647	802	370	-8	3483	4921	216	646	-1
648	584	542	12	913	1679	186	-1	649	-1
649	545	677	-12	2889	3912	164	648	-1
650	466	821	12	2058	2906	216	-1	651	-1
651	466	821	-12	2309	3630	119	650	-1
652	403	855	10	1269	2498	126	-1	653	-1
653	495	677	-10	3332	4580	179	652	-1
654	497	629	18	41	802	246	-1	655	-1
655	243	716	-18	1591	2879	146	654	-1
656	580	133	11	2155	2839	216	-1	657	-1
657	417	57	-11	2450	3736	135	656	-1
658	357	361	10	9	1130	128	-1	659	-1
659	452	133	-10	3236	4607	107	658	-1
660	475	652	9	1540	2522	118	-1	661	-1
661	592	739	-9	2906	4094	121	660	-1
662	994	505	12	744	2079	110	-1	663	-1
663	980	395	-12	4200	4979	116	662	-1
664	382	384	20	589	1860	197	-1	665	-1
665	217	510	-20	2092	3092	130	664	-1
666	712	618	12	3459	4036	160	-1	667	-1
667	547	774	-12	3670	4972	140	666	-1
668	63	15	15	1206	1967	151	-1	669	-1
669	230	19	-15	895	2055	227	668	-1
670	825	197	14	178	1632	137	-1	671	-1
671	842	375	-14	1404	2824	113	670	-1
672	524	689	9	1861	2702	151	-1	673	-1
673	748	713	-9	4001	4888	243	672	-1
674	67	476	15	1955	3317	200	-1	675	-1
675	55	634	-15	2136	3603	146	674	-1
676	525	643	9	10	661	171	-1	677	-1
677	544	668	-9	1546	2547	164	676	-1
678	475	654	17	2802	3945	188	-1	679	-1
679	407	433	-17	2767	3568	214	678	-1
680	549	713	20	303	992	172	-1	681	-1
681	560	659	-20	3127	4295	185	680	-1
682	465	740	9	2362	3155	224	-1	683	-1
683	470	815	-9	3305	4182	202	682	-1
684	545	67	11	1882	2861	144	-1	685	-1
685	803	92	-11	1492	2935	119	684	-1
686	380	810	8	1184	2306	244	-1	687	-1
687	549	809	-8	2905	4101	132	686	-1
688	75	405	14	2721	4098	214	-1	689	-1
689	55	210	-14	3311	4012	154	688	-1
690	185	922	12	94	1492	151	-1	691	-1
691	42	887	-12	4026	4714	190	690	-1
692	593	613	16	879	1420	119	-1	693	-1
693	476	654	-16	2705	4071	223	692	-1
694	564	908	10	3913	4915	243	-1	695	-1
695	520	677	-10	3463	4867	227	694	-1
696	466	821	9	1147	1649	109	-1	697	-1
697	451	665	-9	2674	4017	194	696	-1
698	406	830	7	1533	2799	149	-1	699	-1
699	617	880	-7	2855	3469	101	698	-1
700	994	505	7	3140	3974	226	-1	701	-1
701	963	511	-7	3306	4094	235	700	-1
702	531	652	8	462	1674	148	-1	703	-1
703	477	654	-8	182	1455	209	702	-1
704	233	863	18	2118	2952	103	-1	705	-1
705	398	904	-18	3230	4206	249	704	-1
706	714	371	13	1007	1910	183	-1	707	-1
707	527	505	-13	3294	3871	217	706	-1
708	486	358	6	1096	2170	125	-1	709	-1
709	490	436	-6	2460	3253	206	708	-1
710	475	655	17	2197	3554	186	-1	711	-1
711	545	670	-17	2993	4191	120	710	-1
712	548	539	7	2047	3419	171	-1	713	-1
713	595	720	-7	2958	3949	128	712	-1
714	414	100	17	1216	2384	103	-1	715	-1
715	372	230	-17	1918	3381	217	714	-1
716	461	444	20	3504	4315	194	-1	717	-1
717	544	667	-20	4136	4904	172	716	-1
718	524	840	12	1721	2966	153	-1	719	-1
719	460	773	-12	3270	4344	106	718	-1
720	41	87	19	10	893	228	-1	721	-1
721	16	224	-19	2694	3490	234	720	-1
722	290	215	13	608	1716	223	-1	723	-1
723	391	373	-13	2418	2971	243	722	-1
724	178	899	12	1779	3042	224	-1	725	-1
725	164	619	-12	2047	2910	145	724	-1
726	888	793	6	409	1158	191	-1	727	-1
727	781	954	-6	3696	4722	226	726	-1
728	512	537	18	1255	2738	199	-1	729	-1
729	400	419	-18	1886	2764	211	728	-1
730	423	512	7	48	1011	199	-1	731	-1
731	385	379	-7	1800	2328	130	730	-1
732	288	315	19	1992	2668	241	-1	733	-1
733	502	500	-19	2568	3104	228	732	-1
734	385	383	17	1170	1996	115	-1	735	-1
735	491	501	-17	3004	4030	174	734	-1
736	83	775	17	1038	1877	188	-1	737	-1
737	225	854	-17	2299	3114	133	736	-1
738	718	308	20	136	1514	199	-1	739	-1
739	755	64	-20	3813	4944	145	738	-1
740	929	250	18	430	1576	110	-1	741	-1
741	930	50	-18	1142	2337	152	740	-1
742	994	529	19	177	946	225	-1	743	-1
743	932	408	-19	4260	4842	200	742	-1
744	420	68	6	1713	2298	198	-1	745	-1
745	513	5	-6	1214	2247	190	744	-1
746	97	103	16	1614	2117	214	-1	747	-1
747	39	269	-16	3233	3999	192	746	-1
748	508	684	18	1366	2048	241	-1	749	-1
749	449	938	-18	3658	4974	120	748	-1
750	287	613	5	1227	2049	249	-1	751	-1
751	523	670	-5	1890	2509	106	750	-1
752	505	448	17	2380	2908	150	-1	753	-1
753	544	668	-17	3503	4874	164	752	-1
754	456	117	6	1805	2511	144	-1	755	-1
755	479	274	-6	1666	2728	241	754	-1
756	468	11	17	1951	3037	166	-1	757	-1
757	414	137	-17	3110	4526	189	756	-1
758	658	109	20	241	1080	107	-1	759	-1
759	442	65	-20	2530	3349	213	758	-1
760	91	465	19	2074	2781	248	-1	761	-1
761	362	497	-19	3893	4971	232	760	-1
762	521	651	7	241	794	150	-1	763	-1
763	462	820	-7	1908	2862	241	762	-1
764	485	97	11	462	1678	204	-1	765	-1
765	509	106	-11	412	1537	230	764	-1
766	524	676	15	2405	3379	108	-1	767	-1
767	503	822	-15	2555	3160	154	766	-1
768	142	318	14	710	1571	183	-1	769	-1
769	241	571	-14	2281	3480	132	768	-1
770	512	380	13	1292	1948	179	-1	771	-1
771	502	500	-13	1489	2688	203	770	-1
772	641	811	9	3266	3838	163	-1	773	-1
773	381	809	-9	3619	4821	108	772	-1
774	442	101	18	593	1431	207	-1	775	-1
775	418	62	-18	2538	3662	127	774	-1
776	1	607	8	1338	2556	180	-1	777	-1
777	234	718	-8	1990	2873	228	776	-1
778	453	776	5	1247	1988	222	-1	779	-1
779	458	660	-5	2980	4287	211	778	-1
780	36	234	8	2345	3068	105	-1	781	-1
781	247	307	-8	2408	3635	110	780	-1
782	544	668	12	1848	2867	199	-1	783	-1
783	455	724	-12	2996	4489	166	782	-1
784	372	225	19	1432	2449	246	-1	785	-1
785	565	118	-19	3319	4261	212	784	-1
786	139	834	16	2961	4160	229	-1	787	-1
787	85	717	-16	2606	3754	145	786	-1
788	411	385	13	462	1237	190	-1	789	-1
789	509	613	-13	275	1564	241	788	-1
790	438	807	20	2696	3894	218	-1	791	-1
791	512	694	-20	3860	4731	157	790	-1
792	418	63	16	697	1542	172	-1	793	-1
793	385	5	-16	3759	4393	136	792	-1
794	542	587	9	1598	2305	202	-1	795	-1
795	774	674	-9	986	2339	208	794	-1
796	764	840	19	685	1484	200	-1	797	-1
797	506	889	-19	3158	4153	121	796	-1
798	6	912	16	1316	2466	124	-1	799	-1
799	241	776	-16	1856	2996	113	798	-1
800	466	658	17	329	1161	216	-1	801	-1
801	529	678	-17	401	1848	129	800	-1
802	278	877	7	1276	2553	229	-1	803	-1
803	468	825	-7	2502	3710	212	802	-1
804	264	917	19	179	1394	232	-1	805	-1
805	365	679	-19	3436	4351	112	804	-1
806	623	402	16	2232	3213	200	-1	807	-1
807	844	433	-16	2085	3443	163	806	-1
808	826	683	16	2050	3460	127	-1	809	-1
809	959	499	-16	3221	3750	113	808	-1
810	802	776	11	736	2193	243	-1	811	-1
811	633	666	-11	1269	2226	187	810	-1
812	994	493	16	964	2139	243	-1	813	-1
813	997	532	-16	1698	2377	130	812	-1
814	831	955	12	1987	3191	166	-1	815	-1
815	657	792	-12	2098	2636	229	814	-1
816	213	65	6	391	1516	244	-1	817	-1
817	482	98	-6	859	1720	136	816	-1
818	967	362	7	2486	3617	112	-1	819	-1
819	758	453	-7	2616	3461	231	818	-1
820	637	368	16	1467	2851	154	-1	821	-1
821	630	398	-16	994	1916	116	820	-1
822	551	463	12	1707	2359	122	-1	823	-1
823	478	657	-12	1470	2799	189	822	-1
824	857	866	8	1115	1914	135	-1	825	-1
825	686	664	-8	567	2029	195	824	-1
826	965	991	15	684	1851	122	-1	827	-1
827	768	961	-15	848	1930	159	826	-1
828	511	669	10	4037	4784	165	-1	829	-1
829	488	650	-10	3269	4434	127	828	-1
830	616	271	11	874	2172	155	-1	831	-1
831	667	234	-11	858	1376	185	830	-1
832	882	397	10	2289	3565	178	-1	833	-1
833	971	310	-10	3108	3694	163	832	-1
834	489	624	19	2069	2870	109	-1	835	-1
835	501	665	-19	2099	2803	219	834	-1
836	687	909	19	2079	3467	177	-1	837	-1
837	544	668	-19	2091	2886	119	836	-1
838	88	501	17	3165	4524	110	-1	839	-1
839	67	484	-17	3600	4982	201	838	-1
840	809	405	18	538	1261	158	-1	841	-1
841	767	684	-18	2739	3841	147	840	-1
842	979	491	15	1693	2507	249	-1	843	-1
843	905	541	-15	973	2280	184	842	-1
844	203	646	7	978	2410	100	-1	845	-1
845	258	469	-7	1004	2025	205	844	-1
846	820	415	6	3077	3873	229	-1	847	-1
847	763	686	-6	2855	4344	221	846	-1
848	10	215	14	781	2080	102	-1	849	-1
849	60	219	-14	2844	3847	219	848	-1
850	475	653	10	1904	3189	167	-1	851	-1
851	375	403	-10	2756	3825	186	850	-1
852	529	352	12	975	2026	222	-1	853	-1
853	467	363	-12	1796	2512	104	852	-1
854	770	687	6	1270	1893	109	-1	855	-1
855	986	505	-6	3346	4055	212	854	-1
856	717	175	19	1967	2560	120	-1	857	-1
857	738	286	-19	2913	3550	236	856	-1
858	189	704	13	121	859	248	-1	859	-1
859	144	553	-13	601	1745	143	858	-1
860	99	509	12	1312	2513	142	-1	861	-1
861	188	766	-12	3050	3596	139	860	-1
862	619	26	12	1899	2440	114	-1	863	-1
863	425	42	-12	3762	4657	142	862	-1
864	63	60	7	3636	4373	185	-1	865	-1
865	3	213	-7	3638	4242	232	864	-1
866	989	503	9	3103	4245	170	-1	867	-1
867	909	350	-9	4349	4900	170	866	-1
868	460	827	18	1742	3135	241	-1	869	-1
869	613	958	-18	2744	3975	245	868	-1
870	753	17	18	16	1237	144	-1	871	-1
871	497	17	-18	544	1192	213	870	-1
872	780	670	19	1957	2672	199	-1	873	-1
873	889	917	-19	3695	4277	105	872	-1
874	627	338	19	906	2310	246	-1	875	-1
875	661	602	-19	3891	4445	248	874	-1
876	743	670	16	2885	3400	200	-1	877	-1
877	667	482	-16	2904	3796	147	876	-1
878	297	862	6	1162	2549	186	-1	879	-1
879	484	650	-6	2089	3494	137	878	-1
880	500	504	19	2611	4014	101	-1	881	-1
881	481	660	-19	2559	3769	180	880	-1
882	428	259	16	682	2054	221	-1	883	-1
883	387	54	-16	3346	4506	196	882	-1
884	503	634	7	440	1911	116	-1	885	-1
885	385	379	-7	2751	3935	212	884	-1
886	544	668	13	317	946	248	-1	887	-1
887	603	874	-13	2800	3944	127	886	-1
888	446	222	7	677	1641	152	-1	889	-1
889	411	56	-7	3684	4470	197	888	-1
890	548	336	10	2312	3015	217	-1	891	-1
891	329	450	-10	3784	4393	167	890	-1
892	58	964	13	1282	1889	180	-1	893	-1
893	140	874	-13	3041	4398	197	892	-1
894	159	657	18	4050	4833	218	-1	895	-1
895	331	720	-18	3885	4692	130	894	-1
896	511	690	15	2328	3766	219	-1	897	-1
897	475	767	-15	3621	4914	240	896	-1
898	581	392	19	275	1678	195	-1	899	-1
899	525	467	-19	3507	4360	243	898	-1
900	3	213	10	765	1958	214	-1	901	-1
901	266	245	-10	1925	2841	221	900	-1
902	19	650	12	3985	4884	115	-1	903	-1
903	105	873	-12	4098	4782	105	902	-1
904	991	505	8	2183	2869	183	-1	905	-1
905	994	505	-8	2375	3262	124	904	-1
906	366	281	5	168	1431	158	-1	907	-1
907	415	79	-5	2405	3430	144	906	-1
908	694	585	17	779	1819	101	-1	909	-1
909	608	372	-17	4020	4924	221	908	-1
910	421	60	15	3527	4482	212	-1	911	-1
911	469	330	-15	3418	4740	215	910	-1
912	365	373	7	2667	3262	138	-1	913	-1
913	543	181	-7	2222	3463	128	912	-1
914	412	57	14	3583	4998	225	-1	915	-1
915	414	61	-14	3385	4772	158	914	-1
916	926	779	18	2531	3644	139	-1	917	-1
917	793	721	-18	2679	3883	194	916	-1
918	373	793	8	1098	2583	121	-1	919	-1
919	470	782	-8	1240	2234	161	918	-1
920	409	350	16	1171	2075	124	-1	921	-1
921	347	82	-16	3577	4141	196	920	-1
922	757	772	8	2475	3808	114	-1	923	-1
923	545	678	-8	3280	4411	105	922	-1
924	8	139	6	809	1646	211	-1	925	-1
925	0	203	-6	3911	4454	114	924	-1
926	418	77	19	1795	2501	125	-1	927	-1
927	421	57	-19	3418	4107	234	926	-1
928	548	668	11	3576	4634	122	-1	929	-1
929	665	490	-11	3476	4398	110	928	-1
930	133	215	10	142	1605	218	-1	931	-1
931	391	108	-10	1525	2638	146	930	-1
932	870	708	5	1778	2541	102	-1	933	-1
933	974	764	-5	4336	4869	128	932	-1
934	394	340	14	483	1544	150	-1	935	-1
935	393	378	-14	3488	4191	229	934	-1
936	357	403	17	308	1422	221	-1	937	-1
937	463	655	-17	183	1414	238	936	-1
938	470	655	6	391	1096	149	-1	939	-1
939	459	790	-6	669	1552	145	938	-1
940	417	56	14	1705	2819	136	-1	941	-1
941	430	35	-14	1874	2786	102	940	-1
942	566	302	18	3417	4661	199	-1	943	-1
943	463	438	-18	3410	4842	119	942	-1
944	244	505	8	2511	3264	153	-1	945	-1
945	375	339	-8	2130	3354	101	944	-1
946	507	658	19	1689	2356	176	-1	947	-1
947	466	821	-19	2453	3657	108	946	-1
948	466	821	15	782	1579	154	-1	949	-1
949	471	655	-15	330	1379	161	948	-1
950	450	53	12	2743	3293	107	-1	951	-1
951	414	61	-12	3115	4081	210	950	-1
952	994	505	14	105	626	180	-1	953	-1
953	819	555	-14	1619	2451	109	952	-1
954	278	336	12	1745	2399	236	-1	955	-1
955	106	494	-12	3792	4913	114	954	-1
956	325	112	16	544	1804	240	-1	957	-1
957	236	168	-16	3309	4634	175	956	-1
958	552	20	11	1028	2520	230	-1	959	-1
959	412	65	-11	471	1750	147	958	-1
960	503	499	19	1923	2624	146	-1	961	-1
961	641	284	-19	3376	4838	125	960	-1
962	142	259	10	1448	2028	133	-1	963	-1
963	3	213	-10	1554	2576	243	962	-1
964	728	672	11	847	2117	189	-1	965	-1
965	585	685	-11	4338	4920	169	964	-1
966	370	368	9	2094	3121	182	-1	967	-1
967	641	401	-9	3341	3931	155	966	-1
968	348	131	14	791	2080	162	-1	969	-1
969	340	390	-14	951	1803	122	968	-1
970	520	677	11	3953	4588	150	-1	971	-1
971	495	501	-11	3351	4705	189	970	-1
972	6	211	18	1652	3038	217	-1	973	-1
973	2	213	-18	1435	2189	101	972	-1
974	994	690	6	1541	2935	201	-1	975	-1
975	777	705	-6	3244	4244	161	974	-1
976	160	336	8	2392	3370	209	-1	977	-1
977	144	258	-8	2847	3921	162	976	-1
978	271	124	6	1527	2210	127	-1	979	-1
979	422	114	-6	1223	2624	119	978	-1
980	612	156	12	1006	1592	107	-1	981	-1
981	503	412	-12	1778	2358	115	980	-1
982	461	879	11	38	926	212	-1	983	-1
983	520	677	-11	588	1673	249	982	-1
984	384	379	16	1020	2210	215	-1	985	-1
985	277	508	-16	2446	3674	136	984	-1
986	996	506	11	1348	2410	152	-1	987	-1
987	999	491	-11	1228	2580	207	986	-1
988	417	60	6	756	2153	215	-1	989	-1
989	410	100	-6	730	2004	179	988	-1
990	165	598	7	1187	2229	163	-1	991	-1
991	130	797	-7	3969	4650	203	990	-1
992	771	642	12	1753	3070	135	-1	993	-1
993	801	652	-12	4353	4873	140	992	-1
994	281	4	20	714	2187	117	-1	995	-1
995	196	149	-20	1337	2550	182	994	-1
996	392	70	10	2774	4206	223	-1	997	-1
997	417	61	-10	3220	3868	130	996	-1
998	520	678	6	896	1756	223	-1	999	-1
999	475	653	-6	1698	2606	244	998	-1
0	519	257	519	257	50	0	5000
1	524	242	524	242	50	0	5000
2	722	663	722	663	50	0	5000
3	325	934	325	934	50	0	5000
4	811	125	811	125	50	0	5000
5	519	257	519	257	50	0	5000
6	524	242	524	242	50	0	5000
7	722	663	722	663	50	0	5000
8	325	934	325	934	50	0	5000
9	811	125	811	125	50	0	5000
10	519	257	519	257	50	0	5000
11	524	242	524	242	50	0	5000
12	722	663	722	663	50	0	5000
13	325	934	325	934	50	0	5000
14	811	125	811	125	50	0	5000
15	519	257	519	257	50	0	5000
16	524	242	524	242	50	0	5000
17	722	663	722	663	50	0	5000
18	325	934	325	934	50	0	5000
19	811	125	811	125	50	0	5000
20	519	257	519	257	50	0	5000
21	524	242	524	242	50	0	5000
22	722	663	722	663	50	0	5000
23	325	934	325	934	50	0	5000
24	811	125	811	125	50	0	5000
25	519	257	519	257	50	0	5000
26	524	242	524	242	50	0	5000
27	722	663	722	663	50	0	5000
28	325	934	325	934	50	0	5000
29	811	125	811	125	50	0	5000
30	519	257	519	257	50	0	5000
31	524	242	524	242	50	0	5000
32	722	663	722	663	50	0	5000
33	325	934	325	934	50	0	5000
34	811	125	811	125	50	0	5000
35	519	257	519	257	50	0	5000
36	524	242	524	242	50	0	5000
37	722	663	722	663	50	0	5000
38	325	934	325	934	50	0	5000
39	811	125	811	125	50	0	5000
40	519	257	519	257	50	0	5000
41	524	242	524	242	50	0	5000
42	722	663	722	663	50	0	5000
43	325	934	325	934	50	0	5000
44	811	125	811	125	50	0	5000
45	519	257	519	257	50	0	5000
46	524	242	524	242	50	0	5000
47	722	663	722	663	50	0	5000
48	325	934	325	934	50	0	5000
49	811	125	811	125	50	0	5000
50	519	257	519	257	50	0	5000
51	524	242	524	242	50	0	5000
52	722	663	722	663	50	0	5000
53	325	934	325	934	50	0	5000
54	811	125	811	125	50	0	5000
55	519	257	519	257	50	0	5000
56	524	242	524	242	50	0	5000
57	722	663	722	663	50	0	5000
58	325	934	325	934	50	0	5000
59	811	125	811	125	50	0	5000
60	519	257	519	257	50	0	5000
61	524	242	524	242	50	0	5000
62	722	663	722	663	50	0	5000
63	325	934	325	934	50	0	5000
64	811	125	811	125	50	0	5000
65	519	257	519	257	50	0	5000
66	524	242	524	242	50	0	5000
67	722	663	722	663	50	0	5000
68	325	934	325	934	50	0	5000
69	811	125	811	125	50	0	5000
70	519	257	519	257	50	0	5000
71	524	242	524	242	50	0	5000
72	722	663	722	663	50	0	5000
73	325	934	325	934	50	0	5000
74	811	125	811	125	50	0	5000
75	519	257	519	257	50	0	5000
76	524	242	524	242	50	0	5000
77	722	663	722	663	50	0	5000
78	325	934	325	934	50	0	5000
79	811	125	811	125	50	0	5000
80	519	257	519	257	50	0	5000
81	524	242	524	242	50	0	5000
82	722	663	722	663	50	0	5000
83	325	934	325	934	50	0	5000
84	811	125	811	125	50	0	5000
85	519	257	519	257	50	0	5000
86	524	242	524	242	50	0	5000
87	722	663	722	663	50	0	5000
88	325	934	325	934	50	0	5000
89	811	125	811	125	50	0	5000
90	519	257	519	257	50	0	5000
91	524	242	524	242	50	0	5000
92	722	663	722	663	50	0	5000
93	325	934	325	934	50	0	5000
94	811	125	811	125	50	0	5000
95	519	257	519	257	50	0	5000
96	524	242	524	242	50	0	5000
97	722	663	722	663	50	0	5000
98	325	934	325	934	50	0	5000
99	811	125	811	125	50	0	5000
100	519	257	519	257	50	0	5000
101	524	242	524	242	50	0	5000
102	722	663	722	663	50	0	5000
103	325	934	325	934	50	0	5000
104	811	125	811	125	50	0	5000
105	519	257	519	257	50	0	5000
106	524	242	524	242	50	0	5000
107	722	663	722	663	50	0	5000
108	325	934	325	934	50	0	5000
109	811	125	811	125	50	0	5000
110	519	257	519	257	50	0	5000
111	524	242	524	242	50	0	5000
112	722	663	722	663	50	0	5000
113	325	934	325	934	50	0	5000
114	811	125	811	125	50	0	5000
115	519	257	519	257	50	0	5000
116	524	242	524	242	50	0	5000
117	722	663	722	663	50	0	5000
118	325	934	325	934	50	0	5000
119	811	125	811	125	50	0	5000
120	519	257	519	257	50	0	5000
121	524	242	524	242	50	0	5000
122	722	663	722	663	50	0	5000
123	325	934	325	934	50	0	5000
124	811	125	811	125	50	0	5000
125	519	257	519	257	50	0	5000
126	524	242	524	242	50	0	5000
127	722	663	722	663	50	0	5000
128	325	934	325	934	50	0	5000
129	811	125	811	125	50	0	5000
130	519	257	519	257	50	0	5000
131	524	242	524	242	50	0	5000
132	722	663	722	663	50	0	5000
133	325	934	325	934	50	0	5000
134	811	125	811	125	50	0	5000
135	519	257	519	257	50	0	5000
136	524	242	524	242	50	0	5000
137	722	663	722	663	50	0	5000
138	325	934	325	934	50	0	5000
139	811	125	811	125	50	0	5000
140	519	257	519	257	50	0	5000
141	524	242	524	242	50	0	5000
142	722	663	722	663	50	0	5000
143	325	934	325	934	50	0	5000
144	811	125	811	125	50	0	5000
145	519	257	519	257	50	0	5000
146	524	242	524	242	50	0	5000
147	722	663	722	663	50	0	5000
148	325	934	325	934	50	0	5000
149	811	125	811	125	50	0	5000
