250	75	1	1	100000
0	513	19	14	2159	2693	102	-1	1	-1
1	491	55	-14	2446	3154	171	0	-1
2	750	439	16	2661	3679	166	-1	3	-1
3	694	651	-16	4278	4807	195	2	-1
4	745	451	9	2783	4265	166	-1	5	-1
5	641	362	-9	3824	4426	132	4	-1
6	882	719	15	158	1540	243	-1	7	26	1	2	7	10	14	19	21	24	31	32	33	39	40	44	48	56	59	60	63	64	65	69	70	71	72	73
7	977	654	-15	3187	3843	133	6	-1
8	242	542	12	2484	3291	117	-1	9	35	4	6	8	11	12	14	15	17	18	20	21	24	25	28	29	34	36	37	38	41	42	43	44	46	47	48	57	58	59	62	66	68	69	70	71
9	126	720	-12	3860	4439	113	8	-1
10	905	614	14	347	890	189	-1	11	40	1	3	4	6	7	8	11	12	16	17	18	19	21	23	24	25	26	27	30	32	37	38	39	40	41	42	50	51	53	54	55	56	58	59	61	65	67	69	70	73
11	852	558	-14	3130	4311	151	10	-1
12	659	224	13	278	806	245	-1	13	38	0	1	4	5	7	9	11	12	13	14	15	19	21	24	25	29	30	32	33	35	41	44	46	47	48	50	51	53	54	55	56	57	58	59	66	67	72	73
13	693	389	-13	40	1034	155	12	-1
14	362	276	9	463	1299	129	-1	15	39	1	2	3	4	5	8	11	13	14	15	16	18	20	22	24	29	31	35	36	37	38	44	45	46	48	50	54	56	58	59	60	64	66	68	70	71	72	73	74
15	638	229	-9	2576	3133	105	14	-1
16	629	824	13	471	1421	161	-1	17	-1
17	722	577	-13	1790	2899	112	16	-1
18	653	798	7	1096	2298	146	-1	19	-1
19	630	561	-7	3303	3811	244	18	-1
20	616	554	11	1241	2484	187	-1	21	37	0	1	2	3	7	8	10	12	13	15	23	24	25	28	31	32	35	36	39	40	42	44	46	47	48	52	53	54	55	58	59	62	65	66	70	72	73
21	693	661	-11	3296	4552	104	20	-1
22	369	336	16	2776	3443	122	-1	23	22	0	1	3	7	10	14	15	20	25	28	33	35	37	38	41	45	49	51	54	55	57	58
23	105	271	-16	3150	4202	142	22	-1
24	508	47	19	2860	3934	164	-1	25	23	1	2	6	9	13	14	15	16	17	20	21	30	31	36	38	44	45	49	51	59	60	69	70
25	511	15	-19	3529	4356	178	24	-1
26	673	403	6	964	1578	238	-1	27	-1
27	590	249	-6	3197	4308	136	26	-1
28	674	261	13	128	1306	176	-1	29	31	2	3	8	10	12	13	16	18	22	25	28	29	32	33	40	42	43	44	45	47	48	52	56	58	59	60	61	62	63	65	69
29	513	342	-13	660	1436	120	28	-1
30	535	78	19	2821	4200	101	-1	31	-1
31	648	203	-19	3932	4561	176	30	-1
32	916	594	9	1421	2259	193	-1	33	-1
33	949	595	-9	2356	3853	154	32	-1
34	977	71	11	4117	4620	164	-1	35	34	3	8	11	12	16	17	19	21	23	25	28	29	30	36	39	40	42	43	45	47	48	49	51	54	55	56	59	60	64	65	68	69	72	74
35	779	243	-11	3551	4912	193	34	-1
36	173	561	11	428	1395	101	-1	37	-1
37	219	660	-11	1139	1843	111	36	-1
38	429	653	10	302	934	203	-1	39	36	7	8	10	11	13	17	18	19	21	22	24	26	28	29	31	32	33	35	36	37	39	40	43	52	54	56	59	60	62	63	65	66	67	71	72	74
39	311	523	-10	321	1766	223	38	-1
40	89	203	10	1012	2176	155	-1	41	-1
41	25	160	-10	1752	3097	121	40	-1
42	948	623	15	1575	2525	246	-1	43	22	2	3	6	9	18	19	25	29	31	35	39	45	46	49	51	52	53	60	65	68	70	71
43	929	522	-15	2053	2845	131	42	-1
44	375	300	9	3544	4946	174	-1	45	-1
45	504	261	-9	3792	4784	192	44	-1
46	815	123	17	662	1975	107	-1	47	43	2	3	4	6	7	8	11	12	15	16	17	19	21	22	23	24	26	31	32	33	34	35	42	43	44	45	47	49	50	51	52	53	55	56	57	58	61	64	65	69	72	73	74
47	671	230	-17	3901	4866	238	46	-1
48	537	717	17	1863	3147	150	-1	49	-1
49	436	944	-17	3454	4406	101	48	-1
50	500	259	7	3307	4723	174	-1	51	39	7	8	9	11	13	14	15	17	18	19	20	21	24	27	28	30	34	36	37	40	42	43	45	49	50	51	52	56	57	59	61	63	64	66	69	70	71	72	73
51	521	25	-7	3741	4962	245	50	-1
52	23	511	6	464	1881	221	-1	53	-1
53	220	394	-6	3989	4743	115	52	-1
54	460	518	15	1303	2597	240	-1	55	-1
55	489	640	-15	1078	2425	170	54	-1
56	913	571	8	2123	2980	166	-1	57	26	1	2	6	11	12	14	17	19	21	26	30	32	37	39	41	42	45	53	58	59	60	62	67	68	70	71
57	687	638	-8	2142	3357	215	56	-1
58	380	993	10	132	1564	221	-1	59	-1
59	316	983	-10	2987	3631	238	58	-1
60	65	751	16	315	1798	239	-1	61	-1
61	25	557	-16	3095	4003	217	60	-1
62	941	617	17	597	1889	168	-1	63	-1
63	688	736	-17	3304	4188	230	62	-1
64	693	277	9	2997	4292	161	-1	65	42	1	2	3	4	5	7	8	11	12	13	16	19	22	23	26	27	30	31	34	36	38	39	40	41	45	46	47	48	49	52	54	55	56	57	61	62	64	65	68	69	70	71
65	965	251	-9	2599	4031	178	64	-1
66	236	227	17	316	1542	132	-1	67	-1
67	227	238	-17	3681	4617	196	66	-1
68	500	260	11	2771	4242	156	-1	69	-1
69	493	313	-11	3327	4553	211	68	-1
70	608	806	10	1928	3164	119	-1	71	27	2	3	5	6	9	11	18	23	25	28	32	34	37	41	44	50	54	55	56	59	60	61	65	67	72	73	74
71	653	625	-10	3354	4772	205	70	-1
72	516	36	14	1560	3013	225	-1	73	-1
73	509	33	-14	1452	2641	136	72	-1
74	572	911	14	2837	4320	224	-1	75	-1
75	669	670	-14	3303	4587	187	74	-1
76	328	866	6	1857	3118	246	-1	77	28	1	6	9	12	15	19	23	24	28	29	30	31	33	34	36	37	38	47	48	49	52	55	57	59	65	66	67	71
77	361	917	-6	1825	2983	156	76	-1
78	441	115	17	1422	2799	225	-1	79	-1
79	305	326	-17	3474	4238	173	78	-1
80	216	241	11	646	1509	174	-1	81	-1
81	313	338	-11	2750	3937	118	80	-1
82	241	254	15	1299	2676	161	-1	83	37	0	1	2	6	7	8	9	14	17	18	19	20	22	24	25	27	28	30	33	35	37	39	40	44	46	48	49	51	58	60	61	65	66	68	69	71	73
83	242	37	-15	1311	2586	224	82	-1
84	369	297	9	1664	3142	248	-1	85	-1
85	648	323	-9	3441	4672	136	84	-1
86	136	93	17	1690	2802	236	-1	87	43	0	1	2	4	6	9	10	14	15	16	18	19	20	22	25	26	27	28	29	32	33	35	36	37	38	41	42	43	44	45	50	51	53	54	55	56	59	60	61	62	64	67	70
87	175	227	-17	1935	3012	125	86	-1
88	8	854	9	1786	2609	156	-1	89	36	1	2	4	6	7	8	12	13	14	18	19	20	22	23	24	25	26	28	30	31	33	35	38	42	46	47	48	51	53	55	56	61	66	67	71	72
89	187	709	-9	1212	2416	162	88	-1
90	859	699	17	2093	3298	225	-1	91	-1
91	947	758	-17	1423	2662	117	90	-1
92	939	614	17	1697	2354	171	-1	93	30	2	3	13	14	16	17	19	20	21	22	23	24	26	30	33	34	35	42	45	46	49	51	52	54	58	59	65	67	70	72
93	727	688	-17	3743	4894	220	92	-1
94	728	398	8	2422	3562	238	-1	95	-1
95	733	668	-8	3634	4716	161	94	-1
96	948	614	19	457	1098	211	-1	97	-1
97	694	651	-19	1956	2723	188	96	-1
98	523	849	12	3302	4340	142	-1	99	-1
99	692	730	-12	3519	4595	167	98	-1
100	95	658	14	2339	2922	184	-1	101	33	1	3	6	7	8	9	12	14	16	20	21	26	27	30	31	35	39	40	42	44	46	47	55	56	59	60	62	63	65	66	67	70	71
101	304	627	-14	2261	3570	142	100	-1
102	696	656	17	1208	2205	147	-1	103	22	1	13	18	19	27	29	33	35	39	47	49	50	55	61	62	63	64	67	68	70	73	74
103	924	652	-17	1451	2182	115	102	-1
104	943	677	17	991	2170	151	-1	105	-1
105	682	661	-17	2535	3893	101	104	-1
106	318	328	7	3021	3915	110	-1	107	-1
107	313	323	-7	3510	4071	176	106	-1
108	689	212	6	945	2165	231	-1	109	-1
109	683	221	-6	1069	2557	249	108	-1
110	707	365	7	1177	1753	211	-1	111	-1
111	821	145	-7	1266	2511	167	110	-1
112	478	713	15	2954	4348	171	-1	113	-1
113	703	670	-15	4032	4790	204	112	-1
114	227	240	5	115	1171	122	-1	115	-1
115	241	342	-5	286	1639	219	114	-1
116	522	39	19	175	1565	231	-1	117	-1
117	542	28	-19	1870	2840	195	116	-1
118	548	542	20	307	1485	147	-1	119	-1
119	444	469	-20	1994	3258	166	118	-1
120	681	638	18	169	1486	136	-1	121	-1
121	885	599	-18	3391	4493	213	120	-1
122	108	896	11	1125	2609	206	-1	123	-1
123	7	755	-11	2929	4417	147	122	-1
124	313	323	5	282	1685	224	-1	125	-1
125	247	233	-5	2026	2587	192	124	-1
126	213	33	7	379	1328	233	-1	127	-1
127	480	24	-7	1617	3015	135	126	-1
128	842	327	19	2922	4221	128	-1	129	38	1	2	3	5	7	8	9	10	11	12	15	17	18	19	20	22	23	28	29	30	32	33	35	40	47	48	52	53	54	55	61	63	64	67	69	71	72	74
129	977	523	-19	3870	4689	214	128	-1
130	301	196	18	1428	2898	147	-1	131	25	1	4	8	10	11	12	19	20	22	24	25	26	29	31	36	37	38	48	55	56	60	64	65	67	68
131	466	66	-18	4021	4759	156	130	-1
132	227	239	6	1723	3070	249	-1	133	23	1	5	6	7	8	21	25	29	35	38	39	40	41	44	46	47	53	55	58	64	66	68	73
133	326	317	-6	2798	3384	249	132	-1
134	616	205	10	2028	2857	216	-1	135	-1
135	598	328	-10	3125	4565	212	134	-1
136	804	251	10	2745	4057	248	-1	137	39	1	3	6	7	9	10	11	12	13	14	15	18	21	27	28	29	30	32	33	34	36	37	38	40	41	43	44	46	49	53	54	55	56	60	61	63	71	72	74
137	685	392	-10	1975	3378	108	136	-1
138	706	173	9	2138	3109	167	-1	139	-1
139	517	39	-9	2946	3540	104	138	-1
140	11	293	11	1054	1946	107	-1	141	32	0	4	7	9	14	15	18	20	24	28	31	32	33	34	36	37	39	43	47	48	50	52	53	54	57	58	59	65	66	67	70	72
141	232	235	-11	3118	3781	142	140	-1
142	891	974	6	981	1730	157	-1	143	39	2	3	5	7	8	12	13	14	15	17	18	19	21	30	34	37	38	41	42	43	44	45	46	48	51	52	55	56	57	58	59	60	62	65	67	71	72	73	74
143	692	959	-6	4164	4847	158	142	-1
144	351	450	9	1355	2831	144	-1	145	-1
145	226	514	-9	1998	3439	216	144	-1
146	467	78	13	377	921	198	-1	147	28	3	13	16	18	20	26	27	28	31	32	35	41	42	44	47	50	51	52	57	61	62	63	65	66	67	68	70	71
147	414	81	-13	2437	2967	162	146	-1
148	552	187	11	893	2102	212	-1	149	-1
149	520	256	-11	3307	4022	165	148	-1
150	684	394	7	1232	2039	216	-1	151	29	2	4	6	7	9	11	13	16	17	19	21	27	29	30	34	35	37	38	39	43	47	49	53	63	65	66	71	73	74
151	682	393	-7	1423	2152	244	150	-1
152	318	319	9	1758	2831	186	-1	153	-1
153	313	323	-9	2617	3253	146	152	-1
154	754	642	12	267	1679	142	-1	155	-1
155	646	496	-12	2381	3518	102	154	-1
156	29	334	7	1912	2946	237	-1	157	-1
157	245	246	-7	2178	3049	233	156	-1
158	510	267	11	205	1653	198	-1	159	24	1	2	3	12	16	23	26	33	41	42	44	46	47	49	50	52	55	56	57	58	59	61	62	73
159	501	269	-11	1868	2885	117	158	-1
160	534	80	19	281	1669	179	-1	161	41	1	2	4	7	8	9	10	13	14	16	18	19	20	22	24	26	27	28	29	30	32	34	36	37	38	39	40	43	45	47	48	51	55	56	58	65	66	68	69	70	71
161	414	225	-19	3813	4971	213	160	-1
162	783	568	13	754	2067	104	-1	163	-1
163	977	518	-13	3097	3920	115	162	-1
164	732	647	16	1216	2166	174	-1	165	28	1	2	3	5	8	9	12	13	14	19	20	22	27	28	32	33	34	38	39	41	42	44	49	50	52	63	68	69
165	689	389	-16	1950	2745	220	164	-1
166	875	629	19	1711	2499	102	-1	167	-1
167	908	635	-19	2707	3508	237	166	-1
168	310	966	16	1500	2751	221	-1	169	-1
169	361	758	-16	2575	3873	205	168	-1
170	426	291	5	1200	2595	248	-1	171	31	0	1	3	8	10	14	16	17	18	23	25	28	31	34	36	38	39	41	43	46	49	50	53	54	57	58	60	61	63	67	70
171	348	539	-5	1052	1903	182	170	-1
172	653	505	19	3708	4510	176	-1	173	-1
173	714	663	-19	3950	4941	213	172	-1
174	632	683	9	723	1446	201	-1	175	34	2	5	6	9	12	13	14	15	18	20	22	25	26	27	31	32	33	34	37	38	44	45	47	48	49	53	54	55	57	59	61	65	66	72
175	726	698	-9	751	2062	102	174	-1
176	878	613	16	875	1576	236	-1	177	-1
177	852	553	-16	2698	3983	155	176	-1
178	227	240	16	571	1967	107	-1	179	25	1	3	4	8	9	18	22	30	32	33	37	43	48	49	50	51	54	56	58	60	61	64	66	73	74
179	494	302	-16	2320	3242	246	178	-1
180	786	826	19	919	1676	207	-1	181	43	0	1	2	4	6	7	8	9	10	11	12	15	18	19	21	22	23	24	25	31	32	36	37	40	43	45	46	47	49	50	52	53	55	57	60	64	66	67	69	70	72	73	74
181	939	1000	-19	3767	4739	151	180	-1
182	255	142	16	309	890	214	-1	183	34	0	1	2	6	7	8	9	12	13	16	20	21	23	25	26	28	30	31	33	34	35	37	40	50	51	53	56	57	59	60	62	64	68	72
183	481	280	-16	805	1656	249	182	-1
184	768	45	6	1739	2661	209	-1	185	-1
185	925	209	-6	3143	4555	165	184	-1
186	616	653	13	3443	4577	239	-1	187	-1
187	695	391	-13	3884	4634	228	186	-1
188	673	230	20	3073	3992	244	-1	189	-1
189	402	305	-20	2743	3879	198	188	-1
190	500	267	12	885	1831	114	-1	191	-1
191	509	251	-12	1077	2369	211	190	-1
192	476	298	11	1544	3019	247	-1	193	39	1	3	5	7	10	12	14	19	20	22	23	24	25	26	27	29	30	32	33	34	36	39	41	42	49	51	54	56	57	58	62	63	64	65	66	67	68	71	74
193	658	227	-11	3071	3800	143	192	-1
194	893	443	13	1282	1880	107	-1	195	-1
195	931	680	-13	2663	4086	117	194	-1
196	660	675	12	3431	4422	177	-1	197	-1
197	907	798	-12	4091	4709	225	196	-1
198	689	651	15	1585	2268	179	-1	199	28	1	5	8	10	17	19	20	22	25	29	30	31	32	39	41	43	44	48	49	52	53	55	56	58	59	66	68	74
199	812	694	-15	1638	2870	233	198	-1
200	757	224	18	1502	2013	239	-1	201	32	1	4	6	8	9	15	18	22	25	27	28	30	32	34	37	39	40	41	43	48	52	53	54	57	62	63	64	67	68	69	72	74
201	894	284	-18	1138	2162	166	200	-1
202	221	156	5	2403	3382	205	-1	203	-1
203	490	234	-5	2686	3668	155	202	-1
204	968	12	15	1120	2364	112	-1	205	-1
205	866	214	-15	2101	2604	154	204	-1
206	468	809	17	107	1319	167	-1	207	-1
207	326	702	-17	2521	3587	189	206	-1
208	180	245	16	1101	2519	209	-1	209	28	4	8	9	14	17	19	20	21	22	24	29	33	37	44	45	46	47	49	50	52	55	57	59	63	65	70	71	74
209	353	395	-16	3213	4316	228	208	-1
210	693	180	12	1736	3036	156	-1	211	-1
211	690	209	-12	3370	4302	177	210	-1
212	420	196	11	1862	2891	143	-1	213	-1
213	518	37	-11	3366	4741	157	212	-1
214	706	431	11	663	1332	191	-1	215	32	2	3	4	5	6	7	10	18	20	22	25	27	29	34	35	36	37	38	39	45	46	48	49	50	51	56	57	59	64	65	66	71
215	504	269	-11	1072	2568	140	214	-1
216	509	38	11	1208	2053	169	-1	217	24	1	3	6	9	10	16	17	19	25	26	35	37	39	42	43	48	50	52	55	56	60	62	64	69
217	430	90	-11	1790	2915	227	216	-1
218	491	260	11	1373	2749	225	-1	219	43	0	2	3	5	6	7	8	10	11	12	14	15	16	18	24	27	28	33	35	38	39	40	42	45	46	47	49	50	51	53	54	56	58	59	60	61	62	63	64	67	68	70	74
219	519	38	-11	3662	4704	153	218	-1
220	658	853	17	875	2263	207	-1	221	42	1	2	5	6	8	10	12	13	14	15	16	17	18	19	22	23	27	29	30	31	32	34	36	37	38	40	42	43	45	46	48	49	51	52	54	55	57	60	61	65	70	72
221	688	648	-17	1204	2472	139	220	-1
222	787	285	8	273	947	205	-1	223	24	2	4	7	12	16	18	22	32	33	34	37	38	41	46	49	51	56	59	60	61	62	64	66	69
223	655	392	-8	4304	4885	161	222	-1
224	477	70	8	1788	2996	234	-1	225	28	1	4	8	10	11	12	21	22	24	26	27	32	33	34	35	38	41	46	47	49	57	58	59	60	62	68	70	73
225	672	222	-8	1457	2669	150	224	-1
226	886	878	16	387	1720	174	-1	227	33	0	1	3	4	6	7	15	17	19	22	29	30	31	34	38	39	40	41	43	45	47	48	49	51	53	55	60	65	66	67	68	69	71
227	940	617	-16	2327	3656	199	226	-1
228	865	349	19	666	1679	166	-1	229	-1
229	942	617	-19	1416	2861	243	228	-1
230	819	169	19	483	1125	162	-1	231	24	3	5	6	7	10	11	15	16	17	21	27	29	30	33	35	37	38	40	46	47	60	65	71	73
231	898	385	-19	31	1524	184	230	-1
232	521	377	7	1178	2477	114	-1	233	26	1	2	3	7	9	12	18	19	21	23	33	35	40	41	45	48	50	54	57	60	62	64	65	68	70	74
233	678	384	-7	643	2136	116	232	-1
234	371	259	11	138	1273	234	-1	235	37	4	7	9	10	11	12	13	14	16	20	21	22	25	26	27	28	32	34	36	39	41	45	46	47	49	51	53	57	60	62	65	66	68	69	70	71	72
235	227	237	-11	2473	3078	138	234	-1
236	154	950	17	2400	3113	150	-1	237	28	6	14	15	19	20	22	23	26	27	28	33	34	36	37	38	42	45	47	48	49	50	51	55	57	61	66	71	74
237	30	713	-17	3902	4935	101	236	-1
238	514	704	12	3011	3844	174	-1	239	-1
239	393	821	-12	3380	4378	160	238	-1
240	315	323	16	2647	3975	145	-1	241	-1
241	463	296	-16	3635	4438	170	240	-1
242	740	825	14	2240	3724	128	-1	243	27	2	5	10	14	16	21	24	28	29	34	35	42	44	46	48	51	53	54	55	59	60	62	64	68	71	73	74
243	695	655	-14	2562	3279	232	242	-1
244	940	617	18	1353	2099	221	-1	245	35	1	2	4	5	9	10	17	22	24	26	27	30	31	33	34	38	40	42	44	45	50	54	55	57	59	62	63	64	66	67	68	69	70	72	74
245	876	394	-18	1998	2722	192	244	-1
246	339	387	15	400	1172	130	-1	247	30	3	4	7	8	10	11	12	17	19	26	27	28	33	35	36	41	42	43	45	52	55	56	59	60	64	65	66	68	71	72
247	216	232	-15	3168	4514	142	246	-1
248	529	78	8	2484	3199	170	-1	249	22	1	5	8	16	22	27	29	33	37	38	39	43	44	45	46	49	52	55	56	60	64	69
249	733	215	-8	3271	4639	108	248	-1
250	899	811	7	1481	2703	128	-1	251	-1
251	711	640	-7	3040	3751	174	250	-1
252	227	230	17	2608	3385	185	-1	253	23	5	11	12	14	15	17	18	23	24	26	34	35	36	37	39	47	48	49	51	62	68	70	71
253	313	323	-17	2635	3354	227	252	-1
254	227	235	12	987	1581	105	-1	255	-1
255	445	278	-12	2076	2845	105	254	-1
256	820	478	15	1418	2689	168	-1	257	30	0	2	7	10	16	18	19	20	23	27	28	29	30	32	36	38	45	50	51	53	54	57	61	62	63	67	69	71	72	73
257	687	392	-15	1044	2485	222	256	-1
258	640	749	6	2416	3466	203	-1	259	-1
259	835	649	-6	3406	4077	209	258	-1
260	146	559	15	3116	3866	194	-1	261	-1
261	24	798	-15	3288	4586	230	260	-1
262	680	613	6	443	1029	183	-1	263	-1
263	946	581	-6	726	2159	108	262	-1
264	315	322	10	651	1567	233	-1	265	36	2	3	4	6	7	11	12	15	16	17	18	19	20	22	23	24	27	28	30	32	34	36	47	49	50	54	55	56	57	58	60	61	62	63	66	73
265	227	237	-10	3333	3993	197	264	-1
266	313	334	18	1343	2589	113	-1	267	30	3	4	5	6	7	11	13	15	16	17	18	20	23	24	25	32	33	37	40	46	52	53	55	56	58	59	61	65	69	71
267	358	255	-18	2988	4168	166	266	-1
268	520	42	7	2779	4209	171	-1	269	35	0	1	2	3	4	5	7	9	10	11	14	20	26	27	28	29	31	35	36	37	39	40	43	44	49	54	55	57	61	62	63	64	67	68	70
269	430	40	-7	3656	4198	183	268	-1
270	449	904	20	1290	2416	237	-1	271	31	2	4	5	9	10	12	14	19	22	27	28	30	32	33	35	38	41	43	44	47	48	50	51	53	54	56	57	59	62	63	70
271	418	629	-20	3165	4039	167	270	-1
272	81	141	9	1588	2645	239	-1	273	-1
273	189	362	-9	3580	4584	136	272	-1
274	685	392	6	3676	4654	158	-1	275	-1
275	705	407	-6	3456	4791	220	274	-1
276	557	503	13	33	1480	100	-1	277	-1
277	503	260	-13	2747	4042	234	276	-1
278	697	254	13	2129	3246	171	-1	279	34	1	2	6	7	8	9	11	12	13	17	20	22	23	24	25	26	29	30	32	38	41	45	47	49	50	55	57	58	62	63	64	65	66	71
279	506	260	-13	3088	4007	173	278	-1
280	346	673	8	1831	2443	131	-1	281	34	2	3	8	13	14	16	17	19	25	27	30	31	33	34	36	38	39	40	41	42	45	46	48	50	51	53	54	57	58	64	65	66	70	72
281	216	676	-8	2448	3591	165	280	-1
282	78	750	14	3251	3935	128	-1	283	32	3	7	8	9	12	18	19	20	22	25	26	28	33	34	35	36	37	40	41	45	46	50	51	53	57	60	61	62	64	68	71	73
283	106	984	-14	3511	4736	217	282	-1
284	227	237	13	115	1497	202	-1	285	42	3	4	5	9	10	13	14	18	20	21	23	25	26	27	28	29	31	33	34	37	38	39	41	42	43	46	47	48	50	52	53	54	56	57	58	59	60	62	66	67	72	73
285	495	265	-13	23	1328	211	284	-1
286	570	668	10	297	947	248	-1	287	22	3	5	16	22	24	29	31	33	35	40	43	51	52	53	58	59	60	66	67	68	69	70
287	657	681	-10	1156	1874	249	286	-1
288	988	256	17	2216	3540	131	-1	289	44	1	2	3	4	5	6	7	8	9	10	11	12	13	14	15	16	17	21	22	23	24	25	29	33	34	36	37	38	41	43	47	48	50	52	54	56	57	58	61	62	66	67	69	70
289	978	261	-17	3861	4465	139	288	-1
290	957	627	12	599	1944	120	-1	291	-1
291	898	366	-12	2592	4010	176	290	-1
292	360	250	8	801	2098	175	-1	293	23	1	5	7	14	16	17	20	23	26	27	30	35	36	37	38	42	43	58	59	61	67	68	71
293	475	370	-8	2047	3349	142	292	-1
294	938	617	9	2203	3697	226	-1	295	-1
295	905	569	-9	2544	3291	225	294	-1
296	123	546	10	81	1020	160	-1	297	37	2	4	5	7	8	14	15	17	19	20	23	24	26	27	28	36	41	42	43	44	45	47	48	55	56	57	58	60	61	62	63	64	66	68	69	70	73
297	200	651	-10	1567	2956	237	296	-1
298	227	237	9	545	1197	198	-1	299	-1
299	301	316	-9	2751	4245	174	298	-1
300	872	21	17	993	1566	166	-1	301	24	2	4	5	8	9	15	21	25	28	29	30	32	33	35	36	45	46	49	52	53	58	65	66	70
301	851	222	-17	993	2312	235	300	-1
302	244	229	13	1504	2688	244	-1	303	37	0	1	3	6	10	12	14	17	18	22	24	25	26	27	28	29	30	32	33	37	38	41	44	48	50	52	56	59	60	64	65	66	67	68	70	72	73
303	227	243	-13	3018	3932	231	302	-1
304	628	475	6	1607	2834	117	-1	305	39	1	2	3	4	7	10	11	13	14	15	16	17	19	22	23	24	25	27	28	29	33	35	37	39	40	43	52	54	55	56	58	64	67	69	70	71	72	73	74
305	651	334	-6	3786	4519	249	304	-1
306	273	300	13	2072	3316	221	-1	307	-1
307	231	326	-13	3982	4962	242	306	-1
308	187	247	16	333	1671	231	-1	309	38	0	1	5	7	9	11	13	14	17	19	20	21	22	23	24	27	29	30	32	33	37	38	42	43	45	46	49	51	52	56	57	58	64	65	67	70	72	73
309	331	334	-16	2109	3012	177	308	-1
310	999	602	15	2514	3200	119	-1	311	37	1	2	3	7	8	11	12	14	16	19	23	24	25	28	32	33	34	36	42	44	45	47	48	49	50	52	54	56	57	58	60	62	64	65	67	68	69
311	921	582	-15	2995	4072	198	310	-1
312	749	829	14	77	911	178	-1	313	-1
313	612	689	-14	2701	4080	236	312	-1
314	594	199	19	1267	2609	241	-1	315	39	2	3	4	5	6	9	11	12	13	21	23	24	26	28	29	31	32	33	34	37	38	42	43	44	46	53	54	56	57	60	61	63	64	65	68	69	72	73	74
315	376	206	-19	2466	3087	174	314	-1
316	814	821	14	1148	1746	195	-1	317	-1
317	655	679	-14	2134	2687	189	316	-1
318	994	765	8	2819	3331	240	-1	319	44	0	1	3	4	6	7	10	12	15	16	19	21	22	23	25	27	28	29	35	36	37	40	41	42	43	44	45	46	49	52	53	56	57	58	60	62	63	64	65	66	67	71	72	73
319	915	758	-8	3769	4553	157	318	-1
320	684	392	13	350	1211	175	-1	321	30	1	4	5	7	9	12	13	14	15	17	20	21	22	23	28	37	39	40	42	46	47	51	57	60	62	67	68	70	73	74
321	648	246	-13	188	1617	225	320	-1
322	527	460	19	1851	3101	231	-1	323	31	4	5	7	9	13	14	16	17	27	28	29	30	31	34	35	39	40	41	45	51	52	54	57	58	61	62	63	64	69	70	74
323	696	656	-19	1724	2678	114	322	-1
324	459	399	14	402	1784	153	-1	325	-1
325	402	257	-14	140	1263	192	324	-1
326	671	222	7	193	1025	237	-1	327	32	1	3	4	7	11	12	13	14	15	16	19	20	23	24	25	29	32	34	37	39	41	46	56	58	59	61	63	64	67	69	70	73
327	719	391	-7	3494	4976	215	326	-1
328	584	233	16	1913	3102	136	-1	329	-1
329	360	347	-16	2046	3496	165	328	-1
330	89	390	16	716	1688	147	-1	331	-1
331	75	270	-16	141	1542	117	330	-1
332	644	725	16	120	938	227	-1	333	-1
333	681	826	-16	3827	4548	102	332	-1
334	577	883	11	791	2050	190	-1	335	30	1	5	6	13	15	18	19	24	25	27	31	40	41	43	46	47	48	49	50	53	55	56	57	59	60	64	69	70	71	74
335	503	787	-11	2301	3455	211	334	-1
336	649	408	5	3362	3954	218	-1	337	23	0	4	5	11	13	18	22	23	29	31	39	41	42	50	51	56	58	62	64	68	72	73	74
337	673	672	-5	3192	4661	129	336	-1
338	44	441	16	1021	2206	149	-1	339	30	1	2	3	4	7	10	13	14	16	17	20	23	25	26	33	35	36	37	38	41	44	55	57	58	60	62	64	65	71	73
339	261	318	-16	3414	3950	213	338	-1
340	78	3	18	164	1556	231	-1	341	42	1	3	4	5	7	8	11	12	13	14	15	17	20	21	22	23	27	29	30	31	32	34	35	38	39	40	41	49	51	52	53	55	56	58	59	60	61	62	65	70	73	74
341	288	180	-18	75	1303	117	340	-1
342	514	290	17	2613	3599	208	-1	343	43	1	2	6	10	13	16	18	20	22	23	24	26	27	29	30	31	33	34	35	39	41	42	43	44	45	46	48	49	50	53	56	57	58	60	61	62	63	64	66	68	69	72	73
343	329	255	-17	3124	3794	203	342	-1
344	503	269	9	1236	2668	107	-1	345	-1
345	476	269	-9	3674	4595	231	344	-1
346	358	253	8	512	1694	241	-1	347	-1
347	517	37	-8	996	2449	228	346	-1
348	398	219	12	1433	2718	163	-1	349	-1
349	400	335	-12	2790	4132	107	348	-1
350	293	655	14	367	1611	195	-1	351	38	0	2	3	5	6	11	18	19	20	21	23	25	27	29	33	34	35	36	38	40	41	43	44	47	49	50	52	53	55	57	58	59	60	61	64	65	69	71
351	392	777	-14	1581	2143	103	350	-1
352	684	388	9	2162	3470	107	-1	353	44	1	2	7	8	9	16	17	19	20	21	22	23	24	26	27	29	31	32	33	34	39	40	41	42	45	47	48	50	51	55	56	57	59	60	62	64	65	67	68	69	70	71	72	74
353	575	393	-9	2698	3430	119	352	-1
354	702	358	18	2211	3445	179	-1	355	-1
355	500	307	-18	2703	3850	202	354	-1
356	39	829	15	3291	4143	158	-1	357	-1
357	43	798	-15	4071	4919	233	356	-1
358	540	321	12	2073	3437	188	-1	359	33	1	3	4	6	10	11	12	15	16	19	20	26	27	28	31	34	36	38	41	43	46	48	56	57	58	60	62	63	65	66	68	69	73
359	302	338	-12	2038	2892	114	358	-1
360	795	95	17	1169	2411	111	-1	361	44	0	1	2	7	10	11	12	13	14	15	17	18	19	20	21	22	23	28	29	31	32	34	35	36	37	39	43	47	49	50	51	53	54	55	57	61	62	65	66	67	68	69	70	72
361	545	61	-17	3579	4673	178	360	-1
362	403	226	18	2240	3500	206	-1	363	35	2	3	6	7	8	9	10	12	13	14	15	22	23	26	28	30	31	33	35	37	40	41	44	46	49	50	53	55	59	61	62	63	65	68	69
363	504	260	-18	2106	2954	148	362	-1
364	231	218	7	339	1580	141	-1	365	-1
365	269	481	-7	3667	4296	232	364	-1
366	306	331	10	1107	2103	153	-1	367	-1
367	360	250	-10	809	2173	245	366	-1
368	686	393	17	503	1278	101	-1	369	-1
369	672	222	-17	1820	3020	147	368	-1
370	943	571	17	42	947	131	-1	371	-1
371	907	398	-17	4017	4721	199	370	-1
372	535	77	14	943	1858	186	-1	373	-1
373	517	35	-14	3014	3945	175	372	-1
374	724	654	8	888	2297	180	-1	375	36	2	3	6	7	8	10	11	12	13	14	18	19	20	21	22	25	27	28	34	40	41	43	44	46	47	49	54	56	57	62	64	65	66	67	71	74
375	666	437	-8	3397	4596	244	374	-1
376	239	332	12	2333	3300	201	-1	377	-1
377	325	316	-12	3883	4932	137	376	-1
378	321	687	14	180	1041	111	-1	379	-1
379	321	771	-14	3071	4548	198	378	-1
380	316	300	17	3	1127	200	-1	381	29	1	2	3	4	6	9	12	14	17	21	22	23	24	25	30	33	35	36	40	47	49	50	51	56	58	59	60	69	72
381	440	108	-17	2072	3359	181	380	-1
382	657	767	11	3077	4536	142	-1	383	-1
383	655	603	-11	2989	3800	238	382	-1
384	908	594	12	765	1565	186	-1	385	32	2	5	10	13	15	16	17	18	23	26	28	30	31	32	34	37	38	40	47	49	50	51	55	59	62	63	65	66	68	70	71	74
385	788	459	-12	1072	2183	225	384	-1
386	662	140	6	1600	2752	120	-1	387	-1
387	762	236	-6	1495	2498	104	386	-1
388	954	623	5	860	2143	153	-1	389	-1
389	882	584	-5	702	1824	215	388	-1
390	695	655	19	1651	3113	196	-1	391	-1
391	558	414	-19	2616	3297	107	390	-1
392	665	977	7	2183	3235	161	-1	393	34	1	2	3	5	6	7	9	10	11	13	15	16	21	24	25	30	34	37	38	39	42	45	46	51	53	54	55	63	66	68	69	71	72	73
393	670	866	-7	2384	3236	116	392	-1
394	574	84	5	1043	2278	125	-1	395	-1
395	501	55	-5	2897	3624	141	394	-1
396	720	920	6	2294	3086	108	-1	397	-1
397	673	656	-6	3135	4324	206	396	-1
398	610	126	17	486	1793	202	-1	399	-1
399	562	88	-17	3928	4808	110	398	-1
400	311	322	18	1154	1834	143	-1	401	-1
401	475	262	-18	3133	4331	205	400	-1
402	758	659	17	2291	3726	158	-1	403	-1
403	933	624	-17	4390	4993	102	402	-1
404	102	415	5	811	1386	181	-1	405	-1
405	306	316	-5	2019	3345	105	404	-1
406	361	250	9	2883	3505	126	-1	407	-1
407	360	185	-9	3732	4968	190	406	-1
408	507	263	14	28	1189	153	-1	409	27	0	5	6	9	10	11	12	16	19	22	23	25	26	27	28	32	33	35	37	38	49	50	51	54	55	57	70
409	689	395	-14	2236	3668	129	408	-1
410	606	87	18	3137	4135	193	-1	411	44	1	2	3	4	5	8	10	12	14	17	18	19	22	23	25	26	29	30	31	32	33	34	35	37	42	43	44	47	50	52	54	57	58	59	60	62	63	65	66	68	69	70	72	73
411	503	259	-18	3350	4589	177	410	-1
412	479	276	7	2136	3140	110	-1	413	36	0	2	3	4	5	10	12	13	14	15	16	19	21	22	23	24	27	29	33	35	37	38	43	44	46	47	48	49	50	53	54	60	62	64	67	73
413	221	346	-7	2622	3365	244	412	-1
414	380	133	19	2038	3138	153	-1	415	29	4	8	10	12	18	24	28	30	31	33	34	38	39	42	44	45	46	47	48	49	50	52	55	56	58	60	66	68	71
415	535	77	-19	2790	3854	168	414	-1
416	296	265	8	1089	1873	167	-1	417	32	2	5	6	7	8	10	12	14	16	17	18	22	23	24	27	30	31	33	34	39	43	47	49	50	51	52	54	55	56	63	69	73
417	331	267	-8	3345	4402	105	416	-1
418	574	800	11	5	545	237	-1	419	22	3	10	13	14	15	18	19	21	23	26	32	34	36	39	41	43	45	51	62	67	70	73
419	596	518	-11	833	2203	135	418	-1
420	512	36	12	956	1515	124	-1	421	-1
421	532	79	-12	2887	3868	145	420	-1
422	434	271	13	1947	2484	134	-1	423	42	0	2	3	4	6	7	8	9	10	11	16	17	18	19	20	24	25	27	35	38	42	44	45	47	48	51	53	54	58	61	62	63	65	66	67	68	69	70	71	72	73	74
423	509	514	-13	1897	2660	237	422	-1
424	799	531	15	3080	4486	152	-1	425	-1
425	768	732	-15	3512	4270	215	424	-1
426	360	250	18	74	992	196	-1	427	-1
427	318	333	-18	2723	3839	157	426	-1
428	417	27	11	2339	2868	216	-1	429	-1
429	502	276	-11	2754	4226	228	428	-1
430	42	411	8	1152	2570	237	-1	431	39	1	3	5	6	7	14	15	17	19	23	25	28	29	30	33	35	37	38	41	43	44	45	47	49	51	53	55	56	57	58	59	60	61	62	65	68	69	70	73
431	90	364	-8	1969	2870	130	430	-1
432	204	252	16	2043	2613	194	-1	433	25	1	4	7	10	14	22	23	25	29	32	36	37	38	40	45	46	47	48	56	57	59	60	62	63	67
433	211	194	-16	2169	3198	169	432	-1
434	360	243	17	2252	2923	182	-1	435	-1
435	313	323	-17	4405	4919	138	434	-1
436	776	521	16	1941	2574	201	-1	437	-1
437	940	614	-16	2690	3904	145	436	-1
438	219	245	16	3531	4879	139	-1	439	30	3	4	8	9	10	12	13	14	15	19	20	25	26	28	33	35	39	41	44	46	50	52	54	60	63	64	65	68	71	74
439	309	321	-16	3586	4502	145	438	-1
440	673	390	10	681	1666	164	-1	441	30	0	2	4	5	6	8	11	12	14	18	26	27	30	34	36	40	42	44	46	49	50	52	53	56	58	60	61	62	63	66
441	751	555	-10	3040	4396	186	440	-1
442	419	34	8	2292	3222	175	-1	443	-1
443	513	282	-8	2345	3734	225	442	-1
444	610	212	15	1837	2778	229	-1	445	-1
445	689	423	-15	1927	2478	128	444	-1
446	441	81	16	3849	4607	118	-1	447	27	2	3	5	8	10	15	16	18	20	21	25	28	30	31	32	38	42	43	46	49	51	52	56	57	59	67	72
447	215	235	-16	3593	4838	134	446	-1
448	517	268	17	276	1605	127	-1	449	28	0	1	3	5	6	12	13	16	20	21	22	23	26	28	31	36	38	42	43	47	50	51	54	61	67	68	69	70
449	538	17	-17	3610	4544	157	448	-1
450	502	260	9	149	1426	160	-1	451	-1
451	543	76	-9	4257	4783	135	450	-1
452	245	253	11	1093	2200	130	-1	453	-1
453	365	240	-11	3498	4288	126	452	-1
454	745	801	17	1527	2596	245	-1	455	-1
455	695	655	-17	2249	2985	112	454	-1
456	504	151	7	419	1565	195	-1	457	-1
457	599	59	-7	2417	3774	173	456	-1
458	90	921	16	1600	3066	215	-1	459	-1
459	368	907	-16	1827	2886	204	458	-1
460	310	322	8	1954	3207	113	-1	461	-1
461	227	237	-8	3369	4455	120	460	-1
462	63	136	14	1591	2529	103	-1	463	27	2	5	7	8	11	12	14	21	23	25	28	29	43	44	45	47	50	51	52	53	55	58	60	61	63	65	68
463	286	240	-14	1299	2428	221	462	-1
464	501	253	9	1292	2302	132	-1	465	-1
465	758	323	-9	1822	2759	207	464	-1
466	691	648	7	2288	3779	237	-1	467	38	5	6	7	8	9	13	15	17	18	21	22	24	25	26	28	30	37	38	39	40	41	44	45	46	47	50	51	52	53	58	59	62	63	64	65	70	73	74
467	593	549	-7	3224	4582	197	466	-1
468	534	85	16	290	1348	196	-1	469	34	3	4	5	10	14	15	16	17	18	19	20	21	23	25	27	29	32	35	36	37	38	48	49	53	54	55	56	57	59	62	65	69	71	72
469	678	254	-16	739	1960	100	468	-1
470	984	713	18	3532	4344	192	-1	471	44	1	2	3	6	7	8	10	12	13	14	15	16	18	19	20	21	27	28	29	30	35	38	40	41	42	44	47	48	49	50	51	52	53	54	58	60	62	65	66	67	68	69	70	73
471	978	592	-18	4074	4874	146	470	-1
472	466	218	13	1077	1886	201	-1	473	-1
473	522	52	-13	2600	3942	232	472	-1
474	179	782	11	656	1916	125	-1	475	-1
475	191	604	-11	2256	3441	156	474	-1
476	151	856	19	1365	2586	237	-1	477	-1
477	279	605	-19	2710	4114	202	476	-1
478	721	566	14	2026	2686	144	-1	479	-1
479	685	392	-14	2671	3579	117	478	-1
480	225	238	15	140	647	186	-1	481	-1
481	80	378	-15	3332	3884	113	480	-1
482	481	194	9	1656	2305	181	-1	483	-1
483	594	315	-9	1966	3274	226	482	-1
484	204	874	19	1633	2702	101	-1	485	35	1	2	3	4	5	11	14	16	19	23	25	28	29	30	32	33	35	36	37	38	40	41	44	46	48	50	52	54	56	58	60	64	65	66	72
485	301	691	-19	2070	2736	127	484	-1
486	689	665	20	938	1702	220	-1	487	-1
487	526	499	-20	3064	3687	246	486	-1
488	673	220	13	98	1276	106	-1	489	31	5	9	12	13	15	16	20	21	23	24	25	27	28	32	37	39	41	43	45	46	55	57	58	59	62	65	66	67	69	70	74
489	685	392	-13	3825	4418	141	488	-1
490	469	553	12	1670	2353	210	-1	491	-1
491	691	394	-12	3348	4611	168	490	-1
492	930	355	16	336	1807	105	-1	493	-1
493	948	619	-16	132	1189	141	492	-1
494	469	407	7	471	1520	164	-1	495	40	1	5	12	13	15	16	17	19	21	22	24	25	27	29	30	32	33	39	40	41	42	43	44	45	48	50	52	53	54	57	61	62	63	66	68	69	70	71	73	74
495	498	207	-7	1213	2205	220	494	-1
496	501	342	10	1500	2453	120	-1	497	-1
497	320	275	-10	3933	4833	128	496	-1
498	713	675	15	1924	2705	150	-1	499	40	1	2	3	8	10	14	15	17	18	24	27	30	32	33	34	37	38	39	41	42	45	46	47	49	51	52	53	54	58	59	60	62	63	65	66	67	68	70	71	73
499	961	675	-15	3880	4788	139	498	-1
0	172	33	172	33	50	0	5000
1	411	615	411	615	50	0	5000
2	725	947	725	947	50	0	5000
3	829	473	829	473	50	0	5000
4	857	770	857	770	50	0	5000
5	172	33	172	33	50	0	5000
6	411	615	411	615	50	0	5000
7	725	947	725	947	50	0	5000
8	829	473	829	473	50	0	5000
9	857	770	857	770	50	0	5000
10	172	33	172	33	50	0	5000
11	411	615	411	615	50	0	5000
12	725	947	725	947	50	0	5000
13	829	473	829	473	50	0	5000
14	857	770	857	770	50	0	5000
15	172	33	172	33	50	0	5000
16	411	615	411	615	50	0	5000
17	725	947	725	947	50	0	5000
18	829	473	829	473	50	0	5000
19	857	770	857	770	50	0	5000
20	172	33	172	33	50	0	5000
21	411	615	411	615	50	0	5000
22	725	947	725	947	50	0	5000
23	829	473	829	473	50	0	5000
24	857	770	857	770	50	0	5000
25	172	33	172	33	50	0	5000
26	411	615	411	615	50	0	5000
27	725	947	725	947	50	0	5000
28	829	473	829	473	50	0	5000
29	857	770	857	770	50	0	5000
30	172	33	172	33	50	0	5000
31	411	615	411	615	50	0	5000
32	725	947	725	947	50	0	5000
33	829	473	829	473	50	0	5000
34	857	770	857	770	50	0	5000
35	172	33	172	33	50	0	5000
36	411	615	411	615	50	0	5000
37	725	947	725	947	50	0	5000
38	829	473	829	473	50	0	5000
39	857	770	857	770	50	0	5000
40	172	33	172	33	50	0	5000
41	411	615	411	615	50	0	5000
42	725	947	725	947	50	0	5000
43	829	473	829	473	50	0	5000
44	857	770	857	770	50	0	5000
45	172	33	172	33	50	0	5000
46	411	615	411	615	50	0	5000
47	725	947	725	947	50	0	5000
48	829	473	829	473	50	0	5000
49	857	770	857	770	50	0	5000
50	172	33	172	33	50	0	5000
51	411	615	411	615	50	0	5000
52	725	947	725	947	50	0	5000
53	829	473	829	473	50	0	5000
54	857	770	857	770	50	0	5000
55	172	33	172	33	50	0	5000
56	411	615	411	615	50	0	5000
57	725	947	725	947	50	0	5000
58	829	473	829	473	50	0	5000
59	857	770	857	770	50	0	5000
60	172	33	172	33	50	0	5000
61	411	615	411	615	50	0	5000
62	725	947	725	947	50	0	5000
63	829	473	829	473	50	0	5000
64	857	770	857	770	50	0	5000
65	172	33	172	33	50	0	5000
66	411	615	411	615	50	0	5000
67	725	947	725	947	50	0	5000
68	829	473	829	473	50	0	5000
69	857	770	857	770	50	0	5000
70	172	33	172	33	50	0	5000
71	411	615	411	615	50	0	5000
72	725	947	725	947	50	0	5000
73	829	473	829	473	50	0	5000
74	857	770	857	770	50	0	5000
