50	15	1	1	100000
0	923	688	17	1552	2270	137	-1	1	-1
1	951	820	-17	3156	3935	208	0	-1
2	824	243	19	608	1366	178	-1	3	-1
3	684	468	-19	3946	4598	170	2	-1
4	685	468	6	1452	2256	192	-1	5	-1
5	693	478	-6	1783	3095	231	4	-1
6	117	508	19	1000	2396	144	-1	7	-1
7	145	633	-19	2866	4016	232	6	-1
8	951	689	19	2516	3690	173	-1	9	-1
9	728	551	-19	2648	3344	112	8	-1
10	128	504	12	1013	2394	201	-1	11	-1
11	326	684	-12	2538	3697	237	10	-1
12	698	54	9	1623	2645	246	-1	13	-1
13	810	249	-9	2672	3795	230	12	-1
14	880	921	7	2304	3698	136	-1	15	-1
15	925	813	-7	1611	3103	139	14	-1
16	374	708	17	650	2103	107	-1	17	-1
17	611	593	-17	1978	3396	195	16	-1
18	685	636	14	2258	3348	110	-1	19	-1
19	700	600	-14	3565	4578	123	18	-1
20	684	468	15	903	2235	121	-1	21	-1
21	623	617	-15	3052	3853	180	20	-1
22	916	809	19	258	1071	169	-1	23	-1
23	899	873	-19	727	1548	106	22	-1
24	123	513	11	1020	1690	129	-1	25	-1
25	99	504	-11	3254	4480	103	24	-1
26	915	917	11	3347	4063	124	-1	27	-1
27	914	797	-11	3143	3993	239	26	-1
28	807	240	13	3020	3624	206	-1	29	-1
29	705	74	-13	2459	3888	119	28	-1
30	982	890	7	2105	2763	165	-1	31	-1
31	947	706	-7	3359	4361	230	30	-1
32	628	599	18	1486	2946	143	-1	33	-1
33	685	467	-18	1276	2327	188	32	-1
34	696	55	18	227	1111	128	-1	35	-1
35	707	66	-18	3764	4886	107	34	-1
36	801	199	11	1521	2881	173	-1	37	-1
37	648	88	-11	2215	3671	213	36	-1
38	817	242	7	1086	1801	206	-1	39	-1
39	689	450	-7	1419	2720	214	38	-1
40	403	770	17	622	1290	137	-1	41	-1
41	367	724	-17	4205	4880	150	40	-1
42	610	0	10	2073	3228	198	-1	43	-1
43	705	56	-10	1608	2977	144	42	-1
44	669	461	7	419	1100	102	-1	45	-1
45	745	711	-7	1714	3204	180	44	-1
46	53	494	13	1319	2284	233	-1	47	-1
47	149	542	-13	1305	1854	145	46	-1
48	698	54	9	1116	2007	182	-1	49	-1
49	815	238	-9	3755	4496	196	48	-1
50	686	636	14	1062	1862	176	-1	51	-1
51	688	597	-14	3396	4158	169	50	-1
52	390	705	18	428	1303	248	-1	53	-1
53	131	623	-18	2470	3702	219	52	-1
54	808	357	16	1256	2005	150	-1	55	-1
55	679	590	-16	2212	2823	172	54	-1
56	374	708	13	220	878	217	-1	57	-1
57	379	695	-13	1186	2575	217	56	-1
58	113	536	11	2538	3067	218	-1	59	-1
59	119	485	-11	2408	3403	144	58	-1
60	700	66	6	425	961	236	-1	61	-1
61	699	56	-6	3195	3769	210	60	-1
62	678	477	17	134	1595	189	-1	63	-1
63	691	410	-17	3316	4508	249	62	-1
64	817	242	18	1821	2794	105	-1	65	-1
65	816	274	-18	1823	2479	138	64	-1
66	943	649	11	32	1312	178	-1	67	-1
67	941	681	-11	1993	2939	116	66	-1
68	374	708	6	1331	2412	191	-1	69	-1
69	380	710	-6	690	2090	177	68	-1
70	121	509	5	310	1406	222	-1	71	-1
71	166	531	-5	1703	2765	227	70	-1
72	685	469	16	919	2362	141	-1	73	-1
73	649	592	-16	3565	4835	222	72	-1
74	700	477	12	75	654	148	-1	75	-1
75	642	578	-12	3184	4521	127	74	-1
76	439	695	13	485	1419	166	-1	77	-1
77	678	616	-13	1620	3057	239	76	-1
78	817	242	13	1352	1956	112	-1	79	-1
79	828	277	-13	1381	2073	233	78	-1
80	698	53	11	224	1099	237	-1	81	-1
81	707	62	-11	2949	3584	220	80	-1
82	374	708	13	1178	2173	100	-1	83	-1
83	374	708	-13	318	1596	161	82	-1
84	922	688	8	2937	3569	248	-1	85	-1
85	930	684	-8	2952	3932	140	84	-1
86	935	828	19	1062	1700	234	-1	87	-1
87	899	829	-19	1515	2082	171	86	-1
88	908	333	7	3162	4198	221	-1	89	-1
89	684	468	-7	3277	4676	232	88	-1
90	686	635	19	853	1906	144	-1	91	-1
91	892	827	-19	2474	3137	152	90	-1
92	741	207	12	2652	3777	105	-1	93	-1
93	688	455	-12	2071	3482	147	92	-1
94	656	41	9	1224	2581	241	-1	95	-1
95	818	244	-9	3112	4204	162	94	-1
96	923	689	9	1532	2226	128	-1	97	-1
97	924	689	-9	3595	4434	135	96	-1
98	400	698	17	1485	2234	199	-1	99	-1
99	607	550	-17	2514	3217	127	98	-1
0	385	4	552	137	50	0	5000
1	717	274	823	44	50	0	5000
2	313	571	157	724	50	0	5000
3	402	992	41	844	50	0	5000
4	943	792	843	478	50	0	5000
5	595	181	399	409	50	0	5000
6	558	171	498	591	50	0	5000
7	833	338	656	661	50	0	5000
8	127	282	451	512	50	0	5000
9	367	188	394	158	50	0	5000
10	691	800	608	446	50	0	5000
11	891	314	776	339	50	0	5000
12	648	783	312	651	50	0	5000
13	660	482	565	335	50	0	5000
14	669	526	961	318	50	0	5000
