250	75	1	1	100000
0	125	174	18	551	2042	127	-1	1	-1
1	334	295	-18	29	1492	183	0	-1
2	270	769	12	491	1625	154	-1	3	-1
3	62	907	-12	3310	3884	241	2	-1
4	924	586	14	2344	3735	150	-1	5	-1
5	693	733	-14	2564	3111	160	4	-1
6	620	185	18	3194	4598	112	-1	7	-1
7	752	133	-18	3168	4141	229	6	-1
8	795	198	19	868	2314	221	-1	9	-1
9	960	97	-19	1714	3016	114	8	-1
10	521	113	18	933	1663	214	-1	11	-1
11	504	186	-18	752	1900	217	10	-1
12	272	320	6	1359	2640	180	-1	13	-1
13	248	214	-6	3428	4312	101	12	-1
14	123	295	5	1092	1836	161	-1	15	-1
15	274	322	-5	1526	2725	109	14	-1
16	615	616	10	3290	3856	192	-1	17	-1
17	615	620	-10	3648	4491	167	16	-1
18	901	104	8	2731	3919	210	-1	19	-1
19	900	101	-8	2419	3099	138	18	-1
20	405	977	11	2335	3150	201	-1	21	-1
21	340	774	-11	3078	4315	217	20	-1
22	112	915	14	2572	3418	107	-1	23	-1
23	90	908	-14	2536	3737	138	22	-1
24	370	320	10	335	1476	216	-1	25	-1
25	239	327	-10	850	2202	131	24	-1
26	542	182	9	2160	3045	189	-1	27	-1
27	722	138	-9	3792	4449	156	26	-1
28	328	792	19	928	1790	108	-1	29	-1
29	405	977	-19	1760	2988	244	28	-1
30	45	517	12	129	1055	100	-1	31	-1
31	265	665	-12	986	1993	189	30	-1
32	385	949	19	2366	3224	167	-1	33	-1
33	275	922	-19	2332	2960	216	32	-1
34	404	977	18	833	1362	197	-1	35	-1
35	405	977	-18	2029	3352	220	34	-1
36	405	977	18	3210	4328	212	-1	37	-1
37	289	770	-18	2863	3847	115	36	-1
38	481	670	14	1809	2662	186	-1	39	-1
39	271	771	-14	3869	4598	232	38	-1
40	239	847	5	1286	2028	187	-1	41	-1
41	66	873	-5	1371	2494	227	40	-1
42	554	694	6	105	726	213	-1	43	-1
43	649	627	-6	199	1062	202	42	-1
44	317	324	16	697	2033	196	-1	45	-1
45	540	181	-16	1016	2138	203	44	-1
46	115	125	13	1088	2151	127	-1	47	-1
47	378	142	-13	3258	4076	221	46	-1
48	278	784	19	1457	2423	124	-1	49	-1
49	497	628	-19	1505	2276	185	48	-1
50	745	5	20	2479	3531	185	-1	51	-1
51	545	180	-20	3681	4203	177	50	-1
52	859	212	9	1504	2476	176	-1	53	-1
53	839	101	-9	1402	2812	185	52	-1
54	967	966	14	1631	2402	228	-1	55	-1
55	836	746	-14	1752	2836	119	54	-1
56	838	839	7	648	1868	194	-1	57	-1
57	699	684	-7	1305	2781	114	56	-1
58	408	986	12	1059	1995	104	-1	59	-1
59	521	889	-12	873	2046	187	58	-1
60	336	245	9	457	1575	248	-1	61	-1
61	575	201	-9	1395	2142	119	60	-1
62	781	944	18	1986	2937	190	-1	63	-1
63	731	964	-18	1639	2574	228	62	-1
64	609	616	17	578	1660	214	-1	65	-1
65	760	456	-17	2210	3445	222	64	-1
66	477	995	18	1522	2077	193	-1	67	-1
67	308	879	-18	1375	2328	120	66	-1
68	388	948	19	2268	2826	212	-1	69	-1
69	617	902	-19	3352	4156	205	68	-1
70	932	177	17	2206	3114	103	-1	71	-1
71	937	21	-17	3763	4830	245	70	-1
72	535	727	20	2812	4140	248	-1	73	-1
73	605	825	-20	3445	4165	106	72	-1
74	328	535	10	1078	2002	195	-1	75	-1
75	273	323	-10	1594	2503	241	74	-1
76	96	92	11	1064	1680	186	-1	77	-1
77	163	2	-11	3409	4856	240	76	-1
78	204	312	8	2728	4061	230	-1	79	-1
79	275	320	-8	3213	4199	115	78	-1
80	615	628	7	1259	2442	166	-1	81	-1
81	704	878	-7	4271	4923	123	80	-1
82	774	851	8	1806	2971	113	-1	83	-1
83	764	588	-8	2708	3706	238	82	-1
84	707	271	17	301	803	159	-1	85	-1
85	615	114	-17	831	1862	246	84	-1
86	62	912	11	1679	3117	108	-1	87	-1
87	75	999	-11	1380	2261	227	86	-1
88	334	294	17	1064	2305	100	-1	89	-1
89	204	341	-17	4015	4930	128	88	-1
90	335	297	6	1205	1982	248	-1	91	-1
91	222	522	-6	3461	4164	162	90	-1
92	743	57	7	2101	2798	152	-1	93	-1
93	901	104	-7	3937	4797	214	92	-1
94	405	977	19	706	1681	129	-1	95	-1
95	376	815	-19	722	2051	236	94	-1
96	525	194	15	430	1154	186	-1	97	-1
97	274	324	-15	2754	3902	199	96	-1
98	109	862	19	1529	2170	158	-1	99	-1
99	105	610	-19	2602	3828	234	98	-1
100	623	685	19	613	1589	148	-1	101	-1
101	824	632	-19	1282	1963	181	100	-1
102	300	255	5	3048	4398	191	-1	103	-1
103	338	313	-5	3405	4801	155	102	-1
104	92	905	13	1500	2924	195	-1	105	-1
105	280	767	-13	2461	3117	191	104	-1
106	95	905	16	301	1194	239	-1	107	-1
107	13	739	-16	1119	2042	164	106	-1
108	803	427	16	2028	3305	140	-1	109	-1
109	940	357	-16	3238	4482	101	108	-1
110	740	470	7	3539	4381	149	-1	111	-1
111	719	459	-7	3642	4365	161	110	-1
112	405	977	10	2696	3199	206	-1	113	-1
113	468	897	-10	2328	3817	105	112	-1
114	514	304	13	144	882	201	-1	115	-1
115	431	219	-13	2070	2768	188	114	-1
116	531	673	9	2713	3887	183	-1	117	-1
117	274	768	-9	2795	4093	229	116	-1
118	31	277	15	1224	2427	143	-1	119	-1
119	244	242	-15	1608	2759	198	118	-1
120	931	609	9	166	1118	182	-1	121	-1
121	702	644	-9	2779	3904	216	120	-1
122	96	961	8	2353	3420	101	-1	123	-1
123	49	912	-8	3727	4240	205	122	-1
124	280	767	7	1133	2377	159	-1	125	-1
125	108	902	-7	3080	4063	204	124	-1
126	343	299	6	461	970	139	-1	127	-1
127	476	254	-6	1186	2086	136	126	-1
128	814	420	15	469	1253	119	-1	129	-1
129	622	605	-15	2157	2767	109	128	-1
130	405	977	15	976	1791	199	-1	131	-1
131	277	767	-15	2205	3081	171	130	-1
132	565	454	13	1950	3215	219	-1	133	-1
133	613	623	-13	1927	3093	246	132	-1
134	907	291	13	761	1843	153	-1	135	-1
135	900	104	-13	4124	4782	151	134	-1
136	473	809	14	1984	2982	156	-1	137	-1
137	620	614	-14	2180	3308	226	136	-1
138	852	223	10	656	1765	139	-1	139	-1
139	897	105	-10	2197	2793	121	138	-1
140	452	789	9	2605	3768	174	-1	141	-1
141	231	836	-9	3018	4405	154	140	-1
142	637	354	10	364	990	190	-1	143	-1
143	616	630	-10	1335	2307	222	142	-1
144	827	536	9	1030	2172	101	-1	145	-1
145	701	773	-9	1763	2792	248	144	-1
146	274	321	18	1374	2140	158	-1	147	-1
147	274	322	-18	1872	3273	103	146	-1
148	545	203	13	1761	2798	246	-1	149	-1
149	324	288	-13	3122	4274	112	148	-1
150	89	908	13	27	728	175	-1	151	-1
151	301	748	-13	2747	3976	203	150	-1
152	329	442	20	920	2082	167	-1	153	-1
153	286	427	-20	3127	4558	124	152	-1
154	988	460	17	1895	3384	155	-1	155	-1
155	919	597	-17	3585	4212	240	154	-1
156	244	466	19	809	2230	156	-1	157	-1
157	144	541	-19	1804	3088	138	156	-1
158	218	519	5	1281	2525	163	-1	159	-1
159	240	331	-5	3749	4797	201	158	-1
160	278	768	12	820	1421	236	-1	161	-1
161	415	973	-12	2355	3530	219	160	-1
162	48	985	19	2078	2713	151	-1	163	-1
163	48	750	-19	2226	3512	111	162	-1
164	327	161	11	2097	3150	124	-1	165	-1
165	349	284	-11	3765	4334	148	164	-1
166	988	541	19	937	2402	223	-1	167	-1
167	859	705	-19	2420	2922	155	166	-1
168	977	489	10	2554	3508	129	-1	169	-1
169	906	673	-10	2598	3147	145	168	-1
170	868	202	8	3334	4775	155	-1	171	-1
171	761	222	-8	3415	3957	115	170	-1
172	489	796	9	2887	4036	179	-1	173	-1
173	623	638	-9	2484	3971	139	172	-1
174	93	899	17	3137	3991	112	-1	175	-1
175	195	825	-17	4000	4732	149	174	-1
176	344	288	14	1648	2941	120	-1	177	-1
177	66	319	-14	3046	4249	164	176	-1
178	883	166	12	363	1399	201	-1	179	-1
179	927	228	-12	1934	2958	184	178	-1
180	263	71	14	2867	4121	106	-1	181	-1
181	349	244	-14	3091	3745	132	180	-1
182	335	772	17	3248	3859	188	-1	183	-1
183	170	795	-17	3917	4553	164	182	-1
184	235	91	15	2881	4189	210	-1	185	-1
185	379	305	-15	2553	3624	159	184	-1
186	421	353	7	230	1365	181	-1	187	-1
187	517	139	-7	2627	3277	188	186	-1
188	241	337	9	687	1198	141	-1	189	-1
189	274	322	-9	3105	3665	111	188	-1
190	93	909	8	2430	3742	226	-1	191	-1
191	198	964	-8	1892	3003	217	190	-1
192	776	600	16	2277	3211	104	-1	193	-1
193	658	673	-16	3214	3792	218	192	-1
194	549	170	8	2382	3114	209	-1	195	-1
195	642	1	-8	2101	3534	202	194	-1
196	374	303	10	483	1788	192	-1	197	-1
197	275	302	-10	336	1516	173	196	-1
198	304	453	11	2416	3282	248	-1	199	-1
199	311	709	-11	3169	4069	163	198	-1
200	405	976	14	2343	3027	121	-1	201	-1
201	223	811	-14	3200	3701	212	200	-1
202	489	547	15	426	1580	176	-1	203	-1
203	613	623	-15	1920	3300	121	202	-1
204	430	199	6	2757	3711	106	-1	205	-1
205	618	146	-6	3177	4606	136	204	-1
206	276	321	7	412	1268	235	-1	207	-1
207	334	295	-7	4296	4858	163	206	-1
208	556	84	14	1376	2641	106	-1	209	-1
209	619	184	-14	1746	2707	169	208	-1
210	892	359	15	419	1150	205	-1	211	-1
211	771	179	-15	3123	4527	191	210	-1
212	840	44	18	1168	2396	122	-1	213	-1
213	901	103	-18	2800	4073	134	212	-1
214	536	202	19	2369	3826	225	-1	215	-1
215	341	300	-19	2854	3536	178	214	-1
216	129	213	15	2249	3733	141	-1	217	-1
217	324	301	-15	3544	4890	136	216	-1
218	671	930	20	3190	4580	237	-1	219	-1
219	402	974	-20	2664	4086	164	218	-1
220	117	948	11	723	2192	199	-1	221	-1
221	386	970	-11	1036	2002	138	220	-1
222	778	950	16	198	812	201	-1	223	-1
223	792	959	-16	1768	2465	171	222	-1
224	288	329	12	390	1211	200	-1	225	-1
225	260	94	-12	1157	2470	127	224	-1
226	543	185	15	1732	2282	223	-1	227	-1
227	347	262	-15	3754	4686	190	226	-1
228	681	453	11	3433	4845	162	-1	229	-1
229	764	516	-11	3648	4869	211	228	-1
230	75	882	15	792	2272	118	-1	231	-1
231	88	909	-15	1497	2888	196	230	-1
232	334	295	19	2296	3290	184	-1	233	-1
233	272	322	-19	3064	3658	236	232	-1
234	179	581	18	1176	2170	157	-1	235	-1
235	280	767	-18	3603	4665	235	234	-1
236	899	104	14	2784	4102	176	-1	237	-1
237	903	99	-14	4168	4845	227	236	-1
238	351	197	18	946	1614	224	-1	239	-1
239	357	240	-18	2784	3895	125	238	-1
240	410	978	8	2964	3698	209	-1	241	-1
241	405	977	-8	2812	3711	110	240	-1
242	279	768	10	1982	2619	135	-1	243	-1
243	265	769	-10	1719	3036	231	242	-1
244	87	887	20	158	1177	115	-1	245	-1
245	286	764	-20	1780	2909	133	244	-1
246	231	852	19	368	1127	198	-1	247	-1
247	267	764	-19	1071	2437	197	246	-1
248	332	307	16	341	1448	173	-1	249	-1
249	543	181	-16	2674	3785	236	248	-1
250	819	343	9	1203	2486	134	-1	251	-1
251	684	563	-9	3071	3930	201	250	-1
252	346	365	18	2218	2891	101	-1	253	-1
253	292	508	-18	3437	4483	132	252	-1
254	611	360	14	1231	2048	192	-1	255	-1
255	401	527	-14	3126	4130	120	254	-1
256	346	298	6	796	2130	223	-1	257	-1
257	285	197	-6	3045	4249	124	256	-1
258	164	424	15	2621	3835	176	-1	259	-1
259	270	326	-15	4296	4958	241	258	-1
260	339	298	15	2462	3142	225	-1	261	-1
261	273	321	-15	3276	4022	164	260	-1
262	179	245	8	1889	2925	117	-1	263	-1
263	99	117	-8	2491	3443	226	262	-1
264	2	2	9	770	1979	202	-1	265	-1
265	59	120	-9	3509	4418	216	264	-1
266	190	132	7	55	1112	118	-1	267	-1
267	335	288	-7	1005	2255	184	266	-1
268	693	769	6	1238	1946	182	-1	269	-1
269	650	550	-6	873	2368	132	268	-1
270	732	544	5	613	2009	176	-1	271	-1
271	943	589	-5	2462	3029	245	270	-1
272	900	105	13	2205	2958	130	-1	273	-1
273	895	97	-13	3823	4536	243	272	-1
274	403	980	7	1505	2566	241	-1	275	-1
275	404	977	-7	1400	2821	136	274	-1
276	412	757	16	543	1443	117	-1	277	-1
277	505	986	-16	1848	2407	249	276	-1
278	778	949	10	1241	2567	241	-1	279	-1
279	739	938	-10	1043	2464	104	278	-1
280	145	467	8	1261	2519	140	-1	281	-1
281	274	322	-8	3838	4355	129	280	-1
282	277	326	15	348	1169	165	-1	283	-1
283	269	303	-15	535	1501	219	282	-1
284	901	136	10	782	1319	162	-1	285	-1
285	902	133	-10	2080	2670	131	284	-1
286	292	813	18	1689	2657	239	-1	287	-1
287	302	953	-18	1014	2252	130	286	-1
288	26	411	18	2256	3518	213	-1	289	-1
289	263	330	-18	1851	2951	128	288	-1
290	428	741	19	919	2070	160	-1	291	-1
291	517	556	-19	1874	3356	154	290	-1
292	580	963	7	3032	3798	247	-1	293	-1
293	405	977	-7	4117	4955	241	292	-1
294	54	767	14	225	1154	110	-1	295	-1
295	299	812	-14	150	1458	132	294	-1
296	406	977	18	35	731	236	-1	297	-1
297	365	988	-18	1106	2238	249	296	-1
298	614	619	11	1847	2563	108	-1	299	-1
299	788	768	-11	1212	2541	103	298	-1
300	918	601	8	900	1461	183	-1	301	-1
301	987	334	-8	3377	4113	143	300	-1
302	802	827	9	1448	2764	208	-1	303	-1
303	919	600	-9	2788	3684	156	302	-1
304	840	965	9	992	2296	176	-1	305	-1
305	776	951	-9	572	2019	147	304	-1
306	63	903	6	40	1130	230	-1	307	-1
307	285	812	-6	1510	2044	123	306	-1
308	90	909	10	468	1855	186	-1	309	-1
309	295	774	-10	770	1714	109	308	-1
310	438	451	11	2125	2907	160	-1	311	-1
311	274	323	-11	2654	3297	106	310	-1
312	273	323	7	2711	3630	101	-1	313	-1
313	59	293	-7	2880	4286	103	312	-1
314	441	301	8	383	1828	221	-1	315	-1
315	200	369	-8	1442	2829	196	314	-1
316	853	836	17	3352	4550	131	-1	317	-1
317	920	602	-17	4026	4868	114	316	-1
318	966	529	15	112	1123	220	-1	319	-1
319	765	607	-15	1916	3070	131	318	-1
320	889	136	12	1596	2252	235	-1	321	-1
321	654	163	-12	2668	3664	138	320	-1
322	274	322	16	3394	3970	134	-1	323	-1
323	343	281	-16	3083	4400	119	322	-1
324	491	593	11	1031	2218	166	-1	325	-1
325	613	622	-11	1966	2952	110	324	-1
326	258	704	17	779	1434	189	-1	327	-1
327	128	580	-17	1699	2224	212	326	-1
328	593	997	9	1633	2416	138	-1	329	-1
329	405	932	-9	3834	4581	125	328	-1
330	769	933	9	3017	4332	142	-1	331	-1
331	781	951	-9	4220	4923	248	330	-1
332	2	446	15	1050	2031	156	-1	333	-1
333	88	453	-15	2500	3255	200	332	-1
334	804	286	18	2697	3469	203	-1	335	-1
335	740	349	-18	2125	3486	223	334	-1
336	123	763	8	1088	2490	107	-1	337	-1
337	74	903	-8	3727	4656	163	336	-1
338	283	771	11	1038	1991	120	-1	339	-1
339	405	977	-11	1815	3260	128	338	-1
340	98	891	16	1154	2033	109	-1	341	-1
341	306	775	-16	643	1729	194	340	-1
342	598	436	17	2974	4241	120	-1	343	-1
343	591	642	-17	2607	3580	239	342	-1
344	95	248	20	3433	4300	225	-1	345	-1
345	296	314	-20	3249	4184	207	344	-1
346	465	595	16	2667	3422	120	-1	347	-1
347	398	725	-16	2311	3410	235	346	-1
348	915	53	10	690	1971	206	-1	349	-1
349	815	53	-10	3404	4184	127	348	-1
350	480	980	7	2419	3237	100	-1	351	-1
351	721	876	-7	4235	4862	205	350	-1
352	496	553	13	2893	3438	173	-1	353	-1
353	732	673	-13	3133	4608	239	352	-1
354	279	750	19	1687	2692	243	-1	355	-1
355	225	745	-19	2072	2591	238	354	-1
356	287	505	11	514	1431	237	-1	357	-1
357	282	768	-11	882	2311	182	356	-1
358	140	668	9	1176	2051	186	-1	359	-1
359	279	752	-9	641	1723	149	358	-1
360	81	895	7	3804	4520	201	-1	361	-1
361	55	888	-7	3177	4172	124	360	-1
362	495	479	8	1771	2426	119	-1	363	-1
363	611	616	-8	2775	4164	224	362	-1
364	44	463	18	496	1733	183	-1	365	-1
365	273	325	-18	1944	3387	180	364	-1
366	940	580	16	915	1666	146	-1	367	-1
367	843	350	-16	2041	3348	122	366	-1
368	326	295	12	2686	3200	126	-1	369	-1
369	269	315	-12	3687	4462	248	368	-1
370	401	798	14	1560	2294	187	-1	371	-1
371	367	953	-14	2814	3605	143	370	-1
372	281	764	19	497	1195	127	-1	373	-1
373	279	759	-19	3589	4720	171	372	-1
374	399	179	7	3124	4302	109	-1	375	-1
375	338	300	-7	3434	4134	177	374	-1
376	601	72	9	904	2085	196	-1	377	-1
377	555	187	-9	3904	4418	120	376	-1
378	407	969	19	2066	3365	227	-1	379	-1
379	316	779	-19	2520	3092	249	378	-1
380	499	294	10	132	1296	191	-1	381	-1
381	502	27	-10	2483	3903	203	380	-1
382	184	118	14	1164	1740	156	-1	383	-1
383	377	185	-14	2517	3833	212	382	-1
384	922	113	14	3276	4389	203	-1	385	-1
385	926	111	-14	3397	4056	102	384	-1
386	592	485	6	1637	3128	117	-1	387	-1
387	419	619	-6	2805	3318	239	386	-1
388	833	384	17	138	1318	208	-1	389	-1
389	928	523	-17	1792	3178	101	388	-1
390	46	107	12	1002	2232	136	-1	391	-1
391	21	342	-12	3365	4854	157	390	-1
392	298	318	13	825	1744	236	-1	393	-1
393	541	182	-13	1772	2686	108	392	-1
394	751	178	19	1802	3105	232	-1	395	-1
395	902	104	-19	919	2418	121	394	-1
396	281	766	12	982	2201	102	-1	397	-1
397	327	594	-12	2492	3028	133	396	-1
398	905	115	9	79	1444	198	-1	399	-1
399	774	320	-9	956	1629	172	398	-1
400	529	244	5	281	1297	240	-1	401	-1
401	356	296	-5	3474	4358	121	400	-1
402	583	618	9	2005	2508	210	-1	403	-1
403	666	810	-9	1158	2603	139	402	-1
404	842	453	19	1552	2255	175	-1	405	-1
405	778	475	-19	3167	3739	228	404	-1
406	268	405	17	30	1017	138	-1	407	-1
407	274	322	-17	1694	2979	167	406	-1
408	320	391	13	279	1401	154	-1	409	-1
409	351	296	-13	511	1407	205	408	-1
410	251	776	17	5	719	245	-1	411	-1
411	309	768	-17	3484	4120	239	410	-1
412	994	724	15	622	1936	146	-1	413	-1
413	987	859	-15	2322	3521	209	412	-1
414	334	295	7	436	1410	214	-1	415	-1
415	86	347	-7	1867	2387	203	414	-1
416	842	317	9	106	823	180	-1	417	-1
417	917	120	-9	54	876	182	416	-1
418	30	813	16	3685	4532	103	-1	419	-1
419	121	957	-16	3495	4589	137	418	-1
420	919	595	6	91	1094	201	-1	421	-1
421	920	599	-6	3879	4596	115	420	-1
422	401	900	10	3567	4771	144	-1	423	-1
423	280	760	-10	3200	4503	123	422	-1
424	917	604	18	35	1398	223	-1	425	-1
425	932	498	-18	1964	3413	149	424	-1
426	901	104	14	3139	4003	135	-1	427	-1
427	882	145	-14	3340	4356	190	426	-1
428	887	97	14	2867	3836	222	-1	429	-1
429	894	340	-14	2455	3888	194	428	-1
430	334	295	17	1306	1967	236	-1	431	-1
431	334	295	-17	3730	4443	238	430	-1
432	90	909	20	1507	2804	248	-1	433	-1
433	57	845	-20	2350	3842	236	432	-1
434	150	362	19	3358	4767	210	-1	435	-1
435	268	324	-19	3254	4317	237	434	-1
436	776	951	6	2440	3906	233	-1	437	-1
437	785	886	-6	2249	3352	224	436	-1
438	768	799	10	1011	1693	169	-1	439	-1
439	916	596	-10	916	1648	112	438	-1
440	611	642	12	390	1860	100	-1	441	-1
441	672	445	-12	3230	4479	153	440	-1
442	468	134	9	3325	4752	111	-1	443	-1
443	333	291	-9	4206	4879	145	442	-1
444	494	40	19	1045	2403	172	-1	445	-1
445	692	22	-19	2740	3861	139	444	-1
446	510	194	14	2257	2844	210	-1	447	-1
447	545	155	-14	3734	4450	116	446	-1
448	620	574	20	1338	2086	107	-1	449	-1
449	555	627	-20	3464	4257	181	448	-1
450	384	646	15	837	2184	231	-1	451	-1
451	592	627	-15	2982	3658	105	450	-1
452	903	102	15	2057	2620	149	-1	453	-1
453	904	104	-15	3891	4511	228	452	-1
454	90	911	13	2640	3656	213	-1	455	-1
455	275	971	-13	2358	3597	187	454	-1
456	409	363	7	1159	1980	226	-1	457	-1
457	390	264	-7	3176	3717	244	456	-1
458	924	615	18	548	1318	226	-1	459	-1
459	913	633	-18	3607	4653	180	458	-1
460	990	785	9	2689	4156	184	-1	461	-1
461	849	811	-9	2241	3568	172	460	-1
462	904	53	19	935	1948	108	-1	463	-1
463	902	103	-19	1571	2959	170	462	-1
464	347	573	10	41	1280	177	-1	465	-1
465	310	309	-10	649	1589	144	464	-1
466	861	875	11	1825	3082	109	-1	467	-1
467	788	768	-11	2520	3402	187	466	-1
468	333	290	7	1724	2833	160	-1	469	-1
469	226	291	-7	2646	3430	120	468	-1
470	258	322	10	1451	2789	229	-1	471	-1
471	259	313	-10	2377	2932	190	470	-1
472	537	184	8	211	1243	203	-1	473	-1
473	736	315	-8	3028	4153	106	472	-1
474	371	664	13	647	1228	139	-1	475	-1
475	280	767	-13	3046	3743	159	474	-1
476	614	622	17	617	1669	153	-1	477	-1
477	682	731	-17	70	1348	238	476	-1
478	4	516	16	2713	4149	200	-1	479	-1
479	138	637	-16	3934	4855	159	478	-1
480	73	229	11	1025	1934	106	-1	481	-1
481	171	99	-11	825	2073	124	480	-1
482	612	629	14	1622	2668	244	-1	483	-1
483	622	508	-14	2363	3000	155	482	-1
484	901	104	10	2065	3561	113	-1	485	-1
485	900	104	-10	1921	3387	186	484	-1
486	38	747	18	3081	3813	159	-1	487	-1
487	115	871	-18	2547	3781	232	486	-1
488	620	623	20	514	1997	111	-1	489	-1
489	590	539	-20	3596	4318	210	488	-1
490	90	909	16	1625	2418	218	-1	491	-1
491	90	904	-16	2222	3247	243	490	-1
492	852	611	8	1153	1925	197	-1	493	-1
493	752	603	-8	1924	3005	219	492	-1
494	223	407	15	925	1919	105	-1	495	-1
495	281	320	-15	1704	2344	244	494	-1
496	541	182	6	2250	3158	105	-1	497	-1
497	335	297	-6	3894	4593	184	496	-1
498	254	387	7	748	2126	154	-1	499	-1
499	334	295	-7	3159	3986	167	498	-1
0	611	844	463	465	50	0	5000
1	844	583	908	990	50	0	5000
2	946	727	859	352	50	0	5000
3	829	170	701	284	50	0	5000
4	154	246	493	362	50	0	5000
5	657	618	436	892	50	0	5000
6	907	618	681	331	50	0	5000
7	293	897	295	774	50	0	5000
8	373	909	250	556	50	0	5000
9	879	652	910	738	50	0	5000
10	54	850	312	641	50	0	5000
11	962	703	785	429	50	0	5000
12	913	634	688	630	50	0	5000
13	314	266	138	409	50	0	5000
14	832	777	609	483	50	0	5000
15	871	956	732	995	50	0	5000
16	203	507	151	241	50	0	5000
17	141	849	14	871	50	0	5000
18	132	100	342	309	50	0	5000
19	545	288	706	607	50	0	5000
20	188	365	133	703	50	0	5000
21	363	744	674	860	50	0	5000
22	738	810	981	622	50	0	5000
23	943	67	849	181	50	0	5000
24	583	663	729	649	50	0	5000
25	980	149	995	364	50	0	5000
26	343	809	97	482	50	0	5000
27	885	512	978	418	50	0	5000
28	442	627	254	963	50	0	5000
29	664	190	924	269	50	0	5000
30	847	516	641	516	50	0	5000
31	140	424	83	191	50	0	5000
32	673	312	438	163	50	0	5000
33	64	71	174	83	50	0	5000
34	849	647	809	924	50	0	5000
35	928	472	994	380	50	0	5000
36	896	850	617	982	50	0	5000
37	384	562	517	465	50	0	5000
38	294	591	674	416	50	0	5000
39	207	586	169	683	50	0	5000
40	19	15	85	23	50	0	5000
41	513	574	876	489	50	0	5000
42	785	467	731	372	50	0	5000
43	572	950	784	857	50	0	5000
44	574	50	340	94	50	0	5000
45	247	700	522	518	50	0	5000
46	169	81	389	327	50	0	5000
47	311	891	437	511	50	0	5000
48	470	101	639	324	50	0	5000
49	764	801	898	989	50	0	5000
50	456	798	192	996	50	0	5000
51	467	947	357	891	50	0	5000
52	938	580	682	595	50	0	5000
53	461	393	364	309	50	0	5000
54	608	383	247	245	50	0	5000
55	962	988	889	784	50	0	5000
56	308	786	111	464	50	0	5000
57	747	803	443	940	50	0	5000
58	347	170	327	41	50	0	5000
59	932	583	958	867	50	0	5000
60	4	642	77	421	50	0	5000
61	33	384	32	719	50	0	5000
62	577	874	710	790	50	0	5000
63	689	605	472	490	50	0	5000
64	163	352	38	343	50	0	5000
65	632	633	365	507	50	0	5000
66	87	561	415	536	50	0	5000
67	334	629	168	385	50	0	5000
68	826	155	425	94	50	0	5000
69	949	418	868	672	50	0	5000
70	927	228	858	360	50	0	5000
71	757	366	967	45	50	0	5000
72	878	897	657	866	50	0	5000
73	821	939	671	742	50	0	5000
74	863	446	877	786	50	0	5000
