250	75	1	1	100000
0	646	345	10	959	1831	224	-1	1	-1
1	631	337	-10	1860	2816	166	0	-1
2	870	421	10	559	1156	135	-1	3	-1
3	766	363	-10	234	1231	105	2	-1
4	951	798	18	1456	2829	171	-1	5	-1
5	861	821	-18	3127	4623	241	4	-1
6	588	175	14	2112	3307	248	-1	7	-1
7	715	45	-14	2799	3931	212	6	-1
8	406	555	7	331	1709	191	-1	9	-1
9	284	695	-7	747	2060	105	8	-1
10	132	490	14	1926	2927	103	-1	11	-1
11	180	709	-14	2490	3079	166	10	-1
12	193	593	7	862	1694	105	-1	13	-1
13	151	442	-7	729	1395	220	12	-1
14	820	936	20	551	1629	197	-1	15	-1
15	846	775	-20	0	1335	135	14	-1
16	815	258	9	626	1792	168	-1	17	-1
17	609	92	-9	1232	2388	149	16	-1
18	321	248	14	2792	3320	101	-1	19	-1
19	547	391	-14	2437	3605	169	18	-1
20	306	33	9	1562	2742	126	-1	21	-1
21	348	156	-9	4316	4959	164	20	-1
22	504	765	14	414	1168	148	-1	23	-1
23	711	794	-14	2406	3574	210	22	-1
24	141	916	8	1321	2815	225	-1	25	-1
25	301	850	-8	1908	2435	232	24	-1
26	799	841	14	3541	4440	238	-1	27	-1
27	739	672	-14	3030	4366	122	26	-1
28	117	168	16	259	1495	107	-1	29	-1
29	95	1	-16	346	999	146	28	-1
30	980	723	9	3128	3722	229	-1	31	-1
31	999	506	-9	3189	4586	111	30	-1
32	37	525	15	1184	2676	231	-1	33	-1
33	167	557	-15	1312	2226	177	32	-1
34	18	364	9	427	1300	181	-1	35	-1
35	165	254	-9	2124	3051	106	34	-1
36	740	34	9	2559	3595	196	-1	37	-1
37	745	145	-9	2830	3547	193	36	-1
38	362	537	20	898	2249	120	-1	39	-1
39	173	438	-20	1765	2444	179	38	-1
40	433	814	10	1016	2006	219	-1	41	-1
41	289	735	-10	2187	3142	221	40	-1
42	349	448	10	3070	3693	146	-1	43	-1
43	120	323	-10	2495	3986	192	42	-1
44	634	498	14	661	1335	152	-1	45	-1
45	815	331	-14	3066	4455	174	44	-1
46	599	559	19	960	1487	145	-1	47	-1
47	462	325	-19	1965	2621	127	46	-1
48	875	885	14	185	1672	222	-1	49	-1
49	872	742	-14	462	986	241	48	-1
50	173	986	16	1349	2764	190	-1	51	-1
51	399	963	-16	734	2069	179	50	-1
52	580	60	15	276	1430	207	-1	53	-1
53	778	103	-15	467	1563	150	52	-1
54	370	982	15	883	1558	125	-1	55	-1
55	179	951	-15	3086	4552	203	54	-1
56	589	911	14	422	1638	225	-1	57	-1
57	722	774	-14	3320	4406	111	56	-1
58	605	607	9	1804	2937	181	-1	59	-1
59	720	453	-9	4296	4988	190	58	-1
60	387	998	19	3968	4594	247	-1	61	-1
61	344	999	-19	4077	4687	182	60	-1
62	768	265	10	733	2174	211	-1	63	-1
63	503	193	-10	3103	4230	103	62	-1
64	167	394	18	3099	4143	159	-1	65	-1
65	39	331	-18	3885	4732	146	64	-1
66	517	155	10	2073	2632	137	-1	67	-1
67	525	434	-10	3456	4201	143	66	-1
68	249	169	8	1025	1893	228	-1	69	-1
69	430	134	-8	2302	3339	108	68	-1
70	750	135	13	1695	2804	162	-1	71	-1
71	801	347	-13	2397	3209	198	70	-1
72	607	852	13	331	1298	189	-1	73	-1
73	392	746	-13	2411	3063	212	72	-1
74	985	431	16	2016	3260	163	-1	75	-1
75	992	588	-16	2410	3173	189	74	-1
76	397	579	9	882	1802	153	-1	77	-1
77	376	608	-9	1303	2013	239	76	-1
78	576	589	17	465	1048	119	-1	79	-1
79	498	449	-17	3235	3915	166	78	-1
80	186	351	7	1899	2533	192	-1	81	-1
81	166	551	-7	2560	3073	163	80	-1
82	346	98	8	2232	2781	174	-1	83	-1
83	409	306	-8	1387	2793	148	82	-1
84	423	576	11	1387	2704	165	-1	85	-1
85	305	826	-11	2955	4438	155	84	-1
86	141	648	12	3549	4899	128	-1	87	-1
87	144	855	-12	3686	4210	217	86	-1
88	771	100	11	609	1526	188	-1	89	-1
89	588	72	-11	713	1456	197	88	-1
90	17	996	12	531	1934	148	-1	91	-1
91	96	968	-12	3340	3917	117	90	-1
92	355	335	20	245	1603	143	-1	93	-1
93	583	235	-20	2177	2694	165	92	-1
94	72	586	10	1011	2025	182	-1	95	-1
95	104	719	-10	2608	3570	143	94	-1
96	616	867	13	2605	3794	150	-1	97	-1
97	869	781	-13	3565	4231	153	96	-1
98	27	789	5	1977	2570	221	-1	99	-1
99	282	817	-5	3052	4198	192	98	-1
100	904	862	18	370	1535	238	-1	101	-1
101	877	935	-18	2325	3344	202	100	-1
102	656	642	9	83	1534	100	-1	103	-1
103	446	525	-9	2488	3791	207	102	-1
104	177	163	16	1632	2893	140	-1	105	-1
105	234	283	-16	3058	3646	194	104	-1
106	332	606	18	404	1299	138	-1	107	-1
107	92	539	-18	4024	4878	213	106	-1
108	913	504	8	2297	3625	152	-1	109	-1
109	673	616	-8	2058	3383	166	108	-1
110	452	396	15	2629	3842	194	-1	111	-1
111	275	436	-15	2406	3682	194	110	-1
112	154	677	12	2197	3697	164	-1	113	-1
113	121	951	-12	3081	3880	120	112	-1
114	956	688	9	360	1817	188	-1	115	-1
115	891	888	-9	2998	4457	225	114	-1
116	923	623	7	2564	3928	127	-1	117	-1
117	847	809	-7	2664	3724	161	116	-1
118	496	540	8	1316	1996	223	-1	119	-1
119	395	718	-8	608	2048	131	118	-1
120	815	799	10	1500	2506	164	-1	121	-1
121	937	719	-10	2635	4079	208	120	-1
122	154	892	14	167	1343	236	-1	123	-1
123	13	825	-14	3678	4867	249	122	-1
124	616	644	17	389	1178	143	-1	125	-1
125	460	504	-17	3059	3770	224	124	-1
126	82	419	5	64	1202	183	-1	127	-1
127	8	290	-5	1281	2392	231	126	-1
128	707	756	19	195	1631	236	-1	129	-1
129	690	517	-19	1246	2580	220	128	-1
130	998	551	14	1817	3265	209	-1	131	-1
131	937	288	-14	2601	3920	166	130	-1
132	865	108	16	527	1974	173	-1	133	-1
133	637	161	-16	3549	4932	182	132	-1
134	633	543	11	124	1247	196	-1	135	-1
135	617	628	-11	2491	3133	210	134	-1
136	18	327	15	1671	2353	154	-1	137	-1
137	198	456	-15	1738	2775	182	136	-1
138	445	951	9	2101	2952	108	-1	139	-1
139	225	943	-9	2001	2571	102	138	-1
140	773	684	14	854	1627	226	-1	141	-1
141	695	515	-14	3452	4341	189	140	-1
142	342	975	9	2445	3179	137	-1	143	-1
143	349	924	-9	2048	3043	204	142	-1
144	199	48	8	1856	2496	117	-1	145	-1
145	14	123	-8	2330	3766	114	144	-1
146	300	952	20	662	2052	138	-1	147	-1
147	173	899	-20	700	2151	206	146	-1
148	580	462	18	2981	3967	169	-1	149	-1
149	488	374	-18	3538	4183	157	148	-1
150	291	568	18	2693	4099	111	-1	151	-1
151	459	789	-18	3052	3606	118	150	-1
152	32	404	19	2210	3596	223	-1	153	-1
153	87	302	-19	2211	3521	146	152	-1
154	695	427	15	2970	4267	200	-1	155	-1
155	865	412	-15	3260	3984	192	154	-1
156	640	389	16	2009	3420	231	-1	157	-1
157	637	513	-16	3232	3848	174	156	-1
158	208	482	19	744	1251	182	-1	159	-1
159	223	556	-19	1756	2894	108	158	-1
160	975	161	5	3011	4080	228	-1	161	-1
161	900	128	-5	2913	4356	127	160	-1
162	891	199	8	2852	4258	186	-1	163	-1
163	721	55	-8	3893	4830	243	162	-1
164	674	782	6	975	2180	103	-1	165	-1
165	837	943	-6	2816	3511	164	164	-1
166	280	137	11	2116	2802	201	-1	167	-1
167	506	207	-11	2095	3260	112	166	-1
168	359	368	18	2374	3558	199	-1	169	-1
169	432	589	-18	3710	4782	132	168	-1
170	766	306	16	3394	4074	155	-1	171	-1
171	948	414	-16	3383	4156	128	170	-1
172	827	973	15	614	1584	221	-1	173	-1
173	976	984	-15	3058	4092	202	172	-1
174	425	694	8	2722	3246	168	-1	175	-1
175	558	703	-8	2420	3804	108	174	-1
176	740	582	19	3545	4627	166	-1	177	-1
177	856	450	-19	2982	4466	193	176	-1
178	268	157	11	360	1839	151	-1	179	-1
179	484	140	-11	162	1563	209	178	-1
180	76	129	13	1539	2113	216	-1	181	-1
181	167	119	-13	984	2258	195	180	-1
182	197	468	8	2111	3066	176	-1	183	-1
183	144	245	-8	1640	2917	231	182	-1
184	631	653	14	459	980	148	-1	185	-1
185	848	830	-14	700	1372	123	184	-1
186	983	28	18	1429	2833	243	-1	187	-1
187	784	228	-18	2277	3415	200	186	-1
188	488	920	5	2448	3904	203	-1	189	-1
189	584	828	-5	4301	4960	203	188	-1
190	789	681	16	270	1568	214	-1	191	-1
191	658	643	-16	2990	4416	186	190	-1
192	487	115	14	661	1694	239	-1	193	-1
193	723	87	-14	2025	3208	150	192	-1
194	623	213	15	1877	3262	133	-1	195	-1
195	636	324	-15	3033	3834	203	194	-1
196	455	356	16	1534	2568	244	-1	197	-1
197	422	257	-16	1411	2324	209	196	-1
198	467	926	12	1046	2443	194	-1	199	-1
199	379	721	-12	845	2341	139	198	-1
200	392	250	13	1439	2499	203	-1	201	-1
201	289	221	-13	1039	2266	184	200	-1
202	999	27	9	3408	4779	176	-1	203	-1
203	949	79	-9	2487	3803	145	202	-1
204	577	129	15	360	1517	248	-1	205	-1
205	587	181	-15	1434	2440	195	204	-1
206	29	404	6	862	2203	183	-1	207	-1
207	222	431	-6	2947	3524	222	206	-1
208	633	942	9	1749	2493	191	-1	209	-1
209	471	984	-9	3687	4922	161	208	-1
210	313	320	17	3492	4093	118	-1	211	-1
211	359	486	-17	3341	4112	128	210	-1
212	884	798	13	412	1877	154	-1	213	-1
213	854	937	-13	3386	4598	199	212	-1
214	559	447	8	4092	4934	123	-1	215	-1
215	551	568	-8	3962	4684	135	214	-1
216	849	52	17	2322	3071	100	-1	217	-1
217	838	99	-17	3379	4790	180	216	-1
218	101	326	7	838	1603	130	-1	219	-1
219	108	506	-7	1266	2010	157	218	-1
220	165	277	12	835	1639	246	-1	221	-1
221	182	168	-12	1864	3319	212	220	-1
222	598	658	10	559	1700	173	-1	223	-1
223	779	837	-10	4055	4761	177	222	-1
224	85	92	14	415	1124	174	-1	225	-1
225	287	174	-14	1371	2071	202	224	-1
226	807	578	9	639	1796	215	-1	227	-1
227	764	555	-9	1902	2674	237	226	-1
228	177	342	16	609	1324	158	-1	229	-1
229	175	571	-16	4301	4868	118	228	-1
230	712	76	15	2415	3656	127	-1	231	-1
231	604	137	-15	2359	2862	157	230	-1
232	717	927	19	1002	2294	172	-1	233	-1
233	843	987	-19	1892	3249	147	232	-1
234	660	242	9	1034	1686	165	-1	235	-1
235	687	300	-9	1586	2263	210	234	-1
236	152	702	7	1372	2413	232	-1	237	-1
237	106	761	-7	2463	3336	185	236	-1
238	380	418	8	2491	3604	167	-1	239	-1
239	379	552	-8	3495	4598	220	238	-1
240	105	370	12	2703	4036	124	-1	241	-1
241	347	255	-12	3561	4745	224	240	-1
242	474	217	15	1243	2418	119	-1	243	-1
243	696	389	-15	1323	2594	219	242	-1
244	306	223	5	1167	2224	139	-1	245	-1
245	86	378	-5	503	1954	103	244	-1
246	86	555	8	3029	3942	111	-1	247	-1
247	188	750	-8	3661	4455	240	246	-1
248	402	663	11	1203	2069	171	-1	249	-1
249	216	812	-11	3849	4725	133	248	-1
250	638	302	10	788	1744	194	-1	251	-1
251	706	517	-10	1676	3040	205	250	-1
252	696	913	7	3010	4404	178	-1	253	-1
253	632	914	-7	3304	4601	119	252	-1
254	107	494	17	908	2213	242	-1	255	-1
255	284	313	-17	413	1790	182	254	-1
256	985	380	18	1692	2983	237	-1	257	-1
257	753	479	-18	1815	3043	176	256	-1
258	847	239	13	3432	4048	203	-1	259	-1
259	963	387	-13	3266	4026	143	258	-1
260	524	604	8	2739	3743	168	-1	261	-1
261	588	625	-8	2697	3603	101	260	-1
262	456	27	12	1077	2421	237	-1	263	-1
263	609	116	-12	1855	2580	202	262	-1
264	365	87	7	895	1568	177	-1	265	-1
265	451	292	-7	548	1732	207	264	-1
266	655	563	16	1988	2750	173	-1	267	-1
267	634	403	-16	1481	2857	168	266	-1
268	157	173	8	2351	3235	179	-1	269	-1
269	164	138	-8	3452	4179	212	268	-1
270	295	80	13	1668	2527	244	-1	271	-1
271	69	206	-13	1215	2680	198	270	-1
272	992	215	15	2092	3411	191	-1	273	-1
273	817	391	-15	2217	3406	194	272	-1
274	31	544	9	1774	2301	181	-1	275	-1
275	295	457	-9	1856	3234	209	274	-1
276	649	793	12	2939	3499	150	-1	277	-1
277	596	828	-12	4115	4799	151	276	-1
278	35	260	10	285	1211	171	-1	279	-1
279	85	162	-10	3391	4471	238	278	-1
280	348	816	8	3368	4381	222	-1	281	-1
281	205	640	-8	3506	4123	123	280	-1
282	872	334	20	698	1827	204	-1	283	-1
283	927	81	-20	1279	2287	150	282	-1
284	440	548	15	33	1113	104	-1	285	-1
285	457	740	-15	612	1920	192	284	-1
286	952	406	12	2647	3992	193	-1	287	-1
287	794	242	-12	3117	4301	158	286	-1
288	312	716	10	904	1995	161	-1	289	-1
289	352	636	-10	4225	4795	189	288	-1
290	437	956	17	674	2089	228	-1	291	-1
291	224	818	-17	2820	3752	121	290	-1
292	671	534	16	1641	2857	127	-1	293	-1
293	429	431	-16	2240	3514	247	292	-1
294	169	92	14	1742	2806	229	-1	295	-1
295	241	233	-14	3401	4084	249	294	-1
296	93	247	8	1538	3030	196	-1	297	-1
297	174	354	-8	1625	2759	178	296	-1
298	745	168	7	1134	2131	183	-1	299	-1
299	772	5	-7	1046	2057	176	298	-1
300	632	844	19	321	870	143	-1	301	-1
301	472	814	-19	3464	4144	118	300	-1
302	471	913	11	1113	1775	112	-1	303	-1
303	600	892	-11	2065	2621	218	302	-1
304	668	948	15	1231	2321	140	-1	305	-1
305	428	982	-15	1273	2288	248	304	-1
306	338	754	15	2707	3252	194	-1	307	-1
307	427	568	-15	2768	4006	195	306	-1
308	572	362	7	1131	2319	161	-1	309	-1
309	724	505	-7	2802	3827	157	308	-1
310	957	840	7	362	1752	192	-1	311	-1
311	952	686	-7	485	1720	143	310	-1
312	935	768	13	1135	1913	110	-1	313	-1
313	772	864	-13	2189	3590	144	312	-1
314	121	408	10	2375	3151	218	-1	315	-1
315	84	462	-10	2107	3509	113	314	-1
316	446	800	5	1884	3194	240	-1	317	-1
317	357	689	-5	2657	3750	115	316	-1
318	721	109	9	723	1747	170	-1	319	-1
319	771	93	-9	906	1835	221	318	-1
320	451	606	19	1286	2112	219	-1	321	-1
321	388	661	-19	2706	3224	122	320	-1
322	673	812	9	669	1570	133	-1	323	-1
323	859	789	-9	3853	4561	238	322	-1
324	389	738	6	308	1491	238	-1	325	-1
325	200	938	-6	960	1945	241	324	-1
326	459	164	7	1826	3127	146	-1	327	-1
327	193	145	-7	4075	4860	126	326	-1
328	442	154	17	1138	2369	127	-1	329	-1
329	414	297	-17	3082	3883	180	328	-1
330	194	599	13	342	1201	152	-1	331	-1
331	72	497	-13	1874	2953	116	330	-1
332	931	258	6	1308	2089	197	-1	333	-1
333	843	318	-6	2233	2890	165	332	-1
334	4	915	5	3514	4806	239	-1	335	-1
335	170	880	-5	3312	4385	183	334	-1
336	452	234	12	1637	3008	155	-1	337	-1
337	359	320	-12	3247	4476	115	336	-1
338	561	917	20	517	1813	122	-1	339	-1
339	383	829	-20	2805	3572	135	338	-1
340	937	267	13	1902	2548	212	-1	341	-1
341	915	416	-13	1415	2910	230	340	-1
342	617	49	18	1719	2445	129	-1	343	-1
343	744	231	-18	3339	4729	239	342	-1
344	814	122	18	817	2242	108	-1	345	-1
345	984	286	-18	1885	3056	110	344	-1
346	379	583	10	1531	2487	186	-1	347	-1
347	184	653	-10	2218	3239	205	346	-1
348	318	580	7	16	603	211	-1	349	-1
349	338	479	-7	3333	4721	107	348	-1
350	273	882	7	1602	2555	110	-1	351	-1
351	347	673	-7	1458	2925	247	350	-1
352	470	137	14	2072	2723	204	-1	353	-1
353	548	6	-14	2177	3385	116	352	-1
354	354	135	12	3209	3818	232	-1	355	-1
355	514	74	-12	3024	4386	114	354	-1
356	515	679	8	807	2241	181	-1	357	-1
357	658	878	-8	1878	3193	193	356	-1
358	801	79	15	1823	2962	243	-1	359	-1
359	988	263	-15	3220	4205	158	358	-1
360	57	911	18	1902	2808	230	-1	361	-1
361	136	814	-18	1620	2841	132	360	-1
362	169	208	18	1208	2182	200	-1	363	-1
363	57	82	-18	1822	3210	156	362	-1
364	105	236	7	675	1289	101	-1	365	-1
365	100	429	-7	1362	2098	220	364	-1
366	574	927	13	2518	3731	117	-1	367	-1
367	478	876	-13	2414	3682	208	366	-1
368	756	411	18	417	1273	112	-1	369	-1
369	482	413	-18	160	1493	160	368	-1
370	370	860	19	1909	3194	152	-1	371	-1
371	268	806	-19	2710	3343	191	370	-1
372	632	540	9	250	1031	224	-1	373	-1
373	530	431	-9	1883	2694	141	372	-1
374	612	542	13	1002	2484	136	-1	375	-1
375	730	713	-13	1404	1998	202	374	-1
376	576	129	15	1508	2640	183	-1	377	-1
377	572	401	-15	766	2243	225	376	-1
378	80	988	11	975	1534	206	-1	379	-1
379	279	851	-11	2717	3986	197	378	-1
380	20	465	18	136	1400	231	-1	381	-1
381	98	316	-18	1617	2861	101	380	-1
382	322	883	9	78	1066	226	-1	383	-1
383	59	846	-9	3597	4192	103	382	-1
384	957	463	9	859	1493	230	-1	385	-1
385	810	679	-9	2227	3074	201	384	-1
386	289	762	8	207	931	132	-1	387	-1
387	57	658	-8	3403	4259	183	386	-1
388	144	602	16	2401	3223	212	-1	389	-1
389	264	548	-16	3200	4099	222	388	-1
390	332	196	14	2315	3738	114	-1	391	-1
391	424	116	-14	4142	4993	128	390	-1
392	432	570	8	34	1272	189	-1	393	-1
393	449	698	-8	826	2285	238	392	-1
394	444	188	9	612	1955	215	-1	395	-1
395	504	311	-9	1703	2783	132	394	-1
396	749	921	9	1244	2371	197	-1	397	-1
397	597	909	-9	1081	2379	167	396	-1
398	642	979	6	685	1773	248	-1	399	-1
399	449	785	-6	3439	4629	219	398	-1
400	223	964	15	491	1347	180	-1	401	-1
401	490	968	-15	809	1919	143	400	-1
402	759	695	18	3289	3925	248	-1	403	-1
403	856	924	-18	2979	4204	150	402	-1
404	421	202	9	1882	2766	126	-1	405	-1
405	548	57	-9	2633	3976	166	404	-1
406	938	286	12	737	1457	180	-1	407	-1
407	986	272	-12	2335	2891	158	406	-1
408	733	405	10	920	1980	231	-1	409	-1
409	864	572	-10	1457	2088	164	408	-1
410	885	384	11	631	1570	248	-1	411	-1
411	891	425	-11	1690	2793	130	410	-1
412	791	337	17	1842	3101	152	-1	413	-1
413	842	259	-17	3540	4792	240	412	-1
414	585	830	15	330	1794	217	-1	415	-1
415	697	731	-15	1560	2940	141	414	-1
416	470	95	12	685	1923	249	-1	417	-1
417	238	240	-12	2363	3849	143	416	-1
418	988	994	9	219	1550	148	-1	419	-1
419	876	925	-9	731	1607	142	418	-1
420	326	825	18	2175	2918	193	-1	421	-1
421	250	864	-18	2362	2936	149	420	-1
422	420	912	9	1067	1793	224	-1	423	-1
423	383	650	-9	1789	2446	105	422	-1
424	793	527	9	2130	3363	169	-1	425	-1
425	810	430	-9	1783	2824	123	424	-1
426	117	56	11	3423	4465	149	-1	427	-1
427	393	50	-11	3191	4091	173	426	-1
428	384	8	14	1913	2990	229	-1	429	-1
429	228	20	-14	3298	4083	185	428	-1
430	97	671	5	1742	2729	248	-1	431	-1
431	54	810	-5	3729	4564	130	430	-1
432	783	477	6	2630	3996	212	-1	433	-1
433	943	328	-6	3334	4643	160	432	-1
434	855	972	18	446	1073	161	-1	435	-1
435	893	847	-18	198	1057	122	434	-1
436	302	372	17	107	1051	160	-1	437	-1
437	328	402	-17	1151	2006	243	436	-1
438	668	907	14	2037	3126	216	-1	439	-1
439	688	849	-14	3207	3724	136	438	-1
440	172	3	10	591	2001	193	-1	441	-1
441	13	147	-10	887	2133	227	440	-1
442	993	538	8	1316	2634	239	-1	443	-1
443	736	526	-8	2466	3902	232	442	-1
444	931	817	17	235	874	126	-1	445	-1
445	675	780	-17	4175	4684	148	444	-1
446	869	153	14	2336	3660	161	-1	447	-1
447	974	75	-14	2853	3560	119	446	-1
448	203	889	12	2292	3772	158	-1	449	-1
449	113	857	-12	3139	4279	156	448	-1
450	160	35	18	1887	3356	116	-1	451	-1
451	173	87	-18	2484	3038	244	450	-1
452	866	62	11	1132	2318	103	-1	453	-1
453	674	215	-11	2785	4035	177	452	-1
454	257	545	11	600	1135	173	-1	455	-1
455	54	537	-11	1812	2584	121	454	-1
456	892	654	6	2346	2932	123	-1	457	-1
457	619	613	-6	3898	4467	183	456	-1
458	350	607	9	121	784	217	-1	459	-1
459	262	770	-9	2457	3893	189	458	-1
460	453	735	20	2615	3301	118	-1	461	-1
461	297	649	-20	3306	3924	153	460	-1
462	300	333	8	508	1336	200	-1	463	-1
463	460	358	-8	1766	2319	156	462	-1
464	223	582	9	934	1601	103	-1	465	-1
465	413	640	-9	668	2055	242	464	-1
466	694	147	9	1038	2037	178	-1	467	-1
467	767	340	-9	2030	3315	247	466	-1
468	502	169	6	212	1584	237	-1	469	-1
469	246	154	-6	294	1531	237	468	-1
470	325	451	16	220	1113	178	-1	471	-1
471	121	476	-16	2019	2887	110	470	-1
472	538	374	8	2057	3123	145	-1	473	-1
473	455	126	-8	3409	4861	102	472	-1
474	115	51	16	977	2472	121	-1	475	-1
475	301	250	-16	1416	2766	222	474	-1
476	457	795	10	1895	2571	159	-1	477	-1
477	659	835	-10	3054	4290	149	476	-1
478	284	173	17	2139	3375	210	-1	479	-1
479	263	156	-17	2489	3007	133	478	-1
480	809	653	15	2138	3587	206	-1	481	-1
481	987	739	-15	1934	3102	124	480	-1
482	173	547	14	1126	1975	209	-1	483	-1
483	182	699	-14	1451	2417	157	482	-1
484	400	396	17	793	1897	212	-1	485	-1
485	588	221	-17	2452	3924	185	484	-1
486	204	623	14	370	1574	113	-1	487	-1
487	57	566	-14	3698	4719	182	486	-1
488	173	717	7	43	1130	176	-1	489	-1
489	247	563	-7	2899	3735	188	488	-1
490	279	682	15	467	1945	177	-1	491	-1
491	80	752	-15	3650	4646	218	490	-1
492	548	42	9	3526	4116	189	-1	493	-1
493	672	58	-9	3901	4710	143	492	-1
494	978	486	18	1942	3205	189	-1	495	-1
495	831	546	-18	2573	3520	112	494	-1
496	496	682	9	1747	2957	106	-1	497	-1
497	467	795	-9	2846	3544	235	496	-1
498	497	848	11	1674	2788	220	-1	499	-1
499	543	827	-11	1882	3272	234	498	-1
0	303	295	229	699	50	0	5000
1	859	597	699	851	50	0	5000
2	574	435	746	396	50	0	5000
3	845	713	462	897	50	0	5000
4	335	932	570	717	50	0	5000
5	62	144	340	291	50	0	5000
6	504	891	796	958	50	0	5000
7	935	156	881	111	50	0	5000
8	774	343	558	211	50	0	5000
9	251	695	565	932	50	0	5000
10	968	845	867	949	50	0	5000
11	171	120	343	56	50	0	5000
12	210	713	219	922	50	0	5000
13	992	723	986	330	50	0	5000
14	853	367	470	298	50	0	5000
15	763	414	718	683	50	0	5000
16	137	709	110	800	50	0	5000
17	577	131	255	274	50	0	5000
18	364	78	195	311	50	0	5000
19	686	235	424	216	50	0	5000
20	383	129	773	17	50	0	5000
21	923	960	590	758	50	0	5000
22	816	655	723	484	50	0	5000
23	871	301	487	457	50	0	5000
24	568	467	786	400	50	0	5000
25	460	713	211	592	50	0	5000
26	837	572	637	803	50	0	5000
27	155	662	190	357	50	0	5000
28	4	409	114	346	50	0	5000
29	737	774	565	909	50	0	5000
30	764	261	748	386	50	0	5000
31	871	166	613	339	50	0	5000
32	739	590	846	633	50	0	5000
33	788	166	544	172	50	0	5000
34	206	641	581	508	50	0	5000
35	79	362	173	683	50	0	5000
36	255	127	597	298	50	0	5000
37	893	537	658	665	50	0	5000
38	718	188	848	223	50	0	5000
39	402	873	538	522	50	0	5000
40	764	944	796	878	50	0	5000
41	374	20	14	174	50	0	5000
42	919	841	988	469	50	0	5000
43	620	502	860	226	50	0	5000
44	37	614	68	458	50	0	5000
45	849	589	662	468	50	0	5000
46	442	616	500	655	50	0	5000
47	509	631	532	247	50	0	5000
48	501	535	637	177	50	0	5000
49	322	211	426	93	50	0	5000
50	489	243	661	0	50	0	5000
51	245	110	454	338	50	0	5000
52	249	730	176	646	50	0	5000
53	35	567	82	182	50	0	5000
54	304	576	86	420	50	0	5000
55	791	75	685	158	50	0	5000
56	457	184	426	391	50	0	5000
57	476	310	467	463	50	0	5000
58	615	897	584	477	50	0	5000
59	948	78	918	82	50	0	5000
60	318	170	314	490	50	0	5000
61	960	823	753	793	50	0	5000
62	990	672	850	484	50	0	5000
63	947	405	935	659	50	0	5000
64	457	545	210	453	50	0	5000
65	312	466	147	278	50	0	5000
66	789	199	610	508	50	0	5000
67	232	196	420	301	50	0	5000
68	404	595	328	933	50	0	5000
69	672	447	868	300	50	0	5000
70	323	464	678	493	50	0	5000
71	71	735	218	809	50	0	5000
72	655	887	690	794	50	0	5000
73	931	872	939	888	50	0	5000
74	514	919	294	703	50	0	5000
