250	75	1	1	100000
0	348	87	14	1340	2405	233	-1	1	-1
1	333	84	-14	1261	2005	163	0	-1
2	466	16	13	1903	2520	113	-1	3	-1
3	351	89	-13	1565	2282	114	2	-1
4	609	730	19	68	1285	206	-1	5	-1
5	606	713	-19	2735	4141	215	4	-1
6	855	63	16	341	1006	184	-1	7	-1
7	853	54	-16	1226	2508	211	6	-1
8	378	70	10	49	1268	175	-1	9	-1
9	350	100	-10	1260	2737	164	8	-1
10	945	601	10	1246	2250	186	-1	11	-1
11	757	762	-10	473	1863	148	10	-1
12	585	788	5	1570	2972	108	-1	13	-1
13	579	574	-5	1521	2782	107	12	-1
14	629	599	14	2443	3389	193	-1	15	-1
15	681	788	-14	2515	3477	215	14	-1
16	616	484	19	1033	1874	121	-1	17	-1
17	556	524	-19	1383	2119	140	16	-1
18	348	87	7	65	1340	187	-1	19	-1
19	424	97	-7	3545	4495	244	18	-1
20	961	601	17	779	1727	217	-1	21	-1
21	962	563	-17	14	1414	163	20	-1
22	833	2	13	1020	1943	146	-1	23	-1
23	843	32	-13	2786	4285	165	22	-1
24	853	55	10	2068	2922	172	-1	25	-1
25	853	53	-10	1595	2857	235	24	-1
26	595	789	8	2152	3420	237	-1	27	-1
27	709	745	-8	3335	4584	225	26	-1
28	599	704	7	1481	2307	123	-1	29	-1
29	585	577	-7	3242	4131	213	28	-1
30	351	81	13	266	805	243	-1	31	-1
31	455	7	-13	748	1343	170	30	-1
32	450	14	16	2001	2520	195	-1	33	-1
33	369	144	-16	3634	4419	162	32	-1
34	458	5	20	2269	2796	231	-1	35	-1
35	348	87	-20	3957	4833	159	34	-1
36	585	579	7	2808	4000	170	-1	37	-1
37	568	713	-7	4218	4958	214	36	-1
38	853	53	14	1165	2410	222	-1	39	-1
39	904	7	-14	3901	4943	190	38	-1
40	985	593	8	1954	3284	182	-1	41	-1
41	891	535	-8	2602	3729	153	40	-1
42	604	756	17	2031	3290	143	-1	43	-1
43	642	725	-17	1875	3055	201	42	-1
44	601	701	14	33	661	214	-1	45	-1
45	758	738	-14	1597	2331	126	44	-1
46	960	589	10	1729	2264	172	-1	47	-1
47	956	585	-10	975	2191	126	46	-1
48	475	15	9	1519	2381	199	-1	49	-1
49	362	87	-9	1961	3237	234	48	-1
50	617	488	12	1448	2629	158	-1	51	-1
51	627	721	-12	2095	3518	153	50	-1
52	729	721	18	544	1375	121	-1	53	-1
53	741	737	-18	1169	2105	101	52	-1
54	597	793	5	1335	2244	178	-1	55	-1
55	582	553	-5	2913	4224	191	54	-1
56	752	712	10	72	895	129	-1	57	-1
57	740	739	-10	2712	3757	225	56	-1
58	933	524	5	1961	2642	249	-1	59	-1
59	938	611	-5	1506	2569	101	58	-1
60	461	32	11	1794	2606	106	-1	61	-1
61	348	87	-11	1366	2851	161	60	-1
62	586	577	17	1812	2606	119	-1	63	-1
63	734	743	-17	1063	2503	243	62	-1
64	348	87	15	1239	2625	166	-1	65	-1
65	521	80	-15	3626	4491	247	64	-1
66	949	599	8	533	1980	169	-1	67	-1
67	947	588	-8	4052	4641	138	66	-1
68	584	580	15	1708	2959	239	-1	69	-1
69	505	582	-15	1738	2648	231	68	-1
70	502	772	18	57	1259	244	-1	71	-1
71	558	726	-18	1614	2947	169	70	-1
72	859	49	8	205	953	195	-1	73	-1
73	870	37	-8	3361	4265	237	72	-1
74	955	585	12	99	674	155	-1	75	-1
75	953	597	-12	2973	4106	135	74	-1
76	955	586	13	746	1576	107	-1	77	-1
77	976	653	-13	2250	3673	171	76	-1
78	584	788	15	1081	2192	139	-1	79	-1
79	583	581	-15	2754	3305	205	78	-1
80	755	727	13	1582	2517	136	-1	81	-1
81	597	704	-13	1423	2211	114	80	-1
82	359	89	8	2434	3721	137	-1	83	-1
83	386	51	-8	1861	2850	223	82	-1
84	982	599	18	711	2062	101	-1	85	-1
85	960	587	-18	3608	4505	228	84	-1
86	469	133	8	797	1688	100	-1	87	-1
87	352	84	-8	2269	3510	121	86	-1
88	600	702	5	1319	2719	155	-1	89	-1
89	606	707	-5	3674	4313	212	88	-1
90	331	796	7	1357	2036	200	-1	91	-1
91	536	833	-7	2952	4392	167	90	-1
92	820	736	18	1403	2381	209	-1	93	-1
93	742	768	-18	3608	4817	235	92	-1
94	464	23	16	690	1475	189	-1	95	-1
95	351	90	-16	2863	4067	187	94	-1
96	624	699	10	1801	2473	177	-1	97	-1
97	757	642	-10	2372	2919	209	96	-1
98	348	87	18	2090	3259	173	-1	99	-1
99	351	91	-18	3382	4280	228	98	-1
100	946	608	10	1744	3147	126	-1	101	-1
101	732	737	-10	2554	3582	129	100	-1
102	743	739	20	2892	3985	196	-1	103	-1
103	596	781	-20	4239	4975	215	102	-1
104	348	87	17	2091	3229	207	-1	105	-1
105	450	11	-17	3730	4482	141	104	-1
106	281	740	7	2194	2865	176	-1	107	-1
107	275	743	-7	3152	3680	185	106	-1
108	740	740	20	348	1820	194	-1	109	-1
109	586	578	-20	503	1134	219	108	-1
110	481	16	9	1545	2155	204	-1	111	-1
111	464	20	-9	3071	4434	143	110	-1
112	539	524	13	119	1457	146	-1	113	-1
113	587	593	-13	93	844	105	112	-1
114	464	19	20	3490	4379	167	-1	115	-1
115	462	21	-20	3773	4606	135	114	-1
116	583	572	12	187	985	241	-1	117	-1
117	593	787	-12	2509	3098	235	116	-1
118	594	792	8	1350	1965	164	-1	119	-1
119	598	706	-8	2627	4004	162	118	-1
120	275	767	19	544	1903	159	-1	121	-1
121	531	652	-19	1877	3324	121	120	-1
122	643	827	12	1270	2699	117	-1	123	-1
123	740	739	-12	754	1892	156	122	-1
124	927	497	6	969	1718	245	-1	125	-1
125	970	602	-6	2449	3249	189	124	-1
126	960	589	16	530	1920	192	-1	127	-1
127	740	739	-16	3683	4406	218	126	-1
128	600	703	5	1607	2669	142	-1	129	-1
129	734	743	-5	3723	4886	153	128	-1
130	582	783	16	1885	3128	190	-1	131	-1
131	599	843	-16	1497	2622	171	130	-1
132	347	86	12	1836	3053	163	-1	133	-1
133	356	82	-12	1819	3177	110	132	-1
134	602	704	5	3785	4327	135	-1	135	-1
135	599	802	-5	3683	4603	246	134	-1
136	585	788	16	1126	2057	117	-1	137	-1
137	742	739	-16	944	1978	130	136	-1
138	583	704	13	2425	3836	178	-1	139	-1
139	618	480	-13	4152	4682	211	138	-1
140	738	733	10	2580	3974	189	-1	141	-1
141	972	592	-10	3050	3640	120	140	-1
142	816	4	17	2048	2557	202	-1	143	-1
143	922	109	-17	2080	2798	239	142	-1
144	615	477	17	80	1331	106	-1	145	-1
145	650	494	-17	1153	2314	242	144	-1
146	852	63	20	1195	2364	139	-1	147	-1
147	852	39	-20	3684	4389	248	146	-1
148	842	56	8	746	1351	144	-1	149	-1
149	853	54	-8	1757	2313	221	148	-1
150	331	665	9	1811	2711	247	-1	151	-1
151	579	795	-9	3251	4175	211	150	-1
152	349	90	8	2242	2873	141	-1	153	-1
153	464	20	-8	2074	3363	172	152	-1
154	611	773	9	2891	4182	185	-1	155	-1
155	585	577	-9	3979	4845	115	154	-1
156	435	42	12	1328	2720	198	-1	157	-1
157	396	99	-12	987	1929	220	156	-1
158	854	53	10	2199	3137	141	-1	159	-1
159	877	18	-10	1805	2940	164	158	-1
160	582	792	7	1730	3084	102	-1	161	-1
161	711	724	-7	3497	4368	154	160	-1
162	848	39	5	1474	2428	223	-1	163	-1
163	850	46	-5	3216	4073	199	162	-1
164	823	48	6	50	1350	139	-1	165	-1
165	898	23	-6	2570	4058	174	164	-1
166	981	578	9	2220	3450	151	-1	167	-1
167	979	679	-9	2863	3530	234	166	-1
168	603	693	8	2281	3089	200	-1	169	-1
169	618	480	-8	3369	4802	229	168	-1
170	794	707	20	205	1140	116	-1	171	-1
171	737	736	-20	2858	4084	234	170	-1
172	643	454	16	1834	2642	192	-1	173	-1
173	598	476	-16	2575	4048	122	172	-1
174	589	790	10	172	1478	102	-1	175	-1
175	581	703	-10	2958	4432	215	174	-1
176	594	777	17	3501	4702	237	-1	177	-1
177	630	788	-17	3665	4589	131	176	-1
178	620	484	12	454	1356	141	-1	179	-1
179	605	711	-12	2591	3819	164	178	-1
180	605	694	6	1203	2134	129	-1	181	-1
181	741	739	-6	3260	4450	218	180	-1
182	571	568	14	3217	3958	245	-1	183	-1
183	615	679	-14	4074	4583	237	182	-1
184	611	777	19	2205	3081	153	-1	185	-1
185	599	709	-19	3372	4649	197	184	-1
186	601	703	10	1572	2811	135	-1	187	-1
187	587	785	-10	2807	4041	123	186	-1
188	369	182	17	2025	2962	118	-1	189	-1
189	300	57	-17	2373	3552	245	188	-1
190	976	670	6	1528	2532	240	-1	191	-1
191	935	578	-6	1107	2168	247	190	-1
192	587	701	9	2308	3790	234	-1	193	-1
193	610	716	-9	3382	4549	164	192	-1
194	873	89	18	869	2101	213	-1	195	-1
195	782	17	-18	2652	3456	124	194	-1
196	610	706	17	433	1561	223	-1	197	-1
197	586	578	-17	1345	2461	239	196	-1
198	962	588	18	2027	3444	149	-1	199	-1
199	903	518	-18	1868	3084	193	198	-1
200	853	53	9	1325	2705	111	-1	201	-1
201	852	53	-9	3510	4764	248	200	-1
202	769	719	15	2907	3893	216	-1	203	-1
203	969	577	-15	2869	3885	177	202	-1
204	960	589	6	1943	3081	207	-1	205	-1
205	960	589	-6	3101	4372	185	204	-1
206	348	87	9	1586	2717	102	-1	207	-1
207	433	27	-9	1708	3175	239	206	-1
208	344	84	15	3035	3885	240	-1	209	-1
209	478	39	-15	3711	4731	134	208	-1
210	351	108	12	2876	3913	183	-1	211	-1
211	469	49	-12	3583	4998	185	210	-1
212	595	777	10	2321	3367	167	-1	213	-1
213	586	578	-10	3110	3667	124	212	-1
214	463	27	6	702	1419	146	-1	215	-1
215	387	66	-6	3426	4902	108	214	-1
216	481	16	7	1192	2570	142	-1	217	-1
217	356	71	-7	2084	3169	213	216	-1
218	852	51	18	2553	3583	199	-1	219	-1
219	868	5	-18	3141	4515	167	218	-1
220	574	789	5	2635	3873	112	-1	221	-1
221	331	737	-5	3480	4737	172	220	-1
222	348	86	15	1918	3192	178	-1	223	-1
223	463	12	-15	2658	3556	174	222	-1
224	280	744	5	3683	4266	242	-1	225	-1
225	339	785	-5	3526	4335	171	224	-1
226	740	754	8	1429	2634	146	-1	227	-1
227	592	778	-8	566	1909	166	226	-1
228	728	750	15	1905	2811	158	-1	229	-1
229	572	609	-15	3695	4814	127	228	-1
230	961	584	11	286	1445	246	-1	231	-1
231	740	739	-11	239	1722	135	230	-1
232	612	482	7	199	1153	240	-1	233	-1
233	632	479	-7	1567	2632	163	232	-1
234	587	705	14	784	2064	211	-1	235	-1
235	580	580	-14	2552	3465	195	234	-1
236	958	588	8	2267	2791	181	-1	237	-1
237	959	590	-8	2932	3493	218	236	-1
238	842	36	18	2026	2647	157	-1	239	-1
239	846	62	-18	3227	4292	151	238	-1
240	619	476	15	363	1339	225	-1	241	-1
241	583	577	-15	3947	4849	108	240	-1
242	596	705	17	1429	2585	234	-1	243	-1
243	659	605	-17	1575	2475	127	242	-1
244	488	11	17	1033	2319	213	-1	245	-1
245	312	18	-17	3265	4567	171	244	-1
246	967	591	6	3191	4681	105	-1	247	-1
247	742	743	-6	3330	4256	124	246	-1
248	968	582	5	192	1607	227	-1	249	-1
249	960	589	-5	478	981	231	248	-1
250	464	18	14	2617	3511	131	-1	251	-1
251	345	84	-14	3391	4746	164	250	-1
252	881	52	13	1302	2438	117	-1	253	-1
253	862	83	-13	2831	4329	118	252	-1
254	294	751	7	2678	3254	178	-1	255	-1
255	309	769	-7	3053	3593	107	254	-1
256	625	504	7	3433	4283	202	-1	257	-1
257	549	692	-7	3228	4150	112	256	-1
258	864	62	16	3235	4429	246	-1	259	-1
259	815	59	-16	3431	4835	193	258	-1
260	587	580	7	889	2322	215	-1	261	-1
261	612	622	-7	3097	3691	206	260	-1
262	561	587	7	656	1623	160	-1	263	-1
263	602	799	-7	2687	3930	183	262	-1
264	977	621	14	1251	2422	124	-1	265	-1
265	959	583	-14	2824	3426	165	264	-1
266	466	28	9	79	784	187	-1	267	-1
267	333	87	-9	805	1804	106	266	-1
268	289	744	8	1781	3237	153	-1	269	-1
269	277	745	-8	1247	2385	207	268	-1
270	590	580	20	2524	3273	167	-1	271	-1
271	602	558	-20	2899	3446	146	270	-1
272	848	44	6	1083	2354	114	-1	273	-1
273	854	53	-6	1257	1952	226	272	-1
274	601	703	19	466	1456	171	-1	275	-1
275	588	767	-19	233	1517	167	274	-1
276	584	789	12	866	2360	207	-1	277	-1
277	510	553	-12	1173	1840	139	276	-1
278	584	782	9	2402	3107	236	-1	279	-1
279	685	712	-9	2877	4339	239	278	-1
280	600	700	10	2091	3129	123	-1	281	-1
281	600	703	-10	2214	3496	231	280	-1
282	740	739	19	3	1473	121	-1	283	-1
283	585	787	-19	2176	3012	125	282	-1
284	581	588	11	57	638	101	-1	285	-1
285	601	705	-11	4333	4886	108	284	-1
286	276	742	14	1308	2272	139	-1	287	-1
287	273	753	-14	1294	2004	138	286	-1
288	605	756	7	68	949	161	-1	289	-1
289	829	590	-7	794	1539	227	288	-1
290	618	480	13	3352	4765	168	-1	291	-1
291	715	733	-13	3317	4178	172	290	-1
292	419	26	10	688	2136	205	-1	293	-1
293	462	19	-10	501	1740	112	292	-1
294	999	618	10	882	1686	149	-1	295	-1
295	963	591	-10	1574	2574	140	294	-1
296	858	59	17	2374	3103	135	-1	297	-1
297	854	54	-17	2395	3745	153	296	-1
298	282	749	12	789	1487	102	-1	299	-1
299	283	759	-12	166	1586	133	298	-1
300	584	787	18	816	2067	123	-1	301	-1
301	744	770	-18	1601	3030	199	300	-1
302	583	783	15	1924	3304	203	-1	303	-1
303	673	773	-15	3922	4821	209	302	-1
304	612	642	6	34	933	211	-1	305	-1
305	600	703	-6	2951	3476	206	304	-1
306	586	718	17	1457	2707	225	-1	307	-1
307	581	803	-17	1769	3237	231	306	-1
308	852	57	12	2069	3057	186	-1	309	-1
309	846	91	-12	4135	4916	103	308	-1
310	626	767	15	1965	3179	215	-1	311	-1
311	586	791	-15	1480	2609	213	310	-1
312	759	732	16	320	1169	242	-1	313	-1
313	599	703	-16	163	1345	204	312	-1
314	586	787	13	677	1525	177	-1	315	-1
315	633	707	-13	1480	2644	237	314	-1
316	347	88	19	48	661	105	-1	317	-1
317	357	111	-19	1157	1862	229	316	-1
318	579	795	9	1128	1890	173	-1	319	-1
319	580	582	-9	3056	4477	144	318	-1
320	542	573	16	785	1702	213	-1	321	-1
321	606	461	-16	699	1649	173	320	-1
322	474	18	8	747	1842	238	-1	323	-1
323	383	98	-8	3999	4823	116	322	-1
324	586	787	9	396	1069	169	-1	325	-1
325	584	581	-9	1160	2349	155	324	-1
326	853	53	17	27	643	132	-1	327	-1
327	848	19	-17	2869	4262	161	326	-1
328	599	705	5	4159	4913	136	-1	329	-1
329	610	783	-5	4350	4960	235	328	-1
330	925	594	7	293	922	203	-1	331	-1
331	934	560	-7	3351	4714	173	330	-1
332	599	544	10	2260	3644	219	-1	333	-1
333	600	702	-10	1514	2921	127	332	-1
334	401	61	17	3058	3685	173	-1	335	-1
335	341	83	-17	3221	4531	202	334	-1
336	736	727	5	2758	3507	119	-1	337	-1
337	594	561	-5	2723	3584	134	336	-1
338	953	641	19	290	1072	173	-1	339	-1
339	960	584	-19	3042	4014	180	338	-1
340	333	70	9	1546	2132	218	-1	341	-1
341	349	88	-9	1984	2866	165	340	-1
342	603	703	16	2980	4023	244	-1	343	-1
343	572	577	-16	3397	4105	103	342	-1
344	632	746	17	138	1472	224	-1	345	-1
345	594	796	-17	2722	4061	198	344	-1
346	430	95	10	3711	4776	116	-1	347	-1
347	342	102	-10	3349	4597	171	346	-1
348	839	15	15	84	1318	204	-1	349	-1
349	853	53	-15	1009	1692	146	348	-1
350	588	577	7	1038	2241	175	-1	351	-1
351	535	666	-7	3164	4296	135	350	-1
352	555	699	7	408	1743	221	-1	353	-1
353	599	659	-7	3672	4363	158	352	-1
354	464	20	19	1667	2195	169	-1	355	-1
355	348	87	-19	1782	2435	234	354	-1
356	903	46	15	1316	2173	101	-1	357	-1
357	846	34	-15	2526	3539	154	356	-1
358	488	31	17	2713	4030	210	-1	359	-1
359	440	4	-17	3185	4285	138	358	-1
360	730	714	19	795	1926	171	-1	361	-1
361	581	594	-19	641	1331	136	360	-1
362	591	780	15	414	1891	203	-1	363	-1
363	507	622	-15	3299	4325	231	362	-1
364	739	722	14	863	2047	152	-1	365	-1
365	745	653	-14	1285	2040	118	364	-1
366	739	739	8	1954	3023	167	-1	367	-1
367	604	589	-8	2728	4224	114	366	-1
368	742	739	7	776	1609	135	-1	369	-1
369	952	568	-7	2934	3558	128	368	-1
370	558	736	16	3196	4448	198	-1	371	-1
371	575	807	-16	3038	4327	180	370	-1
372	574	780	10	1056	2446	246	-1	373	-1
373	600	696	-10	2742	4098	106	372	-1
374	595	821	10	1440	2702	192	-1	375	-1
375	628	842	-10	3757	4568	127	374	-1
376	464	22	14	182	854	217	-1	377	-1
377	451	28	-14	151	763	119	376	-1
378	300	67	12	2201	2893	164	-1	379	-1
379	262	161	-12	3757	4932	164	378	-1
380	573	568	10	906	1623	104	-1	381	-1
381	586	583	-10	755	1528	184	380	-1
382	585	568	8	1144	1707	120	-1	383	-1
383	612	499	-8	2570	3827	104	382	-1
384	849	49	11	65	773	220	-1	385	-1
385	852	52	-11	3322	4352	133	384	-1
386	961	590	12	1485	2581	153	-1	387	-1
387	963	597	-12	2645	4091	183	386	-1
388	976	583	12	2361	3217	232	-1	389	-1
389	741	739	-12	2635	3398	101	388	-1
390	586	789	18	2056	3000	144	-1	391	-1
391	686	739	-18	4123	4776	134	390	-1
392	365	81	13	2329	3406	119	-1	393	-1
393	441	7	-13	3015	4208	184	392	-1
394	977	553	6	646	1806	193	-1	395	-1
395	830	737	-6	2162	2764	248	394	-1
396	932	581	13	718	1645	186	-1	397	-1
397	943	582	-13	3233	4385	205	396	-1
398	693	719	18	886	2180	125	-1	399	-1
399	593	580	-18	99	1584	162	398	-1
400	587	578	10	1182	2575	240	-1	401	-1
401	735	737	-10	1006	2034	156	400	-1
402	592	778	9	1147	1774	200	-1	403	-1
403	760	749	-9	3468	4376	206	402	-1
404	452	7	16	504	1302	161	-1	405	-1
405	348	87	-16	1894	2927	188	404	-1
406	337	731	20	788	1582	226	-1	407	-1
407	585	788	-20	1493	2531	135	406	-1
408	739	750	11	1831	2583	181	-1	409	-1
409	959	589	-11	1853	2776	216	408	-1
410	586	579	7	1158	1924	249	-1	411	-1
411	740	739	-7	3090	4420	211	410	-1
412	594	793	8	1181	2037	109	-1	413	-1
413	598	703	-8	1720	2421	188	412	-1
414	760	688	18	332	1214	120	-1	415	-1
415	600	702	-18	3922	4813	215	414	-1
416	586	578	18	1232	2309	223	-1	417	-1
417	582	575	-18	2291	3315	222	416	-1
418	965	598	11	1892	3060	120	-1	419	-1
419	961	589	-11	1251	2540	221	418	-1
420	588	477	7	931	2298	161	-1	421	-1
421	600	702	-7	2107	3533	105	420	-1
422	874	8	11	1232	2420	226	-1	423	-1
423	865	54	-11	419	1780	246	422	-1
424	501	19	7	415	1223	196	-1	425	-1
425	468	47	-7	344	1622	135	424	-1
426	466	46	14	228	766	166	-1	427	-1
427	541	59	-14	2228	3221	176	426	-1
428	587	578	18	3302	4130	197	-1	429	-1
429	618	472	-18	3315	4769	118	428	-1
430	464	20	7	579	2075	204	-1	431	-1
431	347	88	-7	1609	2951	214	430	-1
432	600	767	7	1678	2985	124	-1	433	-1
433	586	578	-7	1868	3260	103	432	-1
434	279	696	10	790	1834	106	-1	435	-1
435	292	733	-10	2268	3039	154	434	-1
436	861	60	15	1222	2596	174	-1	437	-1
437	866	45	-15	1429	2370	165	436	-1
438	373	71	8	1308	1908	223	-1	439	-1
439	348	87	-8	1105	1710	134	438	-1
440	858	49	6	330	1772	132	-1	441	-1
441	852	53	-6	693	1860	225	440	-1
442	348	86	5	362	1444	126	-1	443	-1
443	346	91	-5	3451	4396	114	442	-1
444	470	1	19	2327	3321	190	-1	445	-1
445	383	81	-19	2041	3289	213	444	-1
446	609	696	7	333	1450	202	-1	447	-1
447	582	787	-7	2463	3432	220	446	-1
448	538	532	11	2488	3926	101	-1	449	-1
449	600	703	-11	2369	3576	183	448	-1
450	659	703	15	2476	3833	174	-1	451	-1
451	597	593	-15	2776	4164	209	450	-1
452	600	704	15	247	1276	162	-1	453	-1
453	578	678	-15	1321	2793	188	452	-1
454	827	15	14	1345	2575	187	-1	455	-1
455	868	97	-14	3248	4199	169	454	-1
456	635	784	9	1322	2410	235	-1	457	-1
457	624	692	-9	1429	2730	245	456	-1
458	595	790	6	2738	3622	216	-1	459	-1
459	583	582	-6	2870	3970	167	458	-1
460	330	59	18	850	1627	234	-1	461	-1
461	305	29	-18	540	1492	172	460	-1
462	253	717	5	1138	1890	118	-1	463	-1
463	313	745	-5	554	1638	149	462	-1
464	836	78	11	369	1232	142	-1	465	-1
465	829	42	-11	3667	4847	166	464	-1
466	740	739	6	643	1715	232	-1	467	-1
467	740	738	-6	1989	3027	179	466	-1
468	599	891	6	1118	2131	113	-1	469	-1
469	747	743	-6	3596	4825	202	468	-1
470	706	478	14	6	1268	245	-1	471	-1
471	600	703	-14	4318	4900	204	470	-1
472	299	695	13	996	2330	179	-1	473	-1
473	525	768	-13	1494	2164	227	472	-1
474	585	788	18	2890	3533	233	-1	475	-1
475	608	704	-18	3071	3855	130	474	-1
476	278	754	6	755	1544	125	-1	477	-1
477	282	744	-6	2437	3144	223	476	-1
478	743	738	13	480	1728	171	-1	479	-1
479	791	780	-13	1152	2474	207	478	-1
480	585	479	18	2779	3301	244	-1	481	-1
481	594	696	-18	3750	4514	224	480	-1
482	611	693	16	3404	4281	243	-1	483	-1
483	544	526	-16	3623	4212	211	482	-1
484	344	128	11	2782	3340	193	-1	485	-1
485	323	117	-11	2771	3599	242	484	-1
486	589	575	14	95	922	195	-1	487	-1
487	499	792	-14	2342	3563	197	486	-1
488	322	67	18	261	797	200	-1	489	-1
489	463	13	-18	513	1537	183	488	-1
490	455	21	12	945	1963	247	-1	491	-1
491	349	86	-12	897	2292	103	490	-1
492	856	57	9	401	1636	196	-1	493	-1
493	853	143	-9	1097	2221	233	492	-1
494	466	23	8	1335	2592	182	-1	495	-1
495	484	28	-8	950	2432	177	494	-1
496	882	19	10	647	1609	135	-1	497	-1
497	852	50	-10	1124	2593	176	496	-1
498	940	605	7	749	1292	190	-1	499	-1
499	735	742	-7	727	1725	101	498	-1
0	450	797	450	797	50	0	5000
1	774	500	774	500	50	0	5000
2	795	359	795	359	50	0	5000
3	380	255	380	255	50	0	5000
4	480	715	480	715	50	0	5000
5	450	797	450	797	50	0	5000
6	774	500	774	500	50	0	5000
7	795	359	795	359	50	0	5000
8	380	255	380	255	50	0	5000
9	480	715	480	715	50	0	5000
10	450	797	450	797	50	0	5000
11	774	500	774	500	50	0	5000
12	795	359	795	359	50	0	5000
13	380	255	380	255	50	0	5000
14	480	715	480	715	50	0	5000
15	450	797	450	797	50	0	5000
16	774	500	774	500	50	0	5000
17	795	359	795	359	50	0	5000
18	380	255	380	255	50	0	5000
19	480	715	480	715	50	0	5000
20	450	797	450	797	50	0	5000
21	774	500	774	500	50	0	5000
22	795	359	795	359	50	0	5000
23	380	255	380	255	50	0	5000
24	480	715	480	715	50	0	5000
25	450	797	450	797	50	0	5000
26	774	500	774	500	50	0	5000
27	795	359	795	359	50	0	5000
28	380	255	380	255	50	0	5000
29	480	715	480	715	50	0	5000
30	450	797	450	797	50	0	5000
31	774	500	774	500	50	0	5000
32	795	359	795	359	50	0	5000
33	380	255	380	255	50	0	5000
34	480	715	480	715	50	0	5000
35	450	797	450	797	50	0	5000
36	774	500	774	500	50	0	5000
37	795	359	795	359	50	0	5000
38	380	255	380	255	50	0	5000
39	480	715	480	715	50	0	5000
40	450	797	450	797	50	0	5000
41	774	500	774	500	50	0	5000
42	795	359	795	359	50	0	5000
43	380	255	380	255	50	0	5000
44	480	715	480	715	50	0	5000
45	450	797	450	797	50	0	5000
46	774	500	774	500	50	0	5000
47	795	359	795	359	50	0	5000
48	380	255	380	255	50	0	5000
49	480	715	480	715	50	0	5000
50	450	797	450	797	50	0	5000
51	774	500	774	500	50	0	5000
52	795	359	795	359	50	0	5000
53	380	255	380	255	50	0	5000
54	480	715	480	715	50	0	5000
55	450	797	450	797	50	0	5000
56	774	500	774	500	50	0	5000
57	795	359	795	359	50	0	5000
58	380	255	380	255	50	0	5000
59	480	715	480	715	50	0	5000
60	450	797	450	797	50	0	5000
61	774	500	774	500	50	0	5000
62	795	359	795	359	50	0	5000
63	380	255	380	255	50	0	5000
64	480	715	480	715	50	0	5000
65	450	797	450	797	50	0	5000
66	774	500	774	500	50	0	5000
67	795	359	795	359	50	0	5000
68	380	255	380	255	50	0	5000
69	480	715	480	715	50	0	5000
70	450	797	450	797	50	0	5000
71	774	500	774	500	50	0	5000
72	795	359	795	359	50	0	5000
73	380	255	380	255	50	0	5000
74	480	715	480	715	50	0	5000
