100	30	1	1	100000
0	566	425	18	479	1415	209	-1	1	-1
1	574	368	-18	2793	4147	134	0	-1
2	511	219	5	902	1753	185	-1	3	-1
3	649	271	-5	3022	4336	103	2	-1
4	884	434	9	2437	3634	158	-1	5	-1
5	925	489	-9	2414	3143	187	4	-1
6	753	70	13	474	1902	246	-1	7	-1
7	939	126	-13	3148	3972	185	6	-1
8	301	928	14	2666	3949	194	-1	9	-1
9	178	864	-14	2570	3367	205	8	-1
10	285	444	16	420	1639	168	-1	11	-1
11	385	689	-16	458	1316	128	10	-1
12	341	228	8	1180	2299	146	-1	13	-1
13	586	283	-8	2670	3525	243	12	-1
14	770	658	5	1942	3184	249	-1	15	-1
15	843	699	-5	1737	2416	120	14	-1
16	504	820	6	2789	3653	231	-1	17	-1
17	407	895	-6	2875	4108	113	16	-1
18	387	681	6	147	870	117	-1	19	-1
19	511	648	-6	1598	2910	122	18	-1
20	926	539	9	2707	3515	218	-1	21	-1
21	753	350	-9	2349	3375	184	20	-1
22	275	436	10	855	2213	100	-1	23	-1
23	52	351	-10	2650	4135	213	22	-1
24	306	297	6	2269	3545	221	-1	25	-1
25	383	279	-6	3223	4524	186	24	-1
26	372	268	6	293	1771	124	-1	27	-1
27	600	415	-6	3722	4595	238	26	-1
28	559	419	19	912	2382	157	-1	29	-1
29	379	279	-19	996	2278	233	28	-1
30	313	330	7	2494	3779	216	-1	31	-1
31	558	420	-7	3894	4490	216	30	-1
32	217	595	16	1892	2849	227	-1	33	-1
33	272	815	-16	1646	2678	191	32	-1
34	52	765	6	3004	4229	100	-1	35	-1
35	214	616	-6	3938	4970	162	34	-1
36	223	795	14	1984	3274	199	-1	37	-1
37	482	833	-14	2480	3015	211	36	-1
38	927	512	16	3748	4588	239	-1	39	-1
39	710	584	-16	3947	4767	237	38	-1
40	334	888	7	2198	3346	190	-1	41	-1
41	498	854	-7	2095	2945	225	40	-1
42	233	294	16	2403	2903	166	-1	43	-1
43	376	278	-16	3449	4585	225	42	-1
44	833	539	8	587	1332	179	-1	45	-1
45	978	536	-8	220	1496	146	44	-1
46	923	683	6	1549	2617	138	-1	47	-1
47	755	569	-6	1376	2528	156	46	-1
48	353	222	14	1035	1861	203	-1	49	-1
49	349	260	-14	751	2041	179	48	-1
50	574	395	5	1927	2863	168	-1	51	-1
51	574	220	-5	2414	3604	169	50	-1
52	571	647	14	537	1939	150	-1	53	-1
53	524	411	-14	3295	4145	199	52	-1
54	859	407	10	2652	3449	179	-1	55	-1
55	926	489	-10	3019	3607	163	54	-1
56	115	531	5	232	767	166	-1	57	-1
57	52	322	-5	1977	2678	122	56	-1
58	981	776	6	2744	3623	120	-1	59	-1
59	942	775	-6	3287	4385	144	58	-1
60	187	833	9	758	2080	205	-1	61	-1
61	21	628	-9	1449	2244	118	60	-1
62	148	657	11	3124	4363	156	-1	63	-1
63	206	844	-11	3237	4411	243	62	-1
64	509	597	20	677	1364	182	-1	65	-1
65	556	422	-20	2419	3031	184	64	-1
66	208	585	7	3084	4392	174	-1	67	-1
67	232	562	-7	3609	4831	204	66	-1
68	58	769	13	357	1810	191	-1	69	-1
69	237	838	-13	2660	3394	248	68	-1
70	417	225	10	837	1740	168	-1	71	-1
71	386	34	-10	1679	2911	169	70	-1
72	653	339	14	269	1694	132	-1	73	-1
73	799	217	-14	1597	2318	111	72	-1
74	921	491	18	2575	3585	107	-1	75	-1
75	726	416	-18	2838	4320	141	74	-1
76	104	848	12	2434	3067	228	-1	77	-1
77	175	831	-12	2743	3598	169	76	-1
78	920	475	13	1729	2693	165	-1	79	-1
79	749	474	-13	2054	2694	241	78	-1
80	230	902	18	1971	3102	141	-1	81	-1
81	171	826	-18	3401	4203	116	80	-1
82	364	284	17	2126	3247	136	-1	83	-1
83	480	103	-17	1732	2977	202	82	-1
84	176	832	10	3231	4384	157	-1	85	-1
85	214	583	-10	3844	4792	196	84	-1
86	293	890	6	1759	2275	197	-1	87	-1
87	175	836	-6	897	2372	198	86	-1
88	231	73	15	2632	3628	219	-1	89	-1
89	389	274	-15	2970	4137	160	88	-1
90	905	866	11	1682	2662	204	-1	91	-1
91	927	586	-11	2469	3404	142	90	-1
92	471	896	8	197	792	185	-1	93	-1
93	488	875	-8	2426	2991	140	92	-1
94	94	752	19	1491	2265	210	-1	95	-1
95	265	800	-19	1067	2188	168	94	-1
96	351	231	8	162	802	174	-1	97	-1
97	108	368	-8	2990	4332	109	96	-1
98	383	569	15	2490	3982	110	-1	99	-1
99	355	799	-15	2405	3589	147	98	-1
100	371	280	19	1578	2461	149	-1	101	-1
101	375	183	-19	2816	4119	105	100	-1
102	272	22	12	8	1126	150	-1	103	-1
103	432	206	-12	944	1874	178	102	-1
104	934	797	16	41	837	147	-1	105	-1
105	890	603	-16	1170	2300	145	104	-1
106	392	290	8	2505	3930	142	-1	107	-1
107	634	242	-8	2607	3342	227	106	-1
108	250	841	5	151	1471	100	-1	109	-1
109	238	645	-5	379	895	235	108	-1
110	220	801	19	45	713	181	-1	111	-1
111	498	853	-19	360	899	216	110	-1
112	952	425	7	1316	1973	233	-1	113	-1
113	744	383	-7	1232	2196	185	112	-1
114	8	795	7	3711	4919	134	-1	115	-1
115	234	842	-7	3672	4312	181	114	-1
116	371	298	7	961	1772	159	-1	117	-1
117	374	279	-7	437	1568	115	116	-1
118	385	292	12	1208	2272	110	-1	119	-1
119	572	409	-12	2199	3640	126	118	-1
120	496	807	6	1867	3091	189	-1	121	-1
121	237	838	-6	3484	4440	220	120	-1
122	930	796	14	215	1053	219	-1	123	-1
123	928	792	-14	638	1388	201	122	-1
124	106	233	12	3536	4983	102	-1	125	-1
125	380	283	-12	3755	4486	211	124	-1
126	107	719	18	182	1388	245	-1	127	-1
127	208	585	-18	2545	3288	166	126	-1
128	26	756	16	2582	3416	123	-1	129	-1
129	186	812	-16	2929	4272	149	128	-1
130	225	791	15	1369	2830	156	-1	131	-1
131	112	568	-15	2784	3935	165	130	-1
132	568	656	8	1109	2460	193	-1	133	-1
133	496	856	-8	836	2142	149	132	-1
134	432	268	5	430	1063	138	-1	135	-1
135	554	418	-5	2736	3805	181	134	-1
136	26	50	19	1783	2541	171	-1	137	-1
137	98	201	-19	3594	4355	159	136	-1
138	221	840	6	721	1348	151	-1	139	-1
139	237	838	-6	1440	1994	159	138	-1
140	337	303	12	2927	4130	137	-1	141	-1
141	340	325	-12	3242	4736	122	140	-1
142	375	277	11	1248	2662	152	-1	143	-1
143	558	424	-11	772	1859	169	142	-1
144	92	806	18	527	2009	211	-1	145	-1
145	43	677	-18	1542	2403	194	144	-1
146	510	584	8	1438	2391	182	-1	147	-1
147	623	644	-8	1849	2551	100	146	-1
148	933	797	19	1065	2063	121	-1	149	-1
149	659	833	-19	1177	1760	238	148	-1
150	492	846	18	1597	2981	197	-1	151	-1
151	303	671	-18	2500	3506	187	150	-1
152	505	353	12	2793	3889	194	-1	153	-1
153	375	273	-12	2670	4104	209	152	-1
154	655	391	10	342	900	221	-1	155	-1
155	649	666	-10	157	1174	211	154	-1
156	271	379	13	3403	4570	106	-1	157	-1
157	266	314	-13	3919	4902	242	156	-1
158	923	168	8	1312	2413	240	-1	159	-1
159	850	56	-8	3464	4882	221	158	-1
160	996	279	10	1102	1744	248	-1	161	-1
161	994	419	-10	3505	4331	111	160	-1
162	336	266	18	431	1919	179	-1	163	-1
163	563	246	-18	1840	3278	191	162	-1
164	340	229	6	926	2319	193	-1	165	-1
165	392	282	-6	3393	4312	227	164	-1
166	946	178	10	409	1441	185	-1	167	-1
167	921	343	-10	653	2151	145	166	-1
168	854	859	7	3523	4453	219	-1	169	-1
169	796	942	-7	3229	4568	238	168	-1
170	198	890	9	2430	3120	239	-1	171	-1
171	271	793	-9	2749	3564	127	170	-1
172	955	407	7	654	1436	122	-1	173	-1
173	925	489	-7	2593	3187	168	172	-1
174	562	863	8	821	1471	128	-1	175	-1
175	612	635	-8	2957	4199	215	174	-1
176	498	857	7	3453	4634	155	-1	177	-1
177	435	977	-7	3705	4474	135	176	-1
178	926	797	14	151	845	103	-1	179	-1
179	952	625	-14	1006	1974	101	178	-1
180	229	511	20	1115	2478	181	-1	181	-1
181	173	245	-20	403	1746	135	180	-1
182	264	704	10	1230	2271	249	-1	183	-1
183	213	591	-10	4440	4958	215	182	-1
184	347	232	16	1210	1901	176	-1	185	-1
185	240	168	-16	3681	4326	168	184	-1
186	345	258	12	901	2388	207	-1	187	-1
187	376	278	-12	580	1390	120	186	-1
188	919	503	6	2421	3292	222	-1	189	-1
189	870	576	-6	3433	4509	136	188	-1
190	944	514	18	2923	3618	106	-1	191	-1
191	923	373	-18	3670	4557	158	190	-1
192	573	678	13	2384	3238	130	-1	193	-1
193	368	758	-13	2290	3351	149	192	-1
194	667	521	6	697	1486	157	-1	195	-1
195	445	437	-6	9	1361	143	194	-1
196	487	846	8	1747	2692	199	-1	197	-1
197	493	888	-8	4128	4876	228	196	-1
198	514	846	15	1124	2209	133	-1	199	-1
199	241	838	-15	2644	3297	115	198	-1
0	934	40	672	294	50	0	5000
1	877	102	879	39	50	0	5000
2	208	951	319	805	50	0	5000
3	671	267	973	427	50	0	5000
4	896	196	976	337	50	0	5000
5	173	615	441	617	50	0	5000
6	308	441	210	763	50	0	5000
7	807	96	955	25	50	0	5000
8	805	509	732	390	50	0	5000
9	385	287	696	160	50	0	5000
10	855	711	966	569	50	0	5000
11	58	177	68	237	50	0	5000
12	470	886	839	876	50	0	5000
13	856	621	902	306	50	0	5000
14	316	733	381	563	50	0	5000
15	702	662	558	974	50	0	5000
16	392	324	314	336	50	0	5000
17	270	163	132	91	50	0	5000
18	451	609	511	779	50	0	5000
19	949	502	635	372	50	0	5000
20	637	479	636	296	50	0	5000
21	549	826	627	764	50	0	5000
22	874	751	535	903	50	0	5000
23	674	760	838	899	50	0	5000
24	992	161	793	519	50	0	5000
25	69	692	353	538	50	0	5000
26	353	136	463	498	50	0	5000
27	652	417	565	171	50	0	5000
28	275	111	279	126	50	0	5000
29	374	32	264	269	50	0	5000
