100	30	1	1	100000
0	506	858	13	2710	3953	153	-1	1	-1
1	580	771	-13	3812	4789	211	0	-1
2	728	671	8	344	1687	195	-1	3	-1
3	564	769	-8	1386	2506	183	2	-1
4	504	872	12	1219	2232	206	-1	5	-1
5	526	874	-12	3535	4468	102	4	-1
6	928	34	18	457	1064	154	-1	7	-1
7	976	201	-18	2076	3490	153	6	-1
8	176	522	18	1908	2431	126	-1	9	-1
9	345	430	-18	3263	4263	175	8	-1
10	40	496	9	2215	3155	158	-1	11	-1
11	163	442	-9	1706	3157	129	10	-1
12	427	741	19	2515	3720	116	-1	13	-1
13	252	735	-19	3097	3975	110	12	-1
14	229	438	6	857	1685	139	-1	15	-1
15	197	438	-6	3978	4960	120	14	-1
16	21	276	13	579	1550	121	-1	17	-1
17	204	406	-13	2459	3530	238	16	-1
18	488	403	10	884	2059	224	-1	19	-1
19	659	191	-10	2265	2800	196	18	-1
20	861	730	12	1070	1977	237	-1	21	-1
21	990	651	-12	1493	2281	169	20	-1
22	633	181	14	2493	3259	202	-1	23	-1
23	726	439	-14	2646	3544	136	22	-1
24	156	840	18	724	1934	156	-1	25	-1
25	34	998	-18	712	1881	144	24	-1
26	302	204	8	3085	3613	133	-1	27	-1
27	142	233	-8	3994	4808	165	26	-1
28	996	606	15	2623	3356	113	-1	29	-1
29	834	737	-15	2422	3737	197	28	-1
30	210	401	9	1811	3216	155	-1	31	-1
31	232	426	-9	3518	4390	244	30	-1
32	5	270	7	2073	2815	102	-1	33	-1
33	226	414	-7	3675	4310	184	32	-1
34	479	426	8	3442	4340	157	-1	35	-1
35	239	389	-8	3086	4252	241	34	-1
36	611	197	13	2566	3342	246	-1	37	-1
37	792	285	-13	3334	4564	174	36	-1
38	577	783	19	3222	4257	237	-1	39	-1
39	844	762	-19	3401	3966	101	38	-1
40	22	276	16	1824	2557	203	-1	41	-1
41	217	401	-16	3242	4575	123	40	-1
42	114	852	18	2339	3388	125	-1	43	-1
43	155	838	-18	2991	3671	110	42	-1
44	244	763	5	4019	4723	187	-1	45	-1
45	506	858	-5	3403	4734	130	44	-1
46	343	431	17	3446	4001	134	-1	47	-1
47	418	665	-17	3870	4712	148	46	-1
48	941	224	20	2119	2933	137	-1	49	-1
49	726	264	-20	3472	4376	157	48	-1
50	159	830	6	1327	2550	135	-1	51	-1
51	21	720	-6	1662	2338	153	50	-1
52	27	340	10	2575	3443	241	-1	53	-1
53	233	435	-10	3302	4787	242	52	-1
54	155	839	11	997	1681	131	-1	55	-1
55	171	830	-11	1948	3001	156	54	-1
56	431	829	15	784	1828	120	-1	57	-1
57	614	735	-15	2342	2844	197	56	-1
58	506	859	14	1593	2149	150	-1	59	-1
59	405	733	-14	4216	4834	130	58	-1
60	945	196	12	379	1429	177	-1	61	-1
61	965	403	-12	2674	3514	162	60	-1
62	311	395	17	2624	4038	215	-1	63	-1
63	340	391	-17	3916	4754	186	62	-1
64	155	839	9	663	1903	164	-1	65	-1
65	149	834	-9	3828	4869	158	64	-1
66	233	435	6	2981	3892	213	-1	67	-1
67	232	435	-6	2528	3871	141	66	-1
68	938	18	14	996	2107	249	-1	69	-1
69	806	264	-14	1012	1661	123	68	-1
70	575	768	13	2135	3234	110	-1	71	-1
71	361	763	-13	3213	4172	189	70	-1
72	859	719	19	2457	3788	178	-1	73	-1
73	827	737	-19	3475	4095	144	72	-1
74	803	733	20	1045	2376	202	-1	75	-1
75	817	778	-20	2740	3660	156	74	-1
76	777	107	8	1696	2406	116	-1	77	-1
77	800	291	-8	850	2223	138	76	-1
78	621	381	16	3944	4730	193	-1	79	-1
79	696	236	-16	3126	4519	174	78	-1
80	833	735	8	973	1714	108	-1	81	-1
81	771	733	-8	2793	3720	181	80	-1
82	923	558	18	1148	1887	146	-1	83	-1
83	799	543	-18	1435	2424	147	82	-1
84	768	695	8	1584	2939	183	-1	85	-1
85	573	768	-8	3608	4202	146	84	-1
86	309	748	14	107	1259	157	-1	87	-1
87	396	836	-14	33	1175	117	86	-1
88	246	388	19	1779	2920	200	-1	89	-1
89	297	287	-19	1865	2741	157	88	-1
90	422	67	17	331	1296	238	-1	91	-1
91	321	288	-17	3294	4239	236	90	-1
92	477	874	10	3440	4607	179	-1	93	-1
93	527	626	-10	3413	4739	190	92	-1
94	939	625	11	133	1443	202	-1	95	-1
95	714	517	-11	1535	2230	115	94	-1
96	560	755	5	399	1293	164	-1	97	-1
97	451	836	-5	3259	4412	201	96	-1
98	906	106	12	1165	2614	202	-1	99	-1
99	757	337	-12	2641	3946	127	98	-1
100	794	776	20	1496	2133	217	-1	101	-1
101	819	734	-20	2511	3981	188	100	-1
102	423	85	14	573	1339	199	-1	103	-1
103	414	281	-14	3309	4451	238	102	-1
104	691	210	6	3311	4739	164	-1	105	-1
105	431	212	-6	4078	4610	164	104	-1
106	822	740	18	3781	4487	195	-1	107	-1
107	937	694	-18	3113	4526	248	106	-1
108	188	424	11	1058	1639	189	-1	109	-1
109	180	176	-11	2558	3202	160	108	-1
110	322	929	8	193	971	225	-1	111	-1
111	490	737	-8	1379	2263	244	110	-1
112	792	286	13	196	1296	220	-1	113	-1
113	747	256	-13	2960	4248	130	112	-1
114	153	838	12	575	1682	169	-1	115	-1
115	235	693	-12	3055	3572	244	114	-1
116	244	433	11	3115	4136	152	-1	117	-1
117	316	309	-11	3221	4331	216	116	-1
118	52	267	16	232	1668	166	-1	119	-1
119	215	407	-16	2283	3402	124	118	-1
120	233	282	19	2969	3743	159	-1	121	-1
121	24	277	-19	2507	3552	179	120	-1
122	999	896	11	1556	2631	238	-1	123	-1
123	838	740	-11	3198	4061	115	122	-1
124	408	155	6	840	1855	240	-1	125	-1
125	632	210	-6	1832	3021	203	124	-1
126	349	435	15	1290	2171	204	-1	127	-1
127	196	359	-15	3880	4697	160	126	-1
128	975	948	12	447	959	190	-1	129	-1
129	805	761	-12	453	1247	202	128	-1
130	684	964	13	1791	2991	119	-1	131	-1
131	762	723	-13	2109	3028	155	130	-1
132	24	277	13	2163	2698	245	-1	133	-1
133	195	416	-13	2854	3508	147	132	-1
134	42	262	18	3410	4337	236	-1	135	-1
135	135	471	-18	3642	4249	188	134	-1
136	199	418	18	105	1259	176	-1	137	-1
137	346	427	-18	3501	4527	100	136	-1
138	499	595	17	953	2026	213	-1	139	-1
139	565	733	-17	980	2291	123	138	-1
140	790	281	8	1116	2031	101	-1	141	-1
141	938	51	-8	3285	4347	225	140	-1
142	216	478	7	1355	1894	137	-1	143	-1
143	223	436	-7	3127	4132	200	142	-1
144	873	0	10	1657	2170	121	-1	145	-1
145	986	29	-10	1984	2968	119	144	-1
146	189	720	16	1590	2300	101	-1	147	-1
147	414	813	-16	3780	4867	212	146	-1
148	808	715	10	2659	4059	213	-1	149	-1
149	770	575	-10	3249	3775	135	148	-1
150	946	314	13	52	870	231	-1	151	-1
151	887	72	-13	3697	4299	121	150	-1
152	599	367	18	1857	2715	158	-1	153	-1
153	794	285	-18	2345	3644	218	152	-1
154	254	438	19	2039	3246	179	-1	155	-1
155	365	209	-19	2514	3375	244	154	-1
156	16	280	19	2139	3625	138	-1	157	-1
157	227	431	-19	3357	4285	165	156	-1
158	21	277	8	1861	3259	187	-1	159	-1
159	240	348	-8	2527	3480	117	158	-1
160	643	490	5	473	1427	210	-1	161	-1
161	368	444	-5	3455	4402	217	160	-1
162	615	965	8	1149	1823	127	-1	163	-1
163	725	953	-8	1970	2818	100	162	-1
164	24	278	11	2365	3517	220	-1	165	-1
165	236	431	-11	2487	3475	248	164	-1
166	505	63	20	603	1474	182	-1	167	-1
167	643	131	-20	3489	4295	148	166	-1
168	345	430	17	319	1518	177	-1	169	-1
169	325	622	-17	826	1982	246	168	-1
170	792	286	10	435	1468	138	-1	171	-1
171	864	544	-10	3534	4583	128	170	-1
172	812	613	8	2306	3007	109	-1	173	-1
173	767	636	-8	3789	4643	144	172	-1
174	802	616	13	984	1756	154	-1	175	-1
175	990	798	-13	3062	3977	165	174	-1
176	58	153	10	1842	3153	202	-1	177	-1
177	273	98	-10	1460	2779	163	176	-1
178	503	865	17	1844	2569	161	-1	179	-1
179	442	826	-17	2485	3948	191	178	-1
180	232	435	16	1324	1942	211	-1	181	-1
181	284	351	-16	2226	2733	164	180	-1
182	838	491	17	1121	2575	244	-1	183	-1
183	810	468	-17	1872	2495	132	182	-1
184	126	302	6	2290	3033	148	-1	185	-1
185	27	278	-6	2723	3959	227	184	-1
186	253	615	6	1730	2244	249	-1	187	-1
187	484	683	-6	1958	3426	177	186	-1
188	350	614	9	2745	3920	220	-1	189	-1
189	235	430	-9	2818	3513	120	188	-1
190	506	859	19	1138	1898	231	-1	191	-1
191	574	767	-19	1575	2458	101	190	-1
192	69	402	16	164	799	237	-1	193	-1
193	232	445	-16	3906	4425	181	192	-1
194	937	827	8	551	1560	168	-1	195	-1
195	733	861	-8	857	1493	212	194	-1
196	215	414	8	1925	2771	182	-1	197	-1
197	64	432	-8	2819	3832	220	196	-1
198	384	168	19	2004	3448	113	-1	199	-1
199	289	354	-19	1786	2981	207	198	-1
0	973	437	973	437	50	0	5000
1	628	525	628	525	50	0	5000
2	221	966	221	966	50	0	5000
3	114	816	114	816	50	0	5000
4	159	447	159	447	50	0	5000
5	973	437	973	437	50	0	5000
6	628	525	628	525	50	0	5000
7	221	966	221	966	50	0	5000
8	114	816	114	816	50	0	5000
9	159	447	159	447	50	0	5000
10	973	437	973	437	50	0	5000
11	628	525	628	525	50	0	5000
12	221	966	221	966	50	0	5000
13	114	816	114	816	50	0	5000
14	159	447	159	447	50	0	5000
15	973	437	973	437	50	0	5000
16	628	525	628	525	50	0	5000
17	221	966	221	966	50	0	5000
18	114	816	114	816	50	0	5000
19	159	447	159	447	50	0	5000
20	973	437	973	437	50	0	5000
21	628	525	628	525	50	0	5000
22	221	966	221	966	50	0	5000
23	114	816	114	816	50	0	5000
24	159	447	159	447	50	0	5000
25	973	437	973	437	50	0	5000
26	628	525	628	525	50	0	5000
27	221	966	221	966	50	0	5000
28	114	816	114	816	50	0	5000
29	159	447	159	447	50	0	5000
