250	75	1	1	100000
0	182	655	16	716	2009	149	-1	1	-1
1	392	710	-16	3815	4822	141	0	-1
2	992	819	11	2036	2836	162	-1	3	-1
3	983	943	-11	3018	4173	193	2	-1
4	96	972	19	2269	3757	123	-1	5	-1
5	350	923	-19	2083	2958	247	4	-1
6	235	470	9	210	1300	177	-1	7	-1
7	176	292	-9	2915	3937	127	6	-1
8	100	448	14	2733	3910	151	-1	9	-1
9	162	332	-14	3305	4465	111	8	-1
10	578	25	6	3619	4977	140	-1	11	-1
11	641	2	-6	3248	4501	186	10	-1
12	102	307	18	1058	2547	221	-1	13	-1
13	319	255	-18	2274	3321	146	12	-1
14	532	715	20	3022	3679	239	-1	15	-1
15	407	734	-20	2397	3741	111	14	-1
16	8	421	10	3110	4113	220	-1	17	-1
17	135	301	-10	3604	4385	136	16	-1
18	550	369	13	1894	3066	151	-1	19	-1
19	450	361	-13	3719	4827	179	18	-1
20	699	404	5	309	1116	206	-1	21	-1
21	453	426	-5	2329	3490	175	20	-1
22	497	631	19	920	2419	113	-1	23	-1
23	286	632	-19	834	2190	115	22	-1
24	308	548	6	2746	4151	166	-1	25	38	1	3	8	9	11	12	17	18	20	21	22	26	29	30	31	33	34	35	39	41	42	43	44	46	49	53	54	57	58	59	60	61	65	66	68	69	70	71
25	195	791	-6	3317	4554	196	24	-1
26	479	644	5	1378	2120	166	-1	27	34	0	2	6	9	12	13	15	16	17	18	20	25	26	27	28	30	33	36	39	41	44	47	50	51	54	57	58	62	63	65	67	70	71	73
27	629	735	-5	1816	2907	183	26	-1
28	229	89	17	2612	3369	189	-1	29	35	2	4	6	8	9	10	11	15	16	18	19	21	24	28	29	31	33	35	41	42	46	47	48	49	53	59	60	61	63	65	68	71	72	73	74
29	438	177	-17	2871	4155	234	28	-1
30	320	589	11	1554	2903	219	-1	31	23	2	7	11	18	19	22	26	33	35	37	41	42	45	48	49	54	57	59	62	65	66	69	73
31	280	646	-11	2205	3408	161	30	-1
32	489	586	18	282	1551	119	-1	33	-1
33	290	626	-18	1624	3010	214	32	-1
34	70	181	7	555	1803	119	-1	35	-1
35	309	284	-7	552	1907	244	34	-1
36	669	837	20	3182	3787	226	-1	37	33	2	6	7	8	9	10	13	14	16	17	19	22	24	26	28	29	31	32	42	44	45	46	49	51	55	59	64	65	68	69	70	72	74
37	626	801	-20	3311	4566	200	36	-1
38	27	502	13	1011	2494	244	-1	39	23	1	9	10	12	16	27	28	34	35	36	38	40	41	45	47	49	53	56	58	62	63	66	68
39	159	334	-13	2830	3440	200	38	-1
40	284	446	6	1130	2531	197	-1	41	41	1	3	4	6	9	10	12	13	15	17	18	20	21	22	25	28	30	33	34	35	36	37	38	42	44	47	49	50	51	53	55	56	57	60	61	62	65	67	69	72	73
41	165	330	-6	674	1998	241	40	-1
42	620	180	12	428	1092	168	-1	43	-1
43	556	165	-12	3135	3796	137	42	-1
44	661	162	14	2415	3431	207	-1	45	-1
45	895	260	-14	3632	4906	212	44	-1
46	889	34	13	2829	4117	239	-1	47	-1
47	864	251	-13	3610	4902	241	46	-1
48	436	682	14	1554	2514	239	-1	49	32	4	5	6	7	8	10	12	13	14	17	22	24	26	28	30	32	35	40	41	42	43	51	56	57	62	63	65	66	67	72	73	74
49	496	620	-14	1989	2515	186	48	-1
50	193	652	9	1138	1738	204	-1	51	39	1	4	5	10	11	12	15	16	17	19	24	25	27	28	30	31	33	36	37	40	42	43	44	46	49	53	54	55	58	59	62	63	64	66	67	68	70	71	72
51	466	719	-9	2201	2706	124	50	-1
52	285	171	9	773	1607	232	-1	53	31	2	4	5	8	12	19	20	21	28	29	31	32	34	35	37	38	40	41	45	46	47	51	55	57	59	61	66	67	68	72	74
53	338	354	-9	2329	3763	107	52	-1
54	725	865	5	2318	2909	249	-1	55	-1
55	830	698	-5	2047	3522	148	54	-1
56	224	578	7	2106	2903	139	-1	57	27	1	2	7	8	9	14	19	23	29	32	34	39	43	45	47	48	50	51	56	57	58	59	60	63	65	70	71
57	193	651	-7	1414	2890	180	56	-1
58	507	596	15	850	1521	208	-1	59	25	0	1	2	4	5	6	9	12	15	18	24	25	28	31	34	35	37	42	43	44	50	66	70	71	73
59	667	703	-15	3556	4449	228	58	-1
60	164	330	17	2278	3586	249	-1	61	31	1	2	7	9	10	11	12	15	17	18	19	20	22	25	26	28	29	31	40	42	44	50	55	56	57	58	60	69	70	71	72
61	335	287	-17	2461	3213	249	60	-1
62	844	284	19	161	1529	162	-1	63	-1
63	951	79	-19	650	1654	183	62	-1
64	757	804	19	2514	3062	200	-1	65	-1
65	762	862	-19	2473	3056	128	64	-1
66	269	625	14	1458	2629	123	-1	67	-1
67	452	628	-14	1056	2229	129	66	-1
68	475	911	14	1514	2383	117	-1	69	30	1	3	4	7	9	12	15	16	22	25	26	31	35	37	38	39	40	41	43	44	46	47	50	51	52	57	58	67	73	74
69	433	970	-14	2989	3500	119	68	-1
70	387	709	9	1565	2541	175	-1	71	-1
71	283	632	-9	1475	2958	178	70	-1
72	131	370	15	370	1114	240	-1	73	-1
73	200	177	-15	3495	4968	148	72	-1
74	878	792	8	1495	2033	201	-1	75	-1
75	932	858	-8	3624	4577	170	74	-1
76	254	364	10	1046	1640	120	-1	77	27	5	8	10	14	16	18	19	28	31	32	33	34	35	37	39	43	45	48	51	59	60	61	63	64	66	70	71
77	177	327	-10	805	2106	210	76	-1
78	100	924	14	2144	2991	104	-1	79	22	2	4	7	14	15	21	22	25	39	41	43	45	47	51	52	53	61	63	65	69	71	73
79	156	847	-14	2382	3608	111	78	-1
80	341	744	7	1608	2784	196	-1	81	32	3	5	6	9	13	14	15	22	28	29	32	33	34	35	36	38	40	41	42	44	45	48	52	54	58	63	65	67	68	69	70	71
81	387	708	-7	3615	4642	149	80	-1
82	889	257	11	2151	2670	246	-1	83	25	6	8	11	13	15	24	37	42	44	48	49	51	52	53	54	56	59	60	61	63	65	70	71	72	73
83	880	357	-11	2007	2951	226	82	-1
84	138	303	6	870	2314	228	-1	85	-1
85	335	294	-6	496	1618	220	84	-1
86	384	706	12	3027	4146	162	-1	87	24	1	5	6	7	9	13	23	24	26	29	40	42	43	44	46	47	50	53	54	59	60	62	64	69
87	211	663	-12	2427	3898	238	86	-1
88	232	566	13	776	2152	121	-1	89	39	1	2	3	4	5	6	7	8	10	12	13	14	16	17	18	24	27	29	32	33	34	35	36	42	43	45	47	48	51	52	53	56	58	63	64	65	70	71	73
89	286	434	-13	514	1830	150	88	-1
90	334	114	19	2338	3289	133	-1	91	-1
91	174	306	-19	2965	3920	241	90	-1
92	284	632	7	2922	4018	174	-1	93	-1
93	280	453	-7	3376	4873	218	92	-1
94	493	632	5	144	1258	191	-1	95	-1
95	297	622	-5	1893	3158	140	94	-1
96	656	75	9	732	2095	142	-1	97	-1
97	863	253	-9	872	1479	162	96	-1
98	710	98	6	474	1584	221	-1	99	35	0	3	4	5	6	8	13	14	16	17	19	20	23	25	26	30	31	34	37	39	40	41	43	44	45	46	47	50	51	52	57	60	69	70	73
99	906	257	-6	4260	4914	195	98	-1
100	69	915	15	2030	3226	150	-1	101	-1
101	194	716	-15	3299	4672	198	100	-1
102	495	828	11	1895	2624	169	-1	103	42	2	4	5	13	16	20	22	23	24	25	26	30	32	33	34	36	37	38	39	40	43	44	46	49	50	51	52	54	55	56	57	61	62	63	64	65	66	67	68	69	71	72
103	389	680	-11	2424	2982	114	102	-1
104	974	678	8	629	1592	144	-1	105	-1
105	736	697	-8	1727	2817	192	104	-1
106	963	313	7	1666	2733	118	-1	107	-1
107	863	253	-7	1366	2716	163	106	-1
108	332	296	7	1320	2635	158	-1	109	23	2	7	13	14	15	25	27	30	35	36	37	38	41	43	45	46	49	53	59	63	64	66	69
109	144	357	-7	1493	2275	152	108	-1
110	845	293	13	1537	2339	127	-1	111	-1
111	652	332	-13	3734	4717	197	110	-1
112	388	538	16	595	1934	136	-1	113	-1
113	343	296	-16	1818	2501	179	112	-1
114	280	178	19	2879	4254	224	-1	115	-1
115	116	277	-19	3516	4513	214	114	-1
116	333	305	17	1133	2536	158	-1	117	37	1	2	3	4	5	7	8	10	12	13	15	16	17	18	24	31	34	36	38	39	40	43	44	46	49	50	52	53	54	58	61	62	66	67	69	70	71
117	434	440	-17	2043	3023	172	116	-1
118	172	286	18	197	1192	192	-1	119	28	1	2	5	8	9	12	15	16	18	20	22	23	25	27	28	37	40	44	47	53	57	60	67	68	70	72	73	74
119	352	407	-18	3638	4221	126	118	-1
120	673	189	14	133	891	125	-1	121	-1
121	868	249	-14	1005	2209	161	120	-1
122	193	653	20	141	1629	242	-1	123	39	0	2	4	5	7	9	12	13	14	15	19	22	25	26	28	30	32	33	35	36	44	46	48	49	51	52	53	55	56	57	58	60	63	66	67	68	69	72	73
123	437	535	-20	1224	2229	166	122	-1
124	596	667	10	1591	2431	225	-1	125	29	1	4	5	6	7	12	13	15	18	19	20	24	26	27	31	32	36	37	49	51	56	57	60	63	67	68	69	71	72
125	577	563	-10	1055	2259	166	124	-1
126	189	10	14	552	1996	204	-1	127	23	0	1	3	7	9	11	12	19	21	25	31	36	43	48	51	55	57	60	63	64	67	69	72
127	310	135	-14	458	1296	220	126	-1
128	204	653	10	3626	4557	178	-1	129	-1
129	15	635	-10	3240	4445	111	128	-1
130	77	751	10	1143	2123	248	-1	131	35	2	3	4	5	6	9	10	13	15	16	19	23	24	26	31	33	35	36	37	41	42	43	46	49	52	59	60	61	64	65	66	67	68	70	73
131	209	595	-10	2393	3521	181	130	-1
132	527	573	14	854	1892	175	-1	133	27	1	2	7	10	14	16	19	27	28	29	35	37	39	40	41	48	50	54	56	58	59	61	63	67	68	69	73
133	505	593	-14	3325	4219	153	132	-1
134	733	604	14	30	1376	110	-1	135	29	6	7	8	9	16	18	21	24	25	27	29	30	31	32	36	37	41	42	44	46	48	52	54	58	62	67	69	70	73
135	459	609	-14	2421	3450	221	134	-1
136	509	590	18	2376	3725	219	-1	137	-1
137	371	714	-18	2778	4212	129	136	-1
138	716	600	8	2112	2772	195	-1	139	26	2	3	6	7	11	12	13	14	16	17	18	20	22	27	28	29	30	31	36	40	41	43	54	62	70	72
139	864	748	-8	2926	4119	239	138	-1
140	327	144	20	3881	4996	198	-1	141	25	0	4	9	10	14	16	20	21	29	30	31	33	34	37	42	44	47	48	51	53	55	56	57	65	67
141	258	343	-20	3225	4558	220	140	-1
142	275	524	6	3282	3888	216	-1	143	-1
143	377	655	-6	3096	4070	159	142	-1
144	29	325	18	1031	1853	133	-1	145	-1
145	219	310	-18	3229	4653	115	144	-1
146	843	270	13	1487	2488	194	-1	147	26	2	4	8	9	11	12	15	17	19	21	24	27	33	42	44	49	52	55	56	57	58	62	63	67	68	72
147	817	200	-13	2863	3379	174	146	-1
148	313	172	8	1785	2746	209	-1	149	-1
149	213	234	-8	2877	3795	129	148	-1
150	957	859	5	3936	4770	118	-1	151	-1
151	795	782	-5	3233	4716	106	150	-1
152	622	549	7	1819	2413	211	-1	153	37	0	3	7	10	11	12	13	16	17	23	25	27	28	31	32	33	34	38	39	45	48	49	52	54	55	56	57	58	60	61	62	65	66	68	70	71	74
153	685	535	-7	2381	3313	171	152	-1
154	414	948	6	666	1650	160	-1	155	-1
155	654	833	-6	1294	2524	166	154	-1
156	391	28	16	835	2184	248	-1	157	43	4	6	7	8	9	10	11	12	14	15	17	18	20	23	24	25	26	30	32	33	35	36	40	41	42	45	46	47	49	50	52	55	56	57	59	60	62	63	64	66	68	69	71
157	331	298	-16	3118	4114	225	156	-1
158	745	468	7	1831	2746	225	-1	159	-1
159	505	610	-7	3956	4732	211	158	-1
160	332	295	14	266	1122	236	-1	161	-1
161	350	271	-14	264	844	192	160	-1
162	151	339	10	2644	3500	161	-1	163	-1
163	184	318	-10	3536	4711	126	162	-1
164	897	158	14	564	1753	200	-1	165	-1
165	861	245	-14	584	1866	227	164	-1
166	284	632	9	3359	4527	246	-1	167	24	8	9	15	16	23	24	28	29	30	34	35	38	39	41	43	44	47	48	52	55	64	65	67	72
167	497	545	-9	3446	4428	202	166	-1
168	35	837	10	2771	4103	119	-1	169	-1
169	167	704	-10	2942	4136	208	168	-1
170	346	635	11	4273	4883	191	-1	171	38	1	3	4	6	7	10	12	13	14	18	19	21	24	25	26	27	29	30	31	35	36	39	41	43	44	45	46	47	48	49	51	52	59	61	64	65	71	74
171	334	559	-11	4151	4880	130	170	-1
172	804	376	16	1849	2776	140	-1	173	-1
173	911	309	-16	3673	4784	192	172	-1
174	142	194	8	813	2022	139	-1	175	34	2	3	6	8	9	10	12	13	18	22	23	25	26	27	28	30	32	34	35	39	42	43	44	46	49	55	59	60	62	66	67	69	71	73
175	210	419	-8	2779	3509	210	174	-1
176	817	275	19	939	2329	113	-1	177	39	1	2	3	5	7	9	10	11	14	16	18	19	21	22	23	25	28	29	30	32	35	38	39	41	43	46	48	49	50	53	54	55	59	63	65	68	69	71	73
177	975	287	-19	1346	2781	182	176	-1
178	362	808	10	2236	3457	228	-1	179	36	1	2	3	6	7	9	10	13	14	15	16	20	23	24	27	28	30	31	34	36	37	38	39	40	44	47	49	57	61	62	65	67	69	72	73	74
179	416	641	-10	3575	4969	169	178	-1
180	387	708	9	212	722	165	-1	181	43	3	4	6	7	8	9	12	15	17	19	20	21	23	26	27	28	29	32	33	38	40	43	44	45	46	49	50	52	54	56	58	60	61	62	63	65	66	67	68	69	70	71	72
181	496	630	-9	1530	2092	226	180	-1
182	441	630	15	2227	3435	165	-1	183	-1
183	357	891	-15	2360	3297	238	182	-1
184	819	121	8	408	1828	167	-1	185	-1
185	787	316	-8	1429	2581	182	184	-1
186	274	115	18	12	1095	207	-1	187	-1
187	284	172	-18	397	1884	129	186	-1
188	192	652	6	70	1247	197	-1	189	36	1	3	7	8	9	10	14	22	23	25	27	29	31	34	36	37	41	42	44	46	53	54	55	56	57	58	61	62	63	65	66	68	70	71	72	73
189	332	462	-6	365	1624	136	188	-1
190	937	134	17	1627	2735	228	-1	191	-1
191	863	262	-17	4146	4906	129	190	-1
192	852	256	6	1387	2242	190	-1	193	-1
193	854	445	-6	850	2148	142	192	-1
194	124	127	18	2642	3521	233	-1	195	-1
195	158	337	-18	4009	4774	202	194	-1
196	112	740	9	1438	2465	107	-1	197	41	0	1	3	5	6	7	10	11	12	14	15	18	20	22	23	26	27	28	29	30	37	38	39	41	43	44	45	50	51	56	57	58	59	61	62	64	69	70	72	73	74
197	368	681	-9	1085	2398	191	196	-1
198	428	340	17	2310	3175	140	-1	199	36	0	1	3	4	7	8	10	11	15	16	18	19	20	23	24	28	31	34	36	37	39	40	41	44	45	47	51	53	54	60	63	64	66	67	68	71
199	332	296	-17	3208	3877	122	198	-1
200	21	1	13	2163	3119	229	-1	201	27	1	2	4	5	11	16	19	20	21	22	25	27	28	36	39	41	42	43	46	58	60	61	63	65	67	70	71
201	231	165	-13	2368	3606	216	200	-1
202	715	949	17	1569	2515	169	-1	203	-1
203	788	881	-17	2965	3952	222	202	-1
204	787	940	5	1446	2737	220	-1	205	-1
205	623	887	-5	1659	2163	228	204	-1
206	352	75	7	943	2072	161	-1	207	32	4	10	13	16	18	20	23	25	26	29	32	33	34	35	36	37	38	45	47	48	49	51	52	54	55	56	58	59	65	66	68	73
207	385	251	-7	3520	4845	115	206	-1
208	817	139	15	2053	3532	102	-1	209	-1
209	714	87	-15	4067	4637	120	208	-1
210	280	636	17	780	1893	218	-1	211	24	7	10	12	14	15	16	23	24	27	30	31	33	37	38	43	52	53	54	58	62	64	67	69	71
211	336	364	-17	3285	3827	157	210	-1
212	631	578	10	864	2265	125	-1	213	44	1	2	4	5	7	8	9	13	15	17	21	22	25	26	27	28	30	31	33	34	35	36	37	39	40	42	43	46	48	50	52	55	56	57	59	63	64	66	68	69	70	71	72	74
213	622	405	-10	4330	4980	106	212	-1
214	417	636	16	981	1992	130	-1	215	42	0	1	5	6	7	12	19	20	21	22	24	26	27	28	29	30	32	33	34	36	39	40	42	43	44	47	49	51	52	53	54	55	56	57	59	61	63	64	66	67	69	73
215	497	631	-16	3763	4903	239	214	-1
216	165	619	15	1083	2412	166	-1	217	39	1	2	3	4	5	6	7	9	10	11	12	16	18	19	23	25	26	27	30	31	32	33	34	35	36	38	39	40	41	43	51	52	53	58	61	65	70	72	74
217	412	558	-15	619	1614	109	216	-1
218	222	291	11	1968	2952	166	-1	219	-1
219	304	116	-11	4218	4895	244	218	-1
220	69	295	11	1268	2058	174	-1	221	-1
221	310	295	-11	2383	3319	205	220	-1
222	325	303	6	469	1407	179	-1	223	-1
223	501	404	-6	481	1556	139	222	-1
224	596	830	6	1450	2944	105	-1	225	36	1	2	3	5	6	7	13	15	16	21	22	26	29	34	35	38	39	40	42	43	47	48	51	54	56	57	58	60	62	63	64	66	67	68	70	73
225	508	597	-6	2897	4384	118	224	-1
226	950	777	18	51	1070	192	-1	227	33	1	2	9	14	17	19	20	25	28	31	32	33	35	36	38	39	41	44	48	51	52	56	60	61	63	64	65	66	67	69	70	72	73
227	764	733	-18	2307	3007	238	226	-1
228	323	286	15	1443	2568	243	-1	229	-1
229	165	328	-15	3180	4592	114	228	-1
230	334	296	14	1392	2482	162	-1	231	41	1	2	4	6	7	8	12	15	18	19	24	25	28	31	33	36	37	38	39	40	44	45	46	47	49	51	54	55	56	58	59	60	61	62	65	66	67	69	70	72	73
231	255	87	-14	3156	4288	225	230	-1
232	335	296	14	2353	3047	129	-1	233	22	0	1	11	16	27	31	33	34	40	41	42	46	47	49	51	56	61	64	65	67	68	72
233	524	430	-14	4111	4731	219	232	-1
234	267	632	15	1110	2156	246	-1	235	-1
235	427	752	-15	2201	2867	227	234	-1
236	444	300	17	2974	3995	133	-1	237	44	2	4	5	6	7	9	10	12	13	14	15	16	19	20	22	24	25	27	28	29	32	33	35	36	37	38	40	43	44	46	50	52	56	57	58	60	61	62	63	64	65	68	71	72
237	472	111	-17	2998	4078	233	236	-1
238	494	589	12	2533	3881	192	-1	239	-1
239	500	763	-12	1734	3189	121	238	-1
240	507	596	17	126	859	146	-1	241	44	1	3	5	6	7	8	9	11	12	16	18	19	20	21	24	25	26	27	29	30	31	33	34	38	39	41	42	43	44	45	49	50	53	56	58	59	60	61	65	66	68	69	71	74
241	402	553	-17	2313	3440	205	240	-1
242	649	51	13	2154	3047	247	-1	243	-1
243	788	285	-13	2697	3932	222	242	-1
244	430	691	12	483	1074	183	-1	245	32	1	6	8	9	12	13	15	16	17	19	21	22	23	24	27	33	34	35	37	38	39	41	55	57	58	59	60	61	64	65	67	74
245	265	854	-12	2073	2875	225	244	-1
246	669	467	14	85	1273	149	-1	247	40	0	1	2	3	4	6	8	9	11	12	13	14	16	22	23	25	26	28	30	34	37	38	39	42	43	47	48	50	51	52	53	55	58	59	61	68	70	71	72	73
247	625	616	-14	983	1983	234	246	-1
248	598	648	15	984	1809	156	-1	249	-1
249	501	599	-15	3284	4762	248	248	-1
250	331	269	18	2185	3547	151	-1	251	28	0	4	5	7	8	9	10	11	15	17	19	22	24	31	33	34	35	41	49	51	55	57	59	62	65	69	70	74
251	182	232	-18	2750	3651	217	250	-1
252	266	168	18	1746	3065	195	-1	253	-1
253	412	380	-18	2562	3199	117	252	-1
254	859	256	11	3783	4681	134	-1	255	-1
255	834	522	-11	3955	4925	135	254	-1
256	203	847	5	732	2224	155	-1	257	42	1	2	6	7	8	9	10	12	13	14	15	16	17	21	30	31	33	34	35	37	40	41	43	46	50	51	53	54	55	56	57	59	60	61	62	63	64	65	66	70	71	74
257	287	643	-5	3086	4381	246	256	-1
258	417	18	12	500	1945	146	-1	259	25	5	7	10	13	14	16	17	18	20	23	25	30	35	37	38	40	41	42	59	60	62	63	64	70	71
259	236	126	-12	272	1315	175	258	-1
260	168	266	19	2258	2881	159	-1	261	35	3	5	10	11	12	15	18	21	22	24	26	27	28	33	35	36	37	39	40	41	47	50	52	53	56	57	61	62	63	65	67	69	71	73	74
261	164	336	-19	2960	3588	237	260	-1
262	865	245	9	2175	3374	139	-1	263	43	0	1	2	3	5	6	7	11	13	19	21	22	23	24	25	28	30	31	32	33	34	35	36	37	39	40	42	43	44	45	46	47	51	53	55	56	58	60	61	64	68	69	74
263	700	394	-9	1639	2955	223	262	-1
264	300	677	12	2588	3293	189	-1	265	40	2	8	10	14	15	18	19	22	25	27	31	32	34	36	37	38	39	40	42	43	45	50	51	52	53	54	55	56	57	58	59	60	62	65	66	68	69	70	71	72
265	399	722	-12	3245	4079	136	264	-1
266	479	644	20	2947	3570	244	-1	267	-1
267	523	627	-20	2114	3566	155	266	-1
268	145	216	19	368	1272	191	-1	269	36	2	5	13	16	18	20	21	22	23	25	31	32	35	40	41	42	44	45	46	47	48	51	53	54	56	57	58	60	61	63	64	65	70	71	72	73
269	241	365	-19	680	1293	125	268	-1
270	993	428	19	981	2396	191	-1	271	41	1	3	6	7	11	12	13	18	19	20	21	22	23	25	27	28	29	31	32	34	36	37	39	40	42	43	45	50	52	54	55	56	57	59	62	64	67	68	69	70	72
271	868	243	-19	1958	3368	223	270	-1
272	393	139	8	1658	2796	191	-1	273	42	1	3	4	7	8	9	11	12	14	15	18	19	21	23	27	28	30	32	34	36	37	38	39	41	42	44	48	50	53	54	56	58	59	60	61	62	66	67	68	69	71	74
273	194	308	-8	3761	4903	174	272	-1
274	861	51	15	2379	3075	157	-1	275	24	1	5	12	13	17	18	19	21	22	28	30	33	34	37	38	39	45	48	52	64	65	69	70	71
275	927	257	-15	2954	3872	147	274	-1
276	595	499	11	491	1696	184	-1	277	-1
277	832	503	-11	2441	3057	134	276	-1
278	19	757	14	954	1816	187	-1	279	43	0	2	3	4	6	7	10	13	16	19	20	21	22	23	24	25	26	27	29	30	31	34	37	39	41	42	43	47	49	50	51	52	53	54	56	61	62	63	64	66	67	68	74
279	175	655	-14	4272	4909	113	278	-1
280	340	597	18	1697	2807	150	-1	281	-1
281	290	633	-18	2066	3365	204	280	-1
282	24	79	20	626	1896	178	-1	283	-1
283	232	107	-20	3472	4638	235	282	-1
284	102	779	19	900	2276	205	-1	285	24	4	6	7	8	11	16	17	25	29	32	34	36	37	39	40	45	51	57	61	62	63	64	66	67
285	290	628	-19	3467	4937	185	284	-1
286	155	340	6	602	1777	102	-1	287	-1
287	275	165	-6	1829	2899	109	286	-1
288	696	318	11	765	2252	188	-1	289	-1
289	678	541	-11	111	1523	174	288	-1
290	292	621	7	213	953	242	-1	291	40	2	3	7	8	9	10	12	13	15	17	19	22	24	25	30	31	32	33	34	35	37	38	40	41	43	46	51	52	53	54	55	56	57	61	62	65	66	69	71	72
291	163	406	-7	2404	3793	221	290	-1
292	421	336	5	2831	3493	163	-1	293	29	8	9	10	13	17	19	23	25	26	27	30	33	36	37	38	39	42	43	58	59	61	62	63	64	67	68	71	72	73
293	517	599	-5	2862	3984	143	292	-1
294	476	499	19	1605	2794	132	-1	295	24	0	1	3	6	10	13	16	21	22	23	25	27	36	39	45	50	52	54	55	60	61	62	70	74
295	246	649	-19	1956	2723	101	294	-1
296	278	166	16	202	1650	149	-1	297	37	1	4	6	7	8	10	11	12	13	15	16	17	19	25	26	27	28	29	32	34	37	39	40	43	46	47	48	51	52	53	54	55	58	62	66	69	70
297	307	147	-16	1167	2286	151	296	-1
298	982	5	14	2222	2772	111	-1	299	-1
299	767	187	-14	2929	4353	168	298	-1
300	571	596	12	1927	3388	195	-1	301	41	0	3	4	6	7	9	11	12	13	14	17	18	20	22	23	26	31	32	33	34	35	37	38	39	40	42	43	44	46	47	48	50	57	58	62	63	65	70	71	72	74
301	445	707	-12	3487	4556	171	300	-1
302	194	649	17	2590	3977	156	-1	303	-1
303	420	682	-17	2944	3925	153	302	-1
304	489	628	16	425	1139	177	-1	305	-1
305	388	707	-16	2757	3526	123	304	-1
306	299	203	14	3913	4970	198	-1	307	-1
307	245	158	-14	4011	4837	206	306	-1
308	192	652	17	2843	3403	109	-1	309	26	2	7	13	15	16	19	20	22	25	26	28	30	31	34	36	37	46	52	53	54	61	64	65	67	70	71
309	202	431	-17	2418	3565	237	308	-1
310	243	488	15	596	2039	116	-1	311	38	0	1	4	6	7	9	11	13	14	15	17	18	22	24	27	31	33	35	36	37	40	41	42	44	46	47	50	52	53	56	59	62	64	66	68	69	71	73
311	216	583	-15	2805	3864	103	310	-1
312	717	570	16	980	2172	163	-1	313	44	2	4	6	7	14	15	16	19	20	21	22	24	26	27	28	29	30	31	33	34	37	40	41	42	43	44	47	48	49	50	51	53	54	55	56	57	59	61	63	64	68	69	71	73
313	674	607	-16	1823	3227	153	312	-1
314	863	252	11	2166	3211	227	-1	315	-1
315	860	249	-11	2765	4007	171	314	-1
316	79	607	11	1912	3333	108	-1	317	-1
317	253	526	-11	1730	2865	191	316	-1
318	21	89	8	806	1657	246	-1	319	-1
319	283	171	-8	1371	2830	105	318	-1
320	323	229	9	1013	1745	155	-1	321	27	2	9	12	14	20	24	30	33	34	37	39	40	41	42	43	45	46	47	51	54	57	58	59	60	62	69	72
321	174	343	-9	3679	4283	133	320	-1
322	27	700	6	1393	1928	124	-1	323	39	0	2	3	4	5	6	7	12	14	16	18	19	20	21	22	26	30	31	33	34	36	39	40	43	44	46	47	48	50	51	55	57	58	59	60	62	66	68	73
323	43	434	-6	3471	4061	222	322	-1
324	421	53	12	3039	3592	104	-1	325	35	2	3	6	9	10	11	14	15	21	23	26	27	28	32	33	37	39	43	44	45	46	47	48	49	53	54	56	57	60	62	66	69	70	72	73
325	340	272	-12	2307	3715	120	324	-1
326	533	531	18	1118	2299	120	-1	327	-1
327	463	775	-18	3439	4008	224	326	-1
328	873	266	12	291	1743	135	-1	329	33	1	3	6	8	13	14	18	21	26	27	30	31	33	37	39	41	42	43	44	46	49	52	53	55	57	58	59	61	63	64	67	70	74
329	895	123	-12	1369	2741	164	328	-1
330	906	305	13	961	1566	101	-1	331	-1
331	654	306	-13	2071	3469	186	330	-1
332	462	601	7	164	1301	211	-1	333	32	2	3	6	8	10	11	14	16	21	22	23	30	32	37	40	41	44	47	51	54	55	56	57	58	60	61	62	64	68	70	72	74
333	418	634	-7	358	1362	186	332	-1
334	879	895	8	255	1516	162	-1	335	36	0	3	6	9	10	11	15	18	19	22	23	24	31	32	34	36	38	41	43	47	49	50	52	53	55	56	57	58	62	65	66	70	71	72	73	74
335	626	836	-8	2181	2850	145	334	-1
336	332	164	12	941	1922	100	-1	337	36	1	8	9	11	12	15	16	17	19	20	21	22	23	24	25	26	28	29	34	36	37	40	43	47	50	55	56	58	62	63	65	66	69	71	72	73
337	233	322	-12	3712	4326	113	336	-1
338	707	740	8	2753	3893	186	-1	339	40	0	1	2	4	8	11	12	13	16	17	20	21	22	23	25	28	30	34	35	37	38	39	41	44	46	47	49	52	54	57	58	59	60	61	62	63	66	69	70	72
339	594	752	-8	2937	4066	218	338	-1
340	858	951	16	1436	2023	220	-1	341	26	0	4	5	8	11	14	16	21	22	30	33	34	35	36	43	49	50	51	55	57	61	63	64	67	68	69
341	585	999	-16	4194	4811	122	340	-1
342	500	265	5	1361	2033	128	-1	343	-1
343	622	426	-5	3712	4597	101	342	-1
344	195	633	17	470	1717	163	-1	345	33	3	4	8	11	12	13	14	16	19	26	29	36	37	41	44	45	49	51	52	53	54	55	58	60	62	63	66	68	69	70	71	72	73
345	187	659	-17	2156	3364	101	344	-1
346	348	181	16	339	1329	171	-1	347	-1
347	166	329	-16	1150	2182	140	346	-1
348	794	905	10	1095	2516	161	-1	349	28	1	5	12	13	15	21	22	23	25	27	28	29	30	32	34	35	37	40	46	53	56	59	61	62	65	66	71	73
349	737	770	-10	3227	4270	122	348	-1
350	856	2	7	3101	4130	155	-1	351	-1
351	861	254	-7	2999	4415	184	350	-1
352	387	709	14	1601	2376	168	-1	353	-1
353	283	636	-14	666	2073	160	352	-1
354	814	909	18	2227	2989	201	-1	355	-1
355	848	893	-18	2992	4449	129	354	-1
356	157	199	5	2301	3746	120	-1	357	26	1	7	9	12	15	16	17	20	21	25	31	33	36	38	40	43	44	49	54	55	56	63	64	70	72	73
357	63	323	-5	3852	4638	159	356	-1
358	316	135	9	2149	2857	160	-1	359	-1
359	167	328	-9	3731	4972	133	358	-1
360	280	390	11	2383	3140	138	-1	361	-1
361	93	210	-11	2748	3759	191	360	-1
362	334	296	5	2338	3085	131	-1	363	-1
363	316	303	-5	1712	3031	206	362	-1
364	475	562	8	2174	3572	173	-1	365	37	1	3	5	7	9	11	16	17	18	19	20	22	23	25	29	31	32	33	34	35	39	40	41	44	46	47	48	50	51	54	55	56	63	66	67	69	72
365	288	633	-8	3856	4803	119	364	-1
366	827	253	12	2760	3488	131	-1	367	-1
367	841	492	-12	3936	4485	136	366	-1
368	324	287	17	1323	2569	159	-1	369	35	1	2	6	8	10	11	13	15	17	18	19	20	21	22	26	29	33	34	36	39	40	41	43	45	46	48	49	51	59	61	62	64	65	72	73
369	166	329	-17	3453	4715	100	368	-1
370	763	735	12	919	1515	150	-1	371	31	0	7	9	10	13	15	18	19	20	25	26	29	33	35	37	38	40	41	47	48	51	57	58	61	62	63	64	65	68	69	73
371	529	601	-12	2261	3270	164	370	-1
372	387	709	11	3328	4252	158	-1	373	43	2	4	5	7	8	9	10	11	12	13	14	15	16	17	19	21	22	23	25	26	28	29	30	31	34	38	40	42	44	46	48	49	52	56	57	58	59	62	64	65	70	71	72
373	376	688	-11	4236	4767	126	372	-1
374	506	597	12	640	1213	158	-1	375	-1
375	538	513	-12	4245	4989	181	374	-1
376	388	708	5	68	1257	147	-1	377	-1
377	451	583	-5	3763	4657	160	376	-1
378	508	599	12	2034	3383	219	-1	379	-1
379	458	750	-12	3338	3881	118	378	-1
380	789	349	16	133	1300	205	-1	381	-1
381	898	248	-16	3702	4881	196	380	-1
382	865	278	13	1362	2827	235	-1	383	30	1	7	10	11	14	15	17	19	20	21	22	25	26	29	30	33	37	42	43	49	51	57	60	61	67	69	70	71	72	73
383	845	262	-13	3054	4121	135	382	-1
384	120	522	15	1421	2089	196	-1	385	23	3	14	15	17	18	23	26	32	36	40	41	43	44	49	51	52	53	54	59	66	67	69	71
385	194	428	-15	1641	2734	156	384	-1
386	261	922	10	2675	4049	244	-1	387	28	2	3	5	7	8	11	16	19	20	22	23	28	35	38	40	41	45	46	48	52	55	56	57	60	63	69	70	73
387	430	704	-10	2763	3425	172	386	-1
388	682	289	16	716	1529	119	-1	389	-1
389	863	252	-16	3480	4028	211	388	-1
390	327	305	16	2588	3774	214	-1	391	-1
391	176	533	-16	3356	4605	102	390	-1
392	385	708	18	136	1587	195	-1	393	35	0	1	2	5	6	9	11	14	15	17	19	24	27	29	32	34	36	40	42	43	46	48	49	50	52	53	54	56	57	61	63	64	65	72	73
393	187	674	-18	1710	2409	234	392	-1
394	387	709	8	2104	3169	114	-1	395	37	0	3	6	8	10	11	12	15	16	17	20	21	25	26	28	29	33	35	36	39	41	42	46	52	54	55	56	59	60	61	62	64	65	69	70	71	73
395	516	609	-8	1754	2920	197	394	-1
396	34	985	14	2808	4174	211	-1	397	-1
397	128	988	-14	4340	4943	101	396	-1
398	518	639	15	3498	4783	195	-1	399	-1
399	284	632	-15	2929	4175	222	398	-1
400	406	790	17	1742	2578	162	-1	401	-1
401	442	876	-17	4151	4996	105	400	-1
402	920	30	9	129	998	109	-1	403	-1
403	742	5	-9	2862	4154	162	402	-1
404	849	423	10	130	1294	126	-1	405	35	0	1	2	3	4	7	8	9	11	15	19	24	25	26	27	28	30	31	34	35	38	41	45	47	49	52	55	60	63	65	67	71	72	73	74
405	846	268	-10	1175	2043	111	404	-1
406	435	422	13	9	991	243	-1	407	35	1	2	3	5	7	9	12	15	17	18	19	21	22	26	27	28	29	32	34	36	37	39	41	43	50	52	55	59	61	64	65	66	69	70	72
407	263	324	-13	1750	2337	163	406	-1
408	305	309	15	2431	3007	168	-1	409	32	2	6	8	9	12	13	15	18	21	23	27	28	29	30	32	36	37	43	44	45	47	49	55	56	60	61	66	68	69	70	73	74
409	122	233	-15	2399	3888	100	408	-1
410	857	251	19	3126	3683	221	-1	411	-1
411	865	253	-19	4273	4799	104	410	-1
412	287	175	6	404	1870	128	-1	413	-1
413	284	237	-6	2769	4247	164	412	-1
414	125	876	15	1492	2708	128	-1	415	22	2	6	7	9	11	12	20	27	29	31	33	35	36	37	40	58	61	62	64	65	69	70
415	243	833	-15	3183	4052	212	414	-1
416	962	752	6	2747	4152	238	-1	417	-1
417	766	718	-6	3731	4404	181	416	-1
418	658	46	13	352	1761	207	-1	419	-1
419	845	77	-13	886	1446	120	418	-1
420	862	255	9	612	1754	185	-1	421	44	1	4	6	8	9	10	11	13	14	15	16	17	20	22	24	25	26	28	29	30	31	32	33	34	36	39	40	41	43	45	46	47	49	50	51	55	56	60	61	62	63	65	66	70
421	962	519	-9	1471	2354	178	420	-1
422	577	493	8	2850	4028	105	-1	423	22	4	6	12	13	14	19	21	25	28	32	42	43	44	45	46	51	56	59	63	64	68	69
423	582	325	-8	2680	3603	226	422	-1
424	153	334	8	228	1309	127	-1	425	-1
425	312	113	-8	280	1304	126	424	-1
426	252	956	9	134	687	188	-1	427	-1
427	169	801	-9	1135	2517	200	426	-1
428	745	542	18	2160	3082	100	-1	429	32	1	7	9	10	14	15	16	19	22	23	24	25	28	33	35	36	37	39	43	44	46	48	50	51	53	55	56	59	65	68	70	72
429	507	596	-18	3350	4376	132	428	-1
430	255	987	12	811	2220	210	-1	431	-1
431	146	833	-12	1631	3026	213	430	-1
432	180	612	12	2129	3000	182	-1	433	-1
433	193	655	-12	3106	3941	231	432	-1
434	344	296	12	692	1480	246	-1	435	-1
435	302	86	-12	3610	4760	118	434	-1
436	502	633	18	735	2047	128	-1	437	-1
437	284	632	-18	1675	3151	108	436	-1
438	547	532	13	1150	2310	188	-1	439	-1
439	412	616	-13	1048	1783	138	438	-1
440	901	883	9	3007	4242	139	-1	441	-1
441	981	865	-9	3241	4584	119	440	-1
442	502	598	10	388	1553	112	-1	443	28	0	1	5	6	9	16	17	20	24	26	27	28	29	33	34	40	44	46	47	51	53	56	57	59	66	69	72	73
443	358	700	-10	1251	2379	148	442	-1
444	526	595	10	887	1872	193	-1	445	-1
445	387	710	-10	3304	4534	243	444	-1
446	648	973	11	1149	1784	202	-1	447	-1
447	461	857	-11	2992	3772	239	446	-1
448	636	164	18	2694	3389	247	-1	449	-1
449	669	173	-18	3602	4316	176	448	-1
450	291	195	10	196	1231	117	-1	451	-1
451	272	260	-10	730	1603	247	450	-1
452	60	14	14	573	1348	233	-1	453	-1
453	149	266	-14	3017	4231	146	452	-1
454	419	540	17	1819	2574	171	-1	455	-1
455	552	641	-17	2905	3457	144	454	-1
456	288	83	6	816	2090	154	-1	457	26	8	9	10	13	14	17	18	20	21	22	23	28	29	30	35	38	43	47	52	53	62	63	66	69	70	73
457	321	229	-6	3837	4607	207	456	-1
458	494	625	19	620	1637	215	-1	459	-1
459	363	703	-19	1125	2076	111	458	-1
460	290	244	18	1021	1524	194	-1	461	-1
461	166	333	-18	3602	4773	199	460	-1
462	45	66	7	167	703	183	-1	463	36	0	1	2	7	8	12	15	19	20	22	23	26	27	28	34	35	36	40	44	45	48	49	50	52	53	57	61	62	63	65	66	67	68	69	70	73
463	278	164	-7	1221	1833	177	462	-1
464	323	295	9	390	1617	183	-1	465	43	1	2	3	6	7	8	9	13	15	16	17	18	19	20	23	29	31	32	34	35	36	37	38	41	43	46	47	48	49	50	52	59	60	62	63	65	67	68	69	70	71	72	74
465	275	186	-9	3527	4131	243	464	-1
466	270	433	9	2427	3741	200	-1	467	-1
467	229	618	-9	2600	3297	144	466	-1
468	312	161	13	277	941	234	-1	469	-1
469	255	280	-13	2107	2927	207	468	-1
470	508	597	15	1169	2000	117	-1	471	-1
471	695	629	-15	2860	3968	143	470	-1
472	497	631	12	677	1577	158	-1	473	-1
473	289	581	-12	3482	4645	240	472	-1
474	417	732	19	2074	2983	113	-1	475	-1
475	355	874	-19	3661	4926	163	474	-1
476	197	906	9	436	1926	138	-1	477	-1
477	389	727	-9	1607	2277	200	476	-1
478	165	329	8	3877	4500	224	-1	479	33	2	3	4	5	9	10	13	14	15	17	19	22	24	26	28	31	32	34	35	37	41	51	52	53	57	59	62	65	67	68	70	71	72
479	117	528	-8	4201	4860	123	478	-1
480	341	287	7	2152	2926	117	-1	481	-1
481	166	348	-7	2221	3424	211	480	-1
482	957	254	19	1984	3351	179	-1	483	-1
483	941	218	-19	3262	4028	161	482	-1
484	361	598	10	3357	4481	122	-1	485	-1
485	352	408	-10	3241	4596	178	484	-1
486	330	132	8	121	1561	203	-1	487	-1
487	274	110	-8	3164	3960	177	486	-1
488	300	114	11	1523	2872	249	-1	489	42	0	1	3	5	6	7	9	12	17	18	19	21	24	27	29	30	31	34	35	37	39	41	42	43	44	45	48	49	51	53	54	55	56	60	61	62	64	65	66	67	73	74
489	153	335	-11	2698	4100	245	488	-1
490	349	432	16	1927	2704	118	-1	491	40	2	4	5	8	13	14	17	18	20	22	24	28	29	30	31	32	33	37	39	40	42	44	45	46	48	49	50	52	54	55	58	59	60	61	63	64	66	68	69	72
491	319	624	-16	2640	3571	157	490	-1
492	378	85	20	363	986	200	-1	493	22	3	5	6	7	15	19	22	29	30	31	34	39	40	44	48	55	59	60	61	65	69	72
493	413	283	-20	2442	3883	182	492	-1
494	268	232	11	480	1658	149	-1	495	-1
495	176	350	-11	3386	4142	195	494	-1
496	823	302	18	2986	4311	184	-1	497	41	1	2	4	8	10	11	12	13	17	19	21	22	23	24	26	27	36	37	39	40	42	44	45	46	47	48	49	50	51	52	53	54	55	56	60	61	63	64	68	69	70
497	820	229	-18	3095	4570	153	496	-1
498	247	522	20	3430	4644	178	-1	499	-1
499	123	346	-20	3220	4059	154	498	-1
0	219	902	551	891	50	0	5000
1	409	796	26	948	50	0	5000
2	896	789	867	472	50	0	5000
3	211	477	551	594	50	0	5000
4	493	920	399	660	50	0	5000
5	758	593	922	442	50	0	5000
6	575	85	515	153	50	0	5000
7	947	6	870	285	50	0	5000
8	760	632	380	501	50	0	5000
9	865	443	959	669	50	0	5000
10	867	297	1000	113	50	0	5000
11	772	885	612	667	50	0	5000
12	126	775	139	367	50	0	5000
13	827	109	878	528	50	0	5000
14	356	898	165	668	50	0	5000
15	191	462	468	297	50	0	5000
16	282	296	347	332	50	0	5000
17	109	765	334	518	50	0	5000
18	182	819	573	981	50	0	5000
19	584	510	764	218	50	0	5000
20	142	344	237	309	50	0	5000
21	21	496	117	567	50	0	5000
22	612	774	334	501	50	0	5000
23	150	219	20	619	50	0	5000
24	914	408	705	96	50	0	5000
25	545	781	334	494	50	0	5000
26	924	455	892	619	50	0	5000
27	943	319	776	437	50	0	5000
28	149	162	372	76	50	0	5000
29	203	932	112	725	50	0	5000
30	892	795	657	571	50	0	5000
31	353	195	355	42	50	0	5000
32	140	17	241	204	50	0	5000
33	458	909	340	531	50	0	5000
34	349	274	715	198	50	0	5000
35	111	645	439	699	50	0	5000
36	191	178	15	373	50	0	5000
37	137	53	275	244	50	0	5000
38	790	637	575	771	50	0	5000
39	107	7	430	121	50	0	5000
40	127	328	183	246	50	0	5000
41	756	811	978	946	50	0	5000
42	623	976	392	976	50	0	5000
43	643	245	461	383	50	0	5000
44	756	831	488	530	50	0	5000
45	335	182	21	163	50	0	5000
46	693	773	953	994	50	0	5000
47	908	482	834	167	50	0	5000
48	811	240	671	62	50	0	5000
49	683	839	513	876	50	0	5000
50	229	44	80	112	50	0	5000
51	151	115	224	315	50	0	5000
52	532	872	816	711	50	0	5000
53	316	621	203	642	50	0	5000
54	800	490	618	472	50	0	5000
55	369	691	418	398	50	0	5000
56	796	582	941	211	50	0	5000
57	57	529	137	844	50	0	5000
58	269	523	308	440	50	0	5000
59	325	320	80	525	50	0	5000
60	300	129	378	282	50	0	5000
61	880	741	836	789	50	0	5000
62	209	645	456	672	50	0	5000
63	984	873	986	589	50	0	5000
64	958	609	985	720	50	0	5000
65	590	522	392	354	50	0	5000
66	387	340	71	340	50	0	5000
67	194	256	439	33	50	0	5000
68	780	473	974	358	50	0	5000
69	438	539	469	728	50	0	5000
70	862	911	791	553	50	0	5000
71	668	999	747	966	50	0	5000
72	997	758	679	502	50	0	5000
73	444	961	233	918	50	0	5000
74	689	3	617	35	50	0	5000
