100	30	1	1	100000
0	895	574	19	1598	2279	118	-1	1	-1
1	999	749	-19	3761	4912	150	0	-1
2	648	133	6	1832	2348	125	-1	3	-1
3	366	155	-6	2570	3781	149	2	-1
4	161	548	8	165	1411	126	-1	5	-1
5	152	678	-8	1862	2586	107	4	-1
6	96	112	18	2285	2800	148	-1	7	-1
7	99	9	-18	2464	3799	109	6	-1
8	78	205	13	1344	2531	138	-1	9	-1
9	235	191	-13	770	2229	167	8	-1
10	853	645	7	1289	2687	211	-1	11	-1
11	820	755	-7	4142	4794	163	10	-1
12	220	947	12	3427	4034	137	-1	13	-1
13	24	851	-12	2679	4087	202	12	-1
14	719	556	17	2132	2660	213	-1	15	-1
15	699	636	-17	3139	4009	146	14	-1
16	802	855	5	2920	4088	228	-1	17	-1
17	751	612	-5	3546	4520	232	16	-1
18	816	740	11	70	889	110	-1	19	-1
19	602	647	-11	1471	2113	140	18	-1
20	5	230	6	2504	3799	179	-1	21	-1
21	89	379	-6	2895	4123	133	20	-1
22	693	988	13	947	1513	227	-1	23	-1
23	490	852	-13	3060	4555	161	22	-1
24	577	620	20	542	1513	199	-1	25	-1
25	715	424	-20	2494	3797	221	24	-1
26	713	423	19	2179	3068	104	-1	27	-1
27	797	173	-19	3012	4112	200	26	-1
28	391	541	11	2004	3237	115	-1	29	-1
29	521	574	-11	3780	4296	149	28	-1
30	286	125	20	1825	3180	161	-1	31	-1
31	395	15	-20	1669	2825	135	30	-1
32	782	974	13	2354	3803	152	-1	33	-1
33	865	713	-13	3617	4725	242	32	-1
34	444	352	13	3500	4174	246	-1	35	-1
35	532	452	-13	3633	4794	236	34	-1
36	231	140	14	2115	3533	211	-1	37	-1
37	141	74	-14	2753	3258	128	36	-1
38	447	753	19	3225	4700	206	-1	39	-1
39	264	889	-19	3051	3959	178	38	-1
40	262	915	14	178	1618	137	-1	41	-1
41	402	957	-14	2920	4309	195	40	-1
42	603	534	15	12	992	195	-1	43	-1
43	531	273	-15	2092	3458	106	42	-1
44	457	600	15	1794	3188	105	-1	45	-1
45	420	835	-15	2926	3981	185	44	-1
46	869	36	17	1558	2892	155	-1	47	-1
47	822	180	-17	1801	2921	226	46	-1
48	179	335	7	1245	2363	129	-1	49	-1
49	227	398	-7	310	1698	221	48	-1
50	404	521	10	930	2112	238	-1	51	-1
51	420	247	-10	2013	3153	197	50	-1
52	2	479	16	542	1832	147	-1	53	-1
53	19	567	-16	2138	3302	139	52	-1
54	136	951	18	718	1223	198	-1	55	-1
55	192	910	-18	293	1526	142	54	-1
56	55	380	7	714	1219	123	-1	57	-1
57	20	138	-7	3178	3921	201	56	-1
58	403	665	8	789	2096	175	-1	59	-1
59	456	810	-8	578	1747	233	58	-1
60	564	4	5	2604	3981	146	-1	61	-1
61	556	169	-5	2508	3223	248	60	-1
62	928	504	10	150	1549	156	-1	63	-1
63	701	420	-10	2495	3502	208	62	-1
64	959	923	11	474	1460	195	-1	65	-1
65	811	981	-11	354	1747	164	64	-1
66	835	834	17	131	734	118	-1	67	-1
67	847	655	-17	3837	4999	236	66	-1
68	247	135	5	488	1983	153	-1	69	-1
69	347	310	-5	1710	3198	232	68	-1
70	141	585	16	588	1444	125	-1	71	-1
71	246	812	-16	2685	3744	244	70	-1
72	92	131	6	2789	3884	142	-1	73	-1
73	133	187	-6	2571	3714	207	72	-1
74	492	921	15	1727	2409	200	-1	75	-1
75	502	694	-15	1865	3064	112	74	-1
76	465	817	16	2776	3728	169	-1	77	-1
77	539	706	-16	3972	4709	110	76	-1
78	21	909	16	405	1715	105	-1	79	-1
79	127	951	-16	585	1475	135	78	-1
80	79	279	9	1888	2885	211	-1	81	-1
81	32	120	-9	4299	4830	189	80	-1
82	715	747	17	3077	4200	239	-1	83	-1
83	690	518	-17	4169	4778	235	82	-1
84	212	522	6	980	1868	188	-1	85	-1
85	328	437	-6	635	1937	119	84	-1
86	965	467	7	3189	3928	223	-1	87	-1
87	869	311	-7	3876	4462	206	86	-1
88	550	494	8	1017	1806	177	-1	89	-1
89	710	634	-8	839	1914	113	88	-1
90	252	541	11	834	1886	231	-1	91	-1
91	55	486	-11	3351	4010	174	90	-1
92	552	45	11	19	1331	214	-1	93	-1
93	424	114	-11	731	1465	164	92	-1
94	409	660	12	3864	4394	111	-1	95	-1
95	541	759	-12	3011	4446	134	94	-1
96	452	939	5	1653	2557	143	-1	97	-1
97	676	819	-5	2293	3089	154	96	-1
98	73	319	6	2408	3402	203	-1	99	-1
99	25	515	-6	3821	4362	180	98	-1
100	642	327	9	360	1326	122	-1	101	-1
101	405	432	-9	3760	4813	138	100	-1
102	247	466	14	3159	4471	154	-1	103	-1
103	327	295	-14	2384	3807	202	102	-1
104	542	373	6	1265	2251	165	-1	105	-1
105	516	527	-6	1696	3029	174	104	-1
106	425	962	8	1322	2127	226	-1	107	-1
107	295	994	-8	3709	4398	159	106	-1
108	199	128	12	1173	2464	142	-1	109	-1
109	168	409	-12	1608	2511	206	108	-1
110	64	366	18	148	1408	128	-1	111	-1
111	109	191	-18	507	1604	115	110	-1
112	501	570	10	723	1281	123	-1	113	-1
113	658	386	-10	3091	3748	134	112	-1
114	873	20	9	79	1536	219	-1	115	-1
115	609	44	-9	2023	3279	189	114	-1
116	361	413	17	1490	2950	212	-1	117	-1
117	280	569	-17	3797	4411	241	116	-1
118	835	516	14	1516	2606	244	-1	119	-1
119	772	396	-14	1479	2746	147	118	-1
120	713	378	8	1445	2392	219	-1	121	-1
121	774	172	-8	3115	4186	188	120	-1
122	876	734	17	2248	2772	148	-1	123	-1
123	861	676	-17	1785	3242	112	122	-1
124	395	746	8	1096	2573	116	-1	125	-1
125	249	769	-8	1555	2764	113	124	-1
126	911	989	16	415	1910	132	-1	127	-1
127	993	834	-16	2844	4076	180	126	-1
128	321	285	9	1420	2219	117	-1	129	-1
129	269	394	-9	1637	2550	225	128	-1
130	198	223	15	1989	3187	141	-1	131	-1
131	439	86	-15	2146	3234	217	130	-1
132	139	835	14	1888	2636	205	-1	133	-1
133	165	736	-14	3102	4430	107	132	-1
134	227	604	17	851	2003	132	-1	135	-1
135	245	824	-17	1383	2617	187	134	-1
136	474	901	13	2324	2952	243	-1	137	-1
137	298	975	-13	3646	4964	242	136	-1
138	154	33	7	1169	2294	115	-1	139	-1
139	271	60	-7	2664	3815	217	138	-1
140	430	272	5	2093	3322	225	-1	141	-1
141	565	349	-5	3349	4165	215	140	-1
142	459	436	6	1974	2813	143	-1	143	-1
143	229	337	-6	2175	3264	126	142	-1
144	450	537	19	1297	2256	169	-1	145	-1
145	497	787	-19	1802	3298	124	144	-1
146	285	387	20	2770	3713	139	-1	147	-1
147	508	248	-20	4032	4820	221	146	-1
148	143	284	8	1277	1991	113	-1	149	-1
149	301	110	-8	3200	4681	219	148	-1
150	182	394	10	1412	2821	238	-1	151	-1
151	182	322	-10	3222	3994	122	150	-1
152	799	635	17	1417	2422	242	-1	153	-1
153	702	396	-17	1554	2967	223	152	-1
154	146	670	9	2545	3335	202	-1	155	-1
155	13	808	-9	2432	3239	173	154	-1
156	232	580	10	1896	3020	192	-1	157	-1
157	424	607	-10	4002	4954	148	156	-1
158	580	546	13	2260	3516	195	-1	159	-1
159	605	529	-13	3575	4642	246	158	-1
160	16	201	13	1191	2387	204	-1	161	-1
161	84	269	-13	3649	4447	159	160	-1
162	76	344	11	382	957	181	-1	163	-1
163	225	448	-11	286	1244	201	162	-1
164	982	216	8	975	2456	190	-1	165	-1
165	896	143	-8	2119	2827	134	164	-1
166	709	761	20	1225	1985	111	-1	167	-1
167	919	713	-20	3482	4363	110	166	-1
168	987	265	19	1919	2922	104	-1	169	-1
169	728	219	-19	2007	3240	135	168	-1
170	65	273	14	957	1940	207	-1	171	-1
171	50	379	-14	2972	4400	205	170	-1
172	457	600	6	2051	2637	163	-1	173	-1
173	247	664	-6	2426	3764	147	172	-1
174	323	718	8	2780	3721	225	-1	175	-1
175	111	689	-8	3457	3999	220	174	-1
176	593	871	13	2314	2836	143	-1	177	-1
177	407	990	-13	2245	3359	152	176	-1
178	100	999	14	797	1879	213	-1	179	-1
179	95	804	-14	3355	4691	208	178	-1
180	782	213	14	1628	2291	234	-1	181	-1
181	692	441	-14	3572	4947	241	180	-1
182	182	436	11	2742	3659	241	-1	183	-1
183	69	552	-11	3311	4771	232	182	-1
184	809	176	12	1806	3256	127	-1	185	-1
185	597	117	-12	1946	3187	148	184	-1
186	881	718	19	146	1432	121	-1	187	-1
187	909	974	-19	1778	2969	243	186	-1
188	387	729	12	2178	2699	119	-1	189	-1
189	395	687	-12	1323	2726	144	188	-1
190	781	120	10	48	649	205	-1	191	-1
191	907	305	-10	1319	2727	112	190	-1
192	503	468	17	3286	4288	217	-1	193	-1
193	484	588	-17	3565	4786	232	192	-1
194	172	709	17	1598	3090	219	-1	195	-1
195	86	568	-17	3295	3811	159	194	-1
196	430	797	19	1559	2331	245	-1	197	-1
197	455	960	-19	3767	4771	186	196	-1
198	52	232	13	923	1488	226	-1	199	-1
199	19	116	-13	3561	4907	119	198	-1
0	16	323	16	323	50	0	5000
1	707	282	707	282	50	0	5000
2	179	187	179	187	50	0	5000
3	582	17	582	17	50	0	5000
4	311	75	311	75	50	0	5000
5	16	323	16	323	50	0	5000
6	707	282	707	282	50	0	5000
7	179	187	179	187	50	0	5000
8	582	17	582	17	50	0	5000
9	311	75	311	75	50	0	5000
10	16	323	16	323	50	0	5000
11	707	282	707	282	50	0	5000
12	179	187	179	187	50	0	5000
13	582	17	582	17	50	0	5000
14	311	75	311	75	50	0	5000
15	16	323	16	323	50	0	5000
16	707	282	707	282	50	0	5000
17	179	187	179	187	50	0	5000
18	582	17	582	17	50	0	5000
19	311	75	311	75	50	0	5000
20	16	323	16	323	50	0	5000
21	707	282	707	282	50	0	5000
22	179	187	179	187	50	0	5000
23	582	17	582	17	50	0	5000
24	311	75	311	75	50	0	5000
25	16	323	16	323	50	0	5000
26	707	282	707	282	50	0	5000
27	179	187	179	187	50	0	5000
28	582	17	582	17	50	0	5000
29	311	75	311	75	50	0	5000
