50	15	1	1	100000
0	501	568	6	2657	3648	206	-1	1	5	2	6	9	11	13
1	724	704	-6	4092	4671	110	0	-1
2	532	329	6	1746	3240	133	-1	3	-1
3	617	120	-6	2549	3157	100	2	-1
4	850	682	5	3735	4871	221	-1	5	-1
5	652	594	-5	3423	4430	248	4	-1
6	295	665	18	152	1342	156	-1	7	-1
7	275	843	-18	432	1278	127	6	-1
8	22	137	14	3283	3894	204	-1	9	-1
9	83	46	-14	2520	3747	140	8	-1
10	323	952	5	1040	1700	158	-1	11	-1
11	143	989	-5	702	1943	127	10	-1
12	65	37	15	1367	2211	168	-1	13	-1
13	153	104	-15	2432	3923	180	12	-1
14	840	541	8	382	1768	183	-1	15	4	1	6	7	8
15	669	453	-8	3096	4446	200	14	-1
16	193	349	9	34	1457	246	-1	17	-1
17	408	198	-9	59	1060	217	16	-1
18	607	225	18	3151	4507	228	-1	19	7	0	1	2	4	6	11	12
19	489	315	-18	3897	4955	225	18	-1
20	579	837	13	826	2104	190	-1	21	-1
21	331	971	-13	4012	4901	227	20	-1
22	545	894	5	775	1800	192	-1	23	-1
23	288	795	-5	3543	4732	111	22	-1
24	162	702	14	78	1275	112	-1	25	5	0	1	10	11	13
25	321	877	-14	544	1536	170	24	-1
26	943	12	19	133	1545	145	-1	27	-1
27	873	215	-19	2783	4000	248	26	-1
28	540	656	8	1907	2550	167	-1	29	7	1	2	6	9	10	11	12
29	438	758	-8	3805	4581	138	28	-1
30	60	772	13	1337	2756	125	-1	31	-1
31	126	851	-13	3418	4401	146	30	-1
32	570	834	17	1956	3031	201	-1	33	5	1	3	4	9	14
33	329	850	-17	1523	2755	123	32	-1
34	370	283	14	384	1551	129	-1	35	8	2	3	8	9	10	12	13	14
35	634	340	-14	15	1225	232	34	-1
36	149	737	12	1638	2410	232	-1	37	5	3	8	9	10	11
37	179	991	-12	3133	4520	216	36	-1
38	510	141	20	3774	4482	165	-1	39	7	1	2	3	5	8	9	13
39	747	100	-20	3419	4407	214	38	-1
40	377	909	7	563	2020	206	-1	41	4	0	10	12	13
41	396	805	-7	3509	4289	171	40	-1
42	946	837	14	1622	2222	175	-1	43	7	3	5	6	8	9	10	11
43	925	592	-14	1672	3142	247	42	-1
44	723	554	11	2139	3279	138	-1	45	-1
45	669	320	-11	2184	3393	194	44	-1
46	130	971	13	3667	4305	106	-1	47	-1
47	313	946	-13	3819	4863	126	46	-1
48	669	476	18	956	2277	150	-1	49	-1
49	689	547	-18	4397	4962	169	48	-1
50	41	831	18	1134	1653	115	-1	51	4	1	4	6	12
51	263	769	-18	3273	4420	106	50	-1
52	270	793	14	1402	2596	147	-1	53	-1
53	84	922	-14	1521	2925	113	52	-1
54	968	6	12	97	1324	148	-1	55	7	1	2	8	9	11	13	14
55	904	234	-12	1459	2566	175	54	-1
56	428	565	18	3508	4554	161	-1	57	5	4	5	8	9	12
57	323	709	-18	3040	4470	149	56	-1
58	388	23	9	1681	3027	233	-1	59	-1
59	379	87	-9	1185	2444	104	58	-1
60	78	202	10	1698	2929	124	-1	61	-1
61	179	445	-10	2299	3572	224	60	-1
62	87	91	14	366	1414	134	-1	63	6	1	3	5	6	8	9
63	246	129	-14	1722	2806	120	62	-1
64	732	471	11	3535	4582	229	-1	65	-1
65	804	211	-11	3521	4238	171	64	-1
66	813	488	13	2256	3509	114	-1	67	-1
67	772	254	-13	2452	3719	219	66	-1
68	129	545	5	2054	3371	170	-1	69	-1
69	49	564	-5	2135	3191	197	68	-1
70	632	6	5	1615	2889	103	-1	71	-1
71	578	181	-5	2507	3805	104	70	-1
72	796	741	16	1968	3357	101	-1	73	8	1	3	5	6	8	10	12	14
73	898	968	-16	2397	3713	248	72	-1
74	945	580	17	2531	3143	187	-1	75	7	3	6	7	8	10	12	14
75	877	471	-17	4357	4951	171	74	-1
76	188	371	19	926	1602	194	-1	77	8	1	4	6	7	8	9	10	14
77	396	259	-19	1092	1933	159	76	-1
78	505	368	15	2021	2600	102	-1	79	7	2	3	4	6	8	10	11
79	488	594	-15	3091	4308	221	78	-1
80	343	810	12	696	1614	173	-1	81	-1
81	557	631	-12	2962	3490	112	80	-1
82	32	377	9	3138	4473	235	-1	83	-1
83	215	528	-9	3360	4667	169	82	-1
84	319	115	20	2258	3298	243	-1	85	-1
85	300	394	-20	2557	3406	176	84	-1
86	626	796	5	126	1126	185	-1	87	6	0	3	4	5	6	13
87	551	541	-5	3496	4222	141	86	-1
88	734	5	18	1628	2231	142	-1	89	6	1	5	8	10	13	14
89	828	36	-18	3409	4885	223	88	-1
90	123	572	6	2020	3161	170	-1	91	-1
91	202	598	-6	2656	3861	193	90	-1
92	318	103	20	148	1506	185	-1	93	5	4	5	8	12	13
93	468	47	-20	546	1543	173	92	-1
94	603	645	20	1376	2444	174	-1	95	8	0	1	2	3	4	7	8	13
95	715	582	-20	2828	3713	105	94	-1
96	53	320	20	53	1511	128	-1	97	-1
97	221	336	-20	2015	3255	142	96	-1
98	656	25	5	1472	2952	102	-1	99	6	3	5	7	8	10	11
99	934	10	-5	2446	3742	193	98	-1
0	696	76	696	76	50	0	5000
1	306	516	306	516	50	0	5000
2	132	960	132	960	50	0	5000
3	140	136	140	136	50	0	5000
4	72	992	72	992	50	0	5000
5	696	76	696	76	50	0	5000
6	306	516	306	516	50	0	5000
7	132	960	132	960	50	0	5000
8	140	136	140	136	50	0	5000
9	72	992	72	992	50	0	5000
10	696	76	696	76	50	0	5000
11	306	516	306	516	50	0	5000
12	132	960	132	960	50	0	5000
13	140	136	140	136	50	0	5000
14	72	992	72	992	50	0	5000
