50	15	1	1	100000
0	538	102	15	2406	2945	180	-1	1	-1
1	755	194	-15	3537	4283	153	0	-1
2	183	645	12	1145	2199	175	-1	3	-1
3	107	631	-12	1453	2702	183	2	-1
4	453	690	12	1389	2363	247	-1	5	-1
5	505	516	-12	2733	3672	167	4	-1
6	887	82	12	2200	3239	193	-1	7	-1
7	858	291	-12	3631	4426	199	6	-1
8	916	315	7	2451	3225	157	-1	9	-1
9	765	445	-7	3905	4419	235	8	-1
10	346	102	16	739	1447	150	-1	11	-1
11	110	248	-16	3634	4983	198	10	-1
12	597	611	7	1453	2448	136	-1	13	-1
13	670	558	-7	2531	3131	194	12	-1
14	542	523	19	2846	3899	145	-1	15	-1
15	449	642	-19	2383	3807	246	14	-1
16	862	277	7	1712	3002	174	-1	17	-1
17	771	394	-7	3287	3907	248	16	-1
18	788	992	9	3809	4743	133	-1	19	-1
19	770	828	-9	4001	4688	185	18	-1
20	1	1	6	1046	1814	119	-1	21	-1
21	194	11	-6	1538	2405	223	20	-1
22	529	311	19	824	1584	101	-1	23	-1
23	727	319	-19	2512	3401	220	22	-1
24	159	139	19	757	1477	128	-1	25	-1
25	225	234	-19	3484	4631	122	24	-1
26	987	494	12	1891	2656	242	-1	27	-1
27	945	690	-12	3586	4599	194	26	-1
28	453	607	6	1246	2722	122	-1	29	-1
29	512	750	-6	2402	2967	182	28	-1
30	63	926	5	24	1392	196	-1	31	-1
31	270	953	-5	382	1729	248	30	-1
32	275	771	12	3139	4542	233	-1	33	-1
33	289	919	-12	4069	4865	164	32	-1
34	344	273	10	1771	2396	177	-1	35	-1
35	475	110	-10	1695	2710	131	34	-1
36	816	60	5	2498	3398	185	-1	37	-1
37	842	160	-5	3241	4298	195	36	-1
38	508	263	14	3461	4553	127	-1	39	-1
39	518	431	-14	2901	4268	242	38	-1
40	753	670	11	1331	2047	158	-1	41	-1
41	987	542	-11	3426	4003	215	40	-1
42	577	552	13	827	2088	187	-1	43	-1
43	354	480	-13	867	2002	175	42	-1
44	981	527	19	2881	4163	242	-1	45	-1
45	914	785	-19	3627	4246	106	44	-1
46	795	491	15	639	1218	119	-1	47	-1
47	793	759	-15	2732	4148	173	46	-1
48	826	975	17	558	1857	210	-1	49	-1
49	813	898	-17	1966	3420	113	48	-1
50	816	468	12	2640	3566	150	-1	51	-1
51	692	284	-12	2982	4215	156	50	-1
52	493	133	15	38	775	194	-1	53	-1
53	511	407	-15	2241	3490	126	52	-1
54	586	167	7	3575	4216	208	-1	55	-1
55	782	12	-7	3668	4376	131	54	-1
56	416	813	16	2428	3162	111	-1	57	-1
57	590	995	-16	2872	4151	102	56	-1
58	66	501	17	2131	2899	249	-1	59	-1
59	115	740	-17	3069	4135	171	58	-1
60	217	733	6	2003	3311	174	-1	61	-1
61	154	535	-6	2726	3638	196	60	-1
62	902	853	14	1709	3134	170	-1	63	-1
63	635	897	-14	1533	2983	242	62	-1
64	804	390	10	3250	4206	225	-1	65	-1
65	794	429	-10	3611	4682	164	64	-1
66	56	598	15	867	1709	128	-1	67	-1
67	214	434	-15	1659	2597	153	66	-1
68	652	215	18	1690	2986	102	-1	69	-1
69	589	369	-18	1526	2561	237	68	-1
70	280	754	9	2711	4099	207	-1	71	-1
71	469	861	-9	3547	4605	114	70	-1
72	100	441	17	436	1747	110	-1	73	-1
73	117	383	-17	1584	2915	138	72	-1
74	611	668	14	763	1844	162	-1	75	-1
75	628	944	-14	2478	3846	182	74	-1
76	796	946	14	1009	2310	183	-1	77	-1
77	771	776	-14	1889	2828	186	76	-1
78	953	477	9	985	2388	243	-1	79	-1
79	739	316	-9	1082	2378	217	78	-1
80	807	167	6	1448	2176	147	-1	81	-1
81	983	275	-6	2375	3409	180	80	-1
82	893	791	13	3247	4543	204	-1	83	-1
83	700	706	-13	3739	4507	125	82	-1
84	263	396	16	1525	2201	145	-1	85	-1
85	195	523	-16	918	2382	134	84	-1
86	768	582	13	1689	2323	217	-1	87	-1
87	899	429	-13	1595	2598	199	86	-1
88	814	559	12	3169	4488	113	-1	89	-1
89	708	437	-12	3715	4781	209	88	-1
90	370	226	6	163	838	149	-1	91	-1
91	501	384	-6	3088	4510	141	90	-1
92	275	3	12	387	1186	200	-1	93	-1
93	11	68	-12	1753	3231	149	92	-1
94	26	987	8	943	1978	240	-1	95	-1
95	279	952	-8	2944	4380	236	94	-1
96	985	584	13	720	1668	158	-1	97	-1
97	818	756	-13	340	1284	160	96	-1
98	252	612	19	440	1447	241	-1	99	-1
99	30	582	-19	3806	4650	167	98	-1
0	852	331	852	331	50	0	5000
1	819	858	819	858	50	0	5000
2	265	699	265	699	50	0	5000
3	41	924	41	924	50	0	5000
4	552	210	552	210	50	0	5000
5	852	331	852	331	50	0	5000
6	819	858	819	858	50	0	5000
7	265	699	265	699	50	0	5000
8	41	924	41	924	50	0	5000
9	552	210	552	210	50	0	5000
10	852	331	852	331	50	0	5000
11	819	858	819	858	50	0	5000
12	265	699	265	699	50	0	5000
13	41	924	41	924	50	0	5000
14	552	210	552	210	50	0	5000
