250	75	1	1	100000
0	709	621	18	962	1794	246	-1	1	30	4	6	10	15	17	19	22	23	27	28	31	32	35	36	37	38	39	42	45	46	47	48	50	55	56	57	58	59	63	71
1	533	713	-18	3135	3921	244	0	-1
2	867	253	19	438	1530	227	-1	3	38	1	4	5	11	12	15	19	20	22	24	27	29	30	31	33	36	37	38	39	40	42	43	45	46	47	48	49	50	51	52	57	63	64	65	67	69	70	71
3	824	392	-19	3398	4736	194	2	-1
4	606	59	20	448	1587	213	-1	5	-1
5	567	254	-20	2775	4019	224	4	-1
6	279	190	8	2527	3334	191	-1	7	-1
7	283	246	-8	3258	4486	220	6	-1
8	977	18	16	1062	2172	170	-1	9	34	4	5	7	8	10	16	17	18	19	20	21	25	27	29	35	36	38	41	42	46	49	51	52	55	57	58	60	61	62	65	66	67	69	71
9	865	52	-16	2536	3609	222	8	-1
10	248	544	7	1754	2580	160	-1	11	27	3	5	7	9	10	15	16	17	20	21	28	37	39	41	46	47	48	49	52	54	57	58	59	62	65	66	69
11	358	509	-7	1168	2293	201	10	-1
12	595	130	19	1091	2370	209	-1	13	42	0	4	6	7	10	11	12	14	15	17	18	21	22	23	26	28	31	33	34	35	39	40	42	44	46	47	48	52	54	55	56	58	60	62	63	65	66	67	68	71	72	74
13	585	398	-19	642	1895	220	12	-1
14	672	241	8	2085	2900	213	-1	15	35	0	1	3	4	7	9	12	13	14	16	18	20	21	22	25	27	32	33	37	41	42	43	44	45	46	47	50	51	52	54	56	58	61	65	67
15	474	141	-8	3377	4484	249	14	-1
16	693	95	17	2220	3337	189	-1	17	25	1	6	8	10	12	13	15	19	20	25	35	38	39	41	44	49	51	54	55	66	68	69	70	71	72
17	670	298	-17	2110	3320	204	16	-1
18	935	279	6	1324	2692	196	-1	19	-1
19	838	62	-6	2320	3461	190	18	-1
20	593	938	11	2115	3014	147	-1	21	42	3	4	6	7	8	9	10	12	16	19	20	21	23	26	27	28	29	30	31	32	33	36	38	40	42	43	45	48	50	51	52	53	55	56	58	60	63	64	65	66	68	69
21	698	848	-11	2922	3771	116	20	-1
22	314	441	15	4029	4894	170	-1	23	25	0	8	10	15	17	20	23	24	30	34	36	38	39	40	41	44	45	52	54	57	58	60	71	72	73
23	94	550	-15	3311	4620	111	22	-1
24	143	584	14	1194	2398	204	-1	25	35	0	3	5	7	9	11	15	16	17	18	20	21	22	23	25	27	28	30	31	33	35	38	41	42	47	50	51	53	55	56	60	61	63	66	72
25	78	616	-14	1051	2455	116	24	-1
26	938	767	6	3795	4485	130	-1	27	-1
27	813	973	-6	4099	4865	150	26	-1
28	661	671	7	1839	2550	113	-1	29	-1
29	728	848	-7	3921	4910	117	28	-1
30	17	152	15	2668	3921	104	-1	31	44	1	8	10	12	13	14	15	16	17	18	19	21	22	25	26	27	28	29	30	31	32	34	37	38	39	40	41	43	44	47	49	54	55	57	59	60	61	62	64	65	66	67	68	71
31	146	17	-15	3261	3990	214	30	-1
32	9	980	5	3849	4472	133	-1	33	23	0	1	4	6	14	18	23	31	34	39	41	42	46	47	52	58	65	66	68	70	71	72	73
33	257	919	-5	3939	4734	123	32	-1
34	299	530	11	1283	2456	180	-1	35	26	0	2	5	6	8	9	11	12	13	14	15	17	30	35	37	43	45	49	50	51	60	61	63	70	73	74
35	480	507	-11	3498	4069	233	34	-1
36	917	636	19	1725	2503	185	-1	37	-1
37	799	648	-19	2953	4224	236	36	-1
38	250	669	20	149	1364	123	-1	39	-1
39	492	762	-20	1660	2529	110	38	-1
40	299	987	9	2201	2913	240	-1	41	26	4	12	14	15	17	18	20	21	27	28	41	43	44	49	50	51	53	54	59	61	62	65	67	69	71	72
41	40	928	-9	2046	3229	243	40	-1
42	237	445	17	498	1264	101	-1	43	30	1	2	3	4	7	10	13	16	23	24	26	27	35	38	40	48	49	50	51	55	57	58	59	61	62	64	66	67	70	73
43	344	682	-17	2376	3334	211	42	-1
44	507	778	15	1783	2791	107	-1	45	-1
45	580	610	-15	1640	3018	247	44	-1
46	160	202	10	296	1191	223	-1	47	-1
47	189	246	-10	2893	4031	234	46	-1
48	997	512	16	1625	2751	160	-1	49	-1
49	878	419	-16	3503	4775	237	48	-1
50	984	342	6	699	2126	142	-1	51	-1
51	943	570	-6	176	1675	187	50	-1
52	300	832	19	2581	4080	156	-1	53	-1
53	208	825	-19	2839	3479	154	52	-1
54	824	945	17	1750	3230	224	-1	55	39	2	3	4	5	6	8	12	17	18	20	23	27	28	29	31	32	33	36	38	40	41	42	43	44	48	49	51	52	53	56	60	63	64	65	68	69	70	71	73
55	782	953	-17	3300	4096	169	54	-1
56	235	481	14	2453	3353	202	-1	57	40	2	4	6	7	9	11	16	17	19	21	26	27	28	29	31	32	33	35	37	38	41	42	43	44	46	48	51	52	53	55	56	58	59	62	64	67	68	69	70	71
57	154	259	-14	3404	4621	175	56	-1
58	314	76	7	893	2115	198	-1	59	41	1	2	4	8	9	13	14	15	18	19	22	26	27	28	29	30	32	34	35	36	37	39	40	42	45	47	48	52	53	55	56	60	61	64	65	67	68	70	71	72	74
59	277	258	-7	1542	2955	135	58	-1
60	371	931	16	415	1826	188	-1	61	38	0	3	5	7	9	11	14	20	21	22	23	24	27	29	30	33	34	35	40	41	42	44	45	47	48	49	52	54	57	58	60	64	65	67	68	70	71	72
61	296	859	-16	3745	4560	189	60	-1
62	727	48	9	458	1036	132	-1	63	31	5	9	13	14	15	16	17	20	22	23	24	26	28	32	35	36	39	42	46	47	53	56	57	60	61	65	67	68	70	71	73
63	776	278	-9	1374	2044	172	62	-1
64	78	442	13	1382	2456	134	-1	65	44	0	2	3	4	5	7	8	9	10	11	15	19	20	23	24	26	30	31	32	33	36	39	41	43	45	46	47	48	49	50	51	52	55	56	57	58	60	63	67	69	70	71	72	73
65	113	553	-13	1335	2306	115	64	-1
66	993	823	14	1040	2318	134	-1	67	-1
67	856	981	-14	1316	2595	145	66	-1
68	812	402	6	512	1306	221	-1	69	32	2	3	5	7	10	18	20	21	22	24	25	27	28	30	31	33	37	41	43	44	48	49	50	51	54	55	58	59	60	67	69	72
69	680	586	-6	2226	3504	165	68	-1
70	16	612	18	1646	2436	212	-1	71	-1
71	57	436	-18	3949	4740	189	70	-1
72	854	448	15	1339	2308	234	-1	73	-1
73	780	545	-15	2869	3545	135	72	-1
74	223	908	12	66	753	246	-1	75	-1
75	366	795	-12	3865	4603	184	74	-1
76	536	503	13	456	1712	104	-1	77	-1
77	518	639	-13	1581	2534	248	76	-1
78	245	840	19	79	1374	172	-1	79	-1
79	430	698	-19	1915	2735	112	78	-1
80	579	662	16	358	1694	199	-1	81	29	5	7	10	11	13	14	18	20	21	26	27	31	36	39	44	45	46	49	51	52	55	59	63	64	66	68	70	71	74
81	575	559	-16	924	1489	175	80	-1
82	623	682	8	651	1688	132	-1	83	28	1	4	6	7	9	12	15	16	23	27	28	29	30	33	35	44	47	48	54	57	60	63	64	65	67	68	71	72
83	600	453	-8	3128	4265	156	82	-1
84	980	731	12	1742	2472	135	-1	85	-1
85	983	832	-12	3364	4186	242	84	-1
86	529	850	11	2332	3505	173	-1	87	-1
87	508	767	-11	2094	2913	105	86	-1
88	470	369	14	326	1332	220	-1	89	-1
89	625	456	-14	3013	4151	170	88	-1
90	402	536	17	1885	3382	203	-1	91	-1
91	205	685	-17	3478	4302	249	90	-1
92	583	326	8	1982	2923	145	-1	93	-1
93	345	239	-8	3565	4355	144	92	-1
94	133	185	20	2135	2913	235	-1	95	-1
95	42	111	-20	3296	4525	100	94	-1
96	180	123	7	1752	2414	182	-1	97	-1
97	238	227	-7	3517	4253	124	96	-1
98	526	819	7	289	1555	147	-1	99	38	0	1	4	7	9	10	13	14	17	22	23	24	29	31	32	34	36	37	38	39	43	44	45	47	48	50	52	53	57	59	60	64	65	66	68	70	72	73
99	280	697	-7	3351	4482	233	98	-1
100	859	673	20	2469	3124	168	-1	101	-1
101	789	444	-20	3109	4074	105	100	-1
102	575	734	10	1109	2418	127	-1	103	-1
103	452	673	-10	3682	4602	220	102	-1
104	518	825	9	3566	4103	228	-1	105	-1
105	250	909	-9	4227	4738	121	104	-1
106	515	876	16	1734	2649	100	-1	107	25	6	10	11	13	19	22	24	25	27	34	35	39	40	46	47	48	51	52	55	58	63	68	70	72	73
107	474	618	-16	1479	2324	135	106	-1
108	89	842	16	2317	3133	109	-1	109	30	3	5	6	7	11	13	14	15	17	19	23	28	36	40	41	43	44	49	51	54	55	57	59	64	66	68	69	70	71	72
109	205	897	-16	1936	3385	194	108	-1
110	489	366	12	2009	2663	243	-1	111	-1
111	453	272	-12	2984	3586	214	110	-1
112	79	562	14	821	1786	224	-1	113	36	3	5	6	7	9	10	16	17	18	22	25	26	30	31	32	35	36	41	42	44	47	50	51	53	54	55	56	58	64	65	66	67	71	72	73	74
113	292	424	-14	3957	4940	112	112	-1
114	269	92	13	747	1735	116	-1	115	-1
115	296	272	-13	1551	2241	182	114	-1
116	97	530	19	1228	1762	219	-1	117	36	3	4	9	11	12	13	15	18	19	20	21	22	24	25	27	28	30	34	38	39	43	44	45	48	50	51	53	54	55	56	57	61	66	67	72	73
117	273	653	-19	3014	3866	243	116	-1
118	359	503	18	1636	2839	155	-1	119	31	5	6	7	11	12	15	16	18	23	25	27	28	33	35	38	43	46	47	52	53	54	57	58	60	61	63	66	68	69	70	73
119	358	586	-18	841	2321	187	118	-1
120	537	501	12	1349	1968	207	-1	121	-1
121	643	581	-12	3904	4927	219	120	-1
122	578	748	11	1392	2818	133	-1	123	29	1	5	6	7	10	11	16	18	19	23	25	26	27	31	34	36	42	43	44	48	57	64	65	66	68	69	70	71	72
123	356	891	-11	3593	4297	160	122	-1
124	219	486	7	1093	1850	245	-1	125	34	0	6	7	10	11	12	15	21	24	25	27	29	31	33	35	37	39	40	44	47	49	50	52	55	59	60	61	62	68	69	70	71	72	73
125	457	628	-7	394	1796	174	124	-1
126	663	989	20	2388	3855	178	-1	127	-1
127	579	779	-20	3117	3834	234	126	-1
128	863	328	11	1494	2550	140	-1	129	-1
129	821	89	-11	1669	2626	197	128	-1
130	391	135	7	1178	2119	246	-1	131	34	4	5	7	8	9	11	13	14	15	16	20	21	24	25	26	29	30	32	33	36	43	47	48	52	53	54	57	60	62	63	67	70	73	74
131	271	193	-7	2595	3934	249	130	-1
132	112	485	16	211	1419	215	-1	133	34	1	2	3	5	6	7	9	12	13	17	18	20	21	22	23	25	28	30	36	39	41	46	47	51	52	53	56	58	65	67	68	69	70	73
133	236	301	-16	1474	2082	170	132	-1
134	804	847	11	1072	2498	211	-1	135	37	0	1	3	5	9	10	13	19	21	23	25	26	28	31	34	36	37	38	40	44	45	46	49	52	53	54	56	57	58	60	62	63	65	68	70	71	73
135	992	718	-11	621	1658	112	134	-1
136	630	884	15	836	1995	242	-1	137	41	2	5	7	8	9	10	11	14	18	19	20	22	24	25	29	30	31	33	35	41	42	43	46	47	48	49	51	52	53	54	55	57	59	61	64	65	66	67	68	69	71
137	500	697	-15	3178	4649	131	136	-1
138	552	144	19	2471	2984	161	-1	139	34	0	2	5	11	13	18	19	21	22	25	26	27	28	30	31	33	36	39	40	43	45	48	49	51	54	55	59	62	66	68	69	72	73	74
139	602	406	-19	3274	4515	241	138	-1
140	857	22	10	47	1316	187	-1	141	22	2	4	10	12	17	19	23	24	25	31	34	36	37	39	40	51	58	59	65	67	72	73
141	617	20	-10	3286	4269	248	140	-1
142	849	844	6	2131	3568	209	-1	143	39	1	6	7	9	11	17	19	21	23	25	26	27	28	30	31	32	33	34	36	37	40	41	42	43	45	47	48	50	51	53	55	60	61	62	63	65	66	68	72
143	753	632	-6	3495	4240	195	142	-1
144	727	163	9	613	1402	226	-1	145	26	1	3	7	8	9	13	16	25	26	27	28	30	35	36	38	40	41	42	43	44	46	51	61	68	69	73
145	837	114	-9	4291	4994	121	144	-1
146	301	488	17	1256	2197	248	-1	147	-1
147	333	752	-17	2764	3332	107	146	-1
148	495	4	6	608	1980	146	-1	149	27	0	4	9	10	14	19	21	22	26	27	29	32	38	41	42	44	49	50	58	62	64	65	66	67	68	69	71
149	539	77	-6	471	1726	128	148	-1
150	806	201	6	2304	3443	220	-1	151	44	0	1	3	4	5	6	7	8	9	11	12	13	14	15	19	24	26	27	29	34	36	40	41	42	43	44	45	47	49	51	54	55	56	57	59	60	62	66	67	69	71	72	73	74
151	561	312	-6	1874	3172	190	150	-1
152	617	301	17	3467	4048	247	-1	153	-1
153	763	454	-17	3544	4232	247	152	-1
154	455	375	7	2474	3620	144	-1	155	-1
155	501	236	-7	3325	4555	132	154	-1
156	86	665	16	2106	3223	123	-1	157	32	0	1	2	4	6	7	10	12	13	14	15	20	22	27	28	31	32	34	36	41	43	45	47	50	52	57	61	62	63	66	67	69
157	272	620	-16	3534	4393	186	156	-1
158	575	396	16	747	1596	171	-1	159	-1
159	839	362	-16	501	1591	147	158	-1
160	417	626	8	1216	2505	160	-1	161	23	0	2	7	10	13	14	16	17	18	22	23	26	27	29	36	39	40	42	43	45	57	58	71
161	455	831	-8	2911	4134	130	160	-1
162	587	763	18	1084	2394	226	-1	163	36	1	2	3	5	6	8	9	10	11	12	13	15	16	18	21	24	28	29	30	33	34	38	39	41	42	45	46	47	49	51	53	57	58	61	65	69
163	341	636	-18	2374	3083	182	162	-1
164	481	248	9	2189	3177	104	-1	165	-1
165	571	330	-9	3300	4781	123	164	-1
166	952	900	13	2481	3820	125	-1	167	-1
167	971	941	-13	2275	3052	189	166	-1
168	921	664	17	754	1464	150	-1	169	-1
169	944	526	-17	2122	3207	217	168	-1
170	466	500	14	277	1135	236	-1	171	-1
171	508	287	-14	1611	2732	170	170	-1
172	927	299	17	3661	4654	225	-1	173	-1
173	887	56	-17	3783	4734	157	172	-1
174	360	703	10	2976	3576	149	-1	175	35	1	6	7	9	10	12	13	14	19	24	26	28	31	32	33	34	35	36	38	39	40	42	46	48	49	50	53	54	56	57	61	63	70	71	73
175	260	667	-10	3082	4282	101	174	-1
176	252	897	13	479	1181	213	-1	177	-1
177	458	891	-13	2062	2776	118	176	-1
178	855	110	12	673	1645	156	-1	179	-1
179	966	357	-12	946	1876	107	178	-1
180	17	934	16	2334	2924	119	-1	181	-1
181	224	847	-16	3320	4050	240	180	-1
182	867	994	9	862	2148	140	-1	183	-1
183	601	966	-9	3691	4812	102	182	-1
184	178	622	17	148	1495	160	-1	185	36	6	7	8	11	14	16	20	22	26	28	30	32	34	38	40	41	42	44	46	47	48	49	50	51	52	56	57	59	61	62	63	66	68	69	70	72
185	311	725	-17	2138	3476	210	184	-1
186	841	871	15	1566	2947	135	-1	187	43	3	4	7	8	10	11	13	14	16	19	20	25	26	28	30	31	34	36	37	38	39	41	43	45	46	48	50	53	54	55	56	58	59	60	61	62	63	65	68	69	71	73	74
187	876	833	-15	2629	3615	160	186	-1
188	623	471	7	2294	3767	130	-1	189	27	2	4	8	9	11	12	15	17	18	21	22	26	32	33	34	39	47	48	49	51	54	55	59	61	62	63	71
189	583	684	-7	2555	3712	169	188	-1
190	662	339	9	2907	3933	139	-1	191	34	4	7	8	12	13	14	15	17	18	22	26	32	33	34	36	38	39	40	46	50	51	52	54	57	58	60	62	65	66	68	69	70	71	73
191	709	404	-9	3411	4521	155	190	-1
192	780	900	15	1826	3045	234	-1	193	-1
193	879	863	-15	1888	3150	227	192	-1
194	345	130	7	697	1980	149	-1	195	35	1	5	7	9	12	13	14	15	17	18	20	21	23	25	28	29	32	33	44	45	46	48	50	52	53	54	57	59	61	65	66	68	69	70	73
195	486	77	-7	174	1419	195	194	-1
196	941	657	14	3274	4444	242	-1	197	35	2	4	6	8	14	16	17	19	20	22	23	24	27	29	35	36	37	38	42	43	45	46	47	49	50	51	54	58	61	65	66	69	71	72	73
197	779	474	-14	3968	4847	205	196	-1
198	87	770	17	1872	2922	246	-1	199	-1
199	176	625	-17	2467	3318	234	198	-1
200	77	473	12	2377	3028	235	-1	201	33	1	3	6	9	10	12	13	14	16	19	23	24	26	27	28	34	36	40	41	42	44	45	54	55	56	58	59	60	61	62	66	70	71
201	207	286	-12	3320	4536	125	200	-1
202	732	306	9	2048	3495	150	-1	203	-1
203	741	74	-9	2109	3450	225	202	-1
204	975	544	9	37	798	234	-1	205	-1
205	875	546	-9	1857	2902	140	204	-1
206	841	197	17	2976	4309	217	-1	207	38	0	1	4	6	8	10	11	14	15	17	21	22	24	26	32	37	40	42	43	45	47	48	49	50	51	52	53	54	56	57	58	59	60	61	67	71	72	73
207	884	190	-17	2770	4067	218	206	-1
208	427	886	15	130	817	197	-1	209	-1
209	537	922	-15	1178	1742	210	208	-1
210	887	97	14	1110	1798	238	-1	211	31	1	10	12	15	18	19	23	26	28	29	30	31	32	33	34	37	38	39	40	43	48	54	58	60	61	63	64	65	69	70	72
211	751	279	-14	2308	3429	141	210	-1
212	977	65	15	6	1335	190	-1	213	41	2	7	8	9	10	12	13	14	16	17	18	23	24	26	27	28	29	32	33	35	36	38	40	41	42	46	47	48	50	52	53	54	55	61	62	63	64	68	70	73	74
213	712	161	-15	834	1846	211	212	-1
214	691	150	19	1012	2014	151	-1	215	-1
215	621	357	-19	2967	4397	120	214	-1
216	155	472	14	3391	4774	228	-1	217	23	1	4	12	20	22	24	27	39	41	43	44	45	47	49	52	53	59	62	64	66	67	68	69
217	217	533	-14	2809	4128	129	216	-1
218	418	419	9	2717	4195	148	-1	219	-1
219	332	469	-9	2614	3338	206	218	-1
220	637	49	16	2152	3363	122	-1	221	29	0	2	6	11	12	14	15	16	17	18	24	31	32	33	39	42	44	46	49	52	53	54	59	61	64	65	67	69	70
221	539	182	-16	2613	4054	228	220	-1
222	718	47	7	1043	2500	233	-1	223	34	3	4	5	7	8	15	16	18	19	20	22	26	28	30	33	39	40	42	43	44	45	46	48	57	59	60	61	64	65	66	67	71	72	74
223	696	299	-7	4353	4965	151	222	-1
224	376	731	15	1232	2152	144	-1	225	-1
225	294	505	-15	703	2144	123	224	-1
226	351	586	13	1762	3066	173	-1	227	28	0	2	6	10	15	17	18	25	29	32	34	35	36	37	40	43	46	52	53	57	59	60	61	66	67	68	69	73
227	278	712	-13	1911	3392	200	226	-1
228	579	257	14	877	1703	246	-1	229	-1
229	525	118	-14	2817	4224	213	228	-1
230	456	186	7	2782	3656	179	-1	231	-1
231	490	348	-7	4148	4787	132	230	-1
232	885	868	18	850	1835	153	-1	233	34	0	1	3	4	6	14	18	19	23	24	25	27	28	34	35	37	40	42	43	45	46	47	54	55	56	57	58	59	60	63	64	65	69	72
233	985	788	-18	2678	3615	244	232	-1
234	175	227	20	705	1381	196	-1	235	35	3	4	7	10	11	12	14	15	16	20	25	28	34	35	36	38	39	41	42	44	46	47	49	53	56	57	59	60	61	63	64	66	67	70	71
235	347	158	-20	3974	4809	113	234	-1
236	253	785	10	1768	2773	197	-1	237	-1
237	362	564	-10	1363	2741	155	236	-1
238	636	340	6	226	897	134	-1	239	-1
239	464	222	-6	3144	4606	171	238	-1
240	278	459	13	3679	4488	154	-1	241	-1
241	505	358	-13	3127	4437	118	240	-1
242	108	202	6	228	1121	217	-1	243	36	1	2	4	6	11	12	13	14	17	19	20	21	23	25	28	29	30	33	34	35	36	40	42	45	47	48	50	51	53	58	67	68	70	71	72	73
243	74	458	-6	678	1869	184	242	-1
244	705	391	17	1900	3299	241	-1	245	-1
245	585	423	-17	2913	3638	162	244	-1
246	84	127	5	530	1479	191	-1	247	33	5	6	7	8	9	18	22	24	27	29	30	31	32	33	36	39	41	42	44	45	50	51	52	54	56	59	62	64	65	70	71	72	73
247	127	73	-5	2418	3690	184	246	-1
248	642	115	13	190	1521	189	-1	249	26	1	2	3	4	5	6	9	12	16	17	20	22	23	24	25	30	34	48	51	58	59	61	63	65	68	70
249	871	183	-13	3147	4496	120	248	-1
250	297	195	10	157	1354	247	-1	251	-1
251	477	150	-10	3042	4312	239	250	-1
252	833	642	8	631	1272	247	-1	253	-1
253	648	600	-8	4135	4750	208	252	-1
254	141	586	14	1156	1779	147	-1	255	-1
255	31	766	-14	3300	3841	216	254	-1
256	50	939	10	226	1434	194	-1	257	23	3	4	13	14	17	18	20	23	25	27	29	30	32	42	43	47	52	54	61	68	69	73	74
257	237	941	-10	2973	4209	125	256	-1
258	806	145	11	190	766	121	-1	259	-1
259	823	224	-11	1463	1983	189	258	-1
260	687	433	16	1872	3099	189	-1	261	-1
261	408	442	-16	2389	3741	226	260	-1
262	978	503	10	883	2382	108	-1	263	41	1	3	4	6	10	11	12	13	21	26	28	30	32	33	34	35	36	39	40	43	44	45	46	47	50	51	52	53	55	57	58	59	60	61	64	65	66	67	72	73	74
263	880	377	-10	3130	4406	162	262	-1
264	198	221	14	75	1442	191	-1	265	-1
265	80	78	-14	2230	2958	144	264	-1
266	435	148	8	1558	2905	131	-1	267	-1
267	269	25	-8	2111	3257	208	266	-1
268	345	677	9	1193	1863	105	-1	269	-1
269	166	483	-9	2073	3419	172	268	-1
270	266	432	5	927	2207	196	-1	271	-1
271	50	563	-5	1319	1985	170	270	-1
272	368	711	14	1524	2364	159	-1	273	-1
273	264	580	-14	1655	3102	212	272	-1
274	287	616	17	412	1072	113	-1	275	-1
275	130	667	-17	983	2468	186	274	-1
276	153	950	17	1779	2539	134	-1	277	38	0	1	4	5	6	7	8	12	13	15	16	17	28	29	30	31	33	34	38	40	43	45	46	47	50	51	52	54	56	58	60	62	65	66	70	71	72	73
277	398	907	-17	1767	2840	191	276	-1
278	790	705	15	1223	2191	223	-1	279	44	3	4	5	7	8	9	10	12	14	17	20	21	23	24	25	27	29	30	31	32	33	35	38	39	40	41	43	45	46	47	51	52	54	55	57	61	62	63	66	67	68	71	72	74
279	760	668	-15	2982	4063	152	278	-1
280	761	966	16	353	1136	167	-1	281	41	1	2	3	4	5	6	9	11	12	16	18	25	26	27	29	30	31	32	34	35	36	38	39	41	42	44	45	46	49	51	53	54	55	57	59	60	61	64	65	70	74
281	886	838	-16	1545	2643	108	280	-1
282	781	129	12	244	829	114	-1	283	-1
283	552	144	-12	1393	2679	240	282	-1
284	80	557	17	1084	1694	135	-1	285	-1
285	19	502	-17	738	2070	240	284	-1
286	888	222	12	2530	3530	205	-1	287	-1
287	645	263	-12	4330	4925	146	286	-1
288	13	142	16	1359	2420	245	-1	289	-1
289	138	92	-16	3450	4273	158	288	-1
290	56	370	8	2583	4041	127	-1	291	30	1	6	11	12	13	14	16	19	20	22	23	24	27	28	40	43	44	46	51	53	59	60	62	63	64	66	69	70	71	74
291	143	387	-8	3351	4746	249	290	-1
292	822	184	9	207	1345	145	-1	293	37	2	4	5	9	10	11	16	17	20	21	22	23	25	26	28	30	31	33	41	43	46	47	48	49	50	54	57	59	60	61	63	65	66	69	70	71	73
293	722	79	-9	723	1933	101	292	-1
294	822	512	16	352	1399	107	-1	295	34	3	5	8	11	13	15	16	17	18	21	22	25	27	29	35	36	37	38	41	43	44	45	47	49	51	52	55	57	59	60	64	65	69	73
295	842	740	-16	1418	2066	197	294	-1
296	416	175	10	540	1653	197	-1	297	-1
297	148	183	-10	2690	3663	159	296	-1
298	369	625	8	2087	3286	225	-1	299	23	0	1	5	7	8	28	29	32	33	35	37	41	43	46	47	48	53	58	61	62	66	69	71
299	228	739	-8	2655	3890	133	298	-1
300	404	79	18	2139	2881	137	-1	301	42	1	2	5	6	7	12	15	16	17	18	23	24	26	29	30	32	33	34	36	37	38	39	40	41	42	43	44	46	47	48	53	54	57	59	62	63	64	65	66	67	70	73
301	364	94	-18	2948	4375	182	300	-1
302	761	490	8	423	1295	120	-1	303	36	2	5	6	9	12	14	15	21	22	23	25	26	28	30	31	32	33	34	38	40	42	43	44	45	46	47	51	52	59	60	63	66	69	70	72	74
303	883	496	-8	1681	2434	207	302	-1
304	672	603	11	662	1226	170	-1	305	28	0	5	6	8	9	12	13	17	28	29	31	33	34	36	39	44	45	47	49	53	54	60	62	63	67	68	70	72
305	848	542	-11	1154	1879	189	304	-1
306	806	305	7	2041	3433	207	-1	307	-1
307	606	462	-7	2112	3208	101	306	-1
308	849	769	19	2771	3654	119	-1	309	23	1	3	6	7	11	19	20	23	35	36	37	38	40	43	47	49	53	54	56	62	64	70	73
309	670	768	-19	2615	3961	102	308	-1
310	306	704	7	1441	2336	244	-1	311	-1
311	447	526	-7	1386	2864	187	310	-1
312	371	529	14	1838	2642	158	-1	313	-1
313	639	619	-14	2299	3133	182	312	-1
314	554	334	18	893	1420	239	-1	315	-1
315	680	469	-18	817	1508	131	314	-1
316	907	416	18	1814	2449	140	-1	317	-1
317	867	367	-18	2546	3941	107	316	-1
318	761	955	7	3431	4447	217	-1	319	-1
319	951	996	-7	2917	4392	103	318	-1
320	174	194	12	1273	1791	229	-1	321	28	0	2	8	14	18	24	26	27	29	31	36	37	38	39	42	43	45	46	52	53	55	57	59	62	70	72	73	74
321	161	140	-12	2098	3391	193	320	-1
322	882	623	20	1171	1970	245	-1	323	-1
323	778	661	-20	3075	3775	233	322	-1
324	178	687	15	2687	3458	204	-1	325	40	0	3	5	7	8	9	11	12	14	16	17	19	20	21	23	24	26	27	28	29	31	33	38	39	40	44	47	49	50	54	56	57	59	61	63	65	66	69	70	72
325	349	718	-15	2763	3428	136	324	-1
326	500	380	15	2877	4012	189	-1	327	-1
327	304	181	-15	2746	4062	186	326	-1
328	435	377	20	2210	2719	158	-1	329	41	0	3	4	5	6	7	8	9	11	12	14	15	16	18	19	21	26	29	32	36	37	39	40	42	43	44	45	46	48	51	53	54	56	57	58	61	62	63	65	70	72
329	399	389	-20	3157	4643	120	328	-1
330	152	953	18	786	1421	131	-1	331	44	0	1	2	3	12	13	15	17	18	19	20	22	26	28	29	30	31	32	34	38	39	40	43	44	45	46	47	49	50	51	52	54	57	58	60	61	64	65	67	68	70	72	73	74
331	171	750	-18	2639	3543	244	330	-1
332	962	668	14	1347	2128	248	-1	333	-1
333	900	541	-14	4357	4988	224	332	-1
334	309	180	8	1536	2496	239	-1	335	40	1	2	4	7	10	11	15	16	20	22	23	29	31	35	37	38	40	41	42	43	44	45	46	47	49	50	52	53	55	57	60	61	63	64	65	66	68	69	70	73
335	155	156	-8	2855	4159	113	334	-1
336	50	949	9	667	1184	187	-1	337	33	0	1	2	3	8	9	12	14	15	20	21	24	25	28	30	31	34	36	37	38	39	41	47	48	56	59	63	64	66	70	71	73	74
337	198	953	-9	1060	2387	216	336	-1
338	193	99	14	2502	3120	226	-1	339	-1
339	171	321	-14	3153	3763	166	338	-1
340	941	639	18	1394	2788	122	-1	341	37	2	3	4	6	7	9	10	12	15	16	18	24	29	31	34	36	39	41	43	44	46	47	49	50	51	52	53	55	59	61	63	66	69	70	71	72	74
341	722	585	-18	3910	4669	178	340	-1
342	806	564	17	1121	2282	181	-1	343	-1
343	721	709	-17	1876	2508	151	342	-1
344	97	581	7	314	1068	206	-1	345	-1
345	252	662	-7	2372	3589	112	344	-1
346	718	409	16	976	1831	137	-1	347	-1
347	908	218	-16	2303	3270	211	346	-1
348	160	856	13	2635	3598	242	-1	349	26	2	6	7	9	10	12	14	16	17	19	29	30	31	32	35	37	38	44	50	52	54	57	61	62	64	68
349	96	840	-13	2644	3769	180	348	-1
350	304	559	13	3323	4116	167	-1	351	-1
351	456	483	-13	2971	4422	138	350	-1
352	708	705	16	2311	3661	161	-1	353	27	1	9	10	11	12	13	19	20	28	31	33	36	37	41	45	47	51	52	54	55	57	58	61	62	65	66	67
353	861	470	-16	3109	4450	241	352	-1
354	539	462	14	3694	4552	100	-1	355	-1
355	415	456	-14	3641	4687	113	354	-1
356	757	646	13	26	1267	173	-1	357	-1
357	918	833	-13	1065	2113	165	356	-1
358	414	483	5	108	1451	243	-1	359	30	1	2	4	5	7	9	11	13	14	15	18	24	26	28	29	30	31	32	33	34	43	46	47	50	51	55	58	63	69	73
359	572	581	-5	2196	3324	200	358	-1
360	781	550	10	1539	2356	152	-1	361	-1
361	750	553	-10	658	1991	214	360	-1
362	377	688	15	167	1577	175	-1	363	42	2	3	4	5	7	9	12	13	16	19	20	22	23	24	26	27	28	30	31	32	34	38	40	41	42	44	46	49	50	53	54	55	56	57	58	59	60	61	66	69	70	72
363	632	611	-15	1519	2070	156	362	-1
364	678	500	13	490	1901	113	-1	365	-1
365	524	709	-13	3407	4841	128	364	-1
366	755	465	12	2388	3144	235	-1	367	43	6	7	8	9	11	12	13	15	19	20	21	24	25	27	30	31	34	35	39	40	41	43	44	45	46	47	48	51	52	55	58	60	61	62	63	64	66	67	68	69	71	72	73
367	729	653	-12	2842	4297	235	366	-1
368	854	22	11	2724	4158	217	-1	369	44	1	2	3	4	6	9	13	15	16	17	18	20	23	25	26	28	31	32	37	38	41	42	46	47	48	49	51	52	53	55	56	57	59	60	61	62	64	65	66	68	71	72	73	74
369	802	295	-11	3448	4019	156	368	-1
370	5	972	7	3522	4512	225	-1	371	-1
371	128	770	-7	3982	4534	211	370	-1
372	224	877	7	1626	2851	188	-1	373	40	0	3	4	7	9	10	11	14	16	17	19	21	23	25	27	28	29	30	33	36	37	38	39	40	41	42	46	48	49	54	55	56	58	60	63	64	67	68	70	73
373	344	904	-7	3567	4363	134	372	-1
374	67	905	14	1441	2593	127	-1	375	-1
375	182	874	-14	506	1869	141	374	-1
376	414	925	19	3563	4242	105	-1	377	-1
377	585	712	-19	3383	4869	222	376	-1
378	217	650	12	3240	4413	129	-1	379	28	3	7	9	13	15	18	19	22	25	29	30	31	36	39	43	44	45	46	48	49	53	55	58	60	63	65	66	69
379	38	454	-12	3655	4580	112	378	-1
380	984	247	13	2343	3819	202	-1	381	-1
381	855	269	-13	3913	4809	180	380	-1
382	361	191	19	1754	3009	124	-1	383	-1
383	172	65	-19	1711	3039	207	382	-1
384	698	79	16	2	1081	195	-1	385	-1
385	696	332	-16	601	1407	122	384	-1
386	593	937	18	1157	1819	118	-1	387	42	3	6	7	8	10	11	12	13	15	17	18	22	24	27	28	32	34	35	37	42	43	44	45	46	47	48	49	50	53	54	56	57	59	60	63	65	66	67	68	70	71	72
387	548	768	-18	603	1986	118	386	-1
388	629	759	9	2283	3761	104	-1	389	-1
389	847	920	-9	4123	4737	181	388	-1
390	823	595	13	528	1341	213	-1	391	-1
391	778	733	-13	3938	4614	126	390	-1
392	546	354	16	3689	4520	196	-1	393	-1
393	726	505	-16	2890	4326	193	392	-1
394	219	421	16	916	1532	248	-1	395	-1
395	417	526	-16	1418	2517	245	394	-1
396	484	823	17	701	1849	107	-1	397	44	0	1	4	5	7	8	9	11	13	15	18	19	20	23	24	26	28	29	30	31	32	37	38	41	43	48	51	52	54	56	57	59	60	61	64	65	66	67	68	69	70	71	73	74
397	575	954	-17	553	1851	187	396	-1
398	706	548	19	24	1311	204	-1	399	-1
399	664	818	-19	1053	1870	230	398	-1
400	682	10	12	2892	3879	177	-1	401	36	5	6	7	11	13	19	20	21	22	24	26	28	30	31	33	35	38	41	45	46	47	49	50	51	52	53	56	57	58	59	61	63	64	65	66	68
401	643	17	-12	3411	4493	129	400	-1
402	159	555	8	904	2343	233	-1	403	42	1	2	4	6	7	8	9	10	11	12	15	16	17	18	21	22	23	24	26	27	28	30	31	33	36	40	44	45	46	49	50	54	57	60	61	63	64	65	67	68	72	73
403	254	629	-8	3372	4796	241	402	-1
404	873	203	16	839	1905	176	-1	405	37	2	3	4	9	10	11	12	13	17	19	22	25	26	27	29	31	32	33	34	36	39	40	41	46	47	48	49	55	56	57	59	63	64	65	68	69	73
405	630	296	-16	1248	2259	185	404	-1
406	760	658	6	530	1793	172	-1	407	37	1	3	5	7	8	9	10	12	14	15	17	28	29	31	32	35	36	38	41	44	45	46	47	49	52	53	55	58	59	61	63	64	66	67	68	70	73
407	954	497	-6	1946	2881	206	406	-1
408	981	505	11	3442	4826	115	-1	409	-1
409	722	407	-11	2877	4178	200	408	-1
410	365	758	17	1815	2982	207	-1	411	30	2	8	9	12	13	15	16	17	18	20	21	26	30	32	35	38	41	46	49	51	54	55	58	60	61	64	66	68	69	70
411	266	728	-17	1512	2917	143	410	-1
412	429	554	11	891	1972	208	-1	413	-1
413	370	440	-11	3530	4980	201	412	-1
414	156	90	15	980	1714	196	-1	415	26	0	2	4	8	10	12	13	18	19	22	27	28	31	32	37	43	47	49	53	56	63	64	65	67	71	74
415	62	91	-15	692	1943	100	414	-1
416	362	72	12	631	1205	115	-1	417	-1
417	368	216	-12	3118	4517	164	416	-1
418	850	747	17	2726	3898	122	-1	419	-1
419	879	505	-17	3337	4469	158	418	-1
420	277	856	17	2483	3518	112	-1	421	41	1	3	6	10	11	12	16	19	21	25	26	28	29	30	31	34	40	41	42	44	45	48	50	51	52	53	54	55	57	58	59	60	64	65	66	67	68	69	70	71	72
421	280	876	-17	2991	3817	182	420	-1
422	47	979	10	43	798	134	-1	423	38	1	6	7	8	9	10	12	13	14	17	19	23	25	26	28	29	30	34	35	36	40	41	43	44	46	49	50	54	57	58	61	62	64	65	68	69	70	71
423	89	793	-10	3209	4446	115	422	-1
424	755	207	5	666	1455	150	-1	425	-1
425	497	284	-5	2151	2804	132	424	-1
426	79	79	15	719	1974	236	-1	427	24	2	3	9	14	15	16	18	22	23	29	32	37	40	45	47	53	54	55	56	58	60	62	72	74
427	212	195	-15	1742	3222	224	426	-1
428	659	3	15	2908	3935	145	-1	429	-1
429	795	183	-15	3743	4682	221	428	-1
430	77	510	10	1204	1727	171	-1	431	29	5	8	9	10	11	20	21	22	25	26	31	34	35	36	40	41	42	43	46	47	48	50	51	57	61	66	67	69	71
431	11	562	-10	3363	4199	232	430	-1
432	611	151	11	2829	3704	119	-1	433	29	3	7	13	15	17	19	21	24	26	27	32	35	38	39	46	49	50	52	53	56	57	60	61	63	68	69	70	71	73
433	565	195	-11	3339	4782	110	432	-1
434	565	976	11	1419	2606	121	-1	435	-1
435	317	876	-11	2803	4136	132	434	-1
436	80	268	13	1844	3332	181	-1	437	-1
437	244	267	-13	3317	4619	154	436	-1
438	560	898	15	1278	1902	248	-1	439	-1
439	687	810	-15	3870	4834	190	438	-1
440	309	375	9	2415	3098	151	-1	441	-1
441	475	344	-9	2166	3540	244	440	-1
442	965	396	6	129	892	156	-1	443	-1
443	714	485	-6	4	1432	163	442	-1
444	960	875	11	375	965	104	-1	445	34	3	4	5	7	10	11	16	17	20	23	26	27	32	33	36	40	41	42	44	46	47	48	51	52	55	56	58	60	62	63	66	68	70	71
445	887	644	-11	145	1300	212	444	-1
446	552	120	10	2781	4039	233	-1	447	43	3	5	6	8	10	13	15	16	17	19	20	22	24	26	27	29	33	34	35	40	41	42	44	45	47	49	50	52	53	57	58	59	60	61	62	63	66	67	68	69	70	72	73
447	556	401	-10	2360	3636	197	446	-1
448	840	293	7	1434	2204	198	-1	449	-1
449	865	540	-7	2549	3553	177	448	-1
450	523	408	14	1370	2790	129	-1	451	-1
451	273	471	-14	2990	4245	169	450	-1
452	733	215	19	1101	2267	132	-1	453	-1
453	805	352	-19	2538	3497	249	452	-1
454	837	330	8	3170	4078	157	-1	455	-1
455	895	292	-8	3384	4736	202	454	-1
456	214	446	11	8	523	240	-1	457	-1
457	52	382	-11	340	874	242	456	-1
458	862	642	12	1986	3347	111	-1	459	30	1	2	3	5	10	15	16	17	20	23	24	26	28	30	33	34	37	38	42	44	47	48	53	54	57	58	60	62	67	73
459	823	530	-12	3381	4537	186	458	-1
460	126	891	18	3045	3903	223	-1	461	41	0	1	4	8	9	10	12	13	14	15	16	17	19	20	22	24	25	27	28	29	31	33	35	37	39	41	42	44	46	47	54	56	59	61	62	66	67	68	70	71	72
461	40	649	-18	2842	4185	139	460	-1
462	533	512	17	1004	2465	142	-1	463	-1
463	457	420	-17	404	1598	107	462	-1
464	826	931	11	2084	3157	111	-1	465	-1
465	757	743	-11	2905	3756	226	464	-1
466	88	258	14	1806	3085	191	-1	467	36	1	4	5	6	10	11	12	15	16	20	21	23	24	25	32	33	35	36	38	39	42	44	47	51	52	54	56	57	58	61	64	66	68	69	71	73
467	227	192	-14	1950	3298	248	466	-1
468	730	473	11	1996	2562	114	-1	469	39	1	3	6	7	12	13	15	17	20	22	24	25	27	28	29	30	33	36	37	38	40	42	44	45	46	50	51	57	58	60	62	63	66	67	68	69	70	73	74
469	902	559	-11	1782	2805	246	468	-1
470	872	148	19	176	1397	198	-1	471	23	2	4	6	11	20	25	27	32	33	39	42	45	48	49	50	52	53	61	65	67	68	70	71
471	897	217	-19	3024	4076	174	470	-1
472	934	248	9	585	1886	239	-1	473	30	0	2	5	7	13	15	17	18	21	24	28	30	34	36	37	38	42	45	49	55	56	57	60	61	64	67	70	72	73	74
473	790	188	-9	3349	4071	154	472	-1
474	919	620	20	2343	3566	139	-1	475	25	3	4	6	7	9	15	18	19	27	28	29	32	41	43	45	49	57	58	62	63	65	66	67	70	73
475	675	503	-20	3618	4992	240	474	-1
476	802	571	5	834	1371	207	-1	477	27	1	2	6	9	10	13	14	15	20	25	37	40	48	52	54	56	58	59	61	63	65	66	67	68	70	73	74
477	590	653	-5	4249	4935	153	476	-1
478	492	431	10	426	1574	152	-1	479	31	1	3	4	6	9	11	12	15	20	24	25	30	31	33	34	37	38	39	42	43	47	48	52	54	56	60	61	65	66	68	72
479	456	579	-10	1083	2448	100	478	-1
480	683	567	11	1164	2531	153	-1	481	-1
481	857	579	-11	2747	4229	101	480	-1
482	611	925	5	166	974	184	-1	483	41	0	1	2	4	5	7	9	10	13	14	15	16	17	18	21	23	24	32	34	38	39	40	41	43	44	45	46	49	50	51	55	58	59	61	62	64	65	66	69	70	72
483	450	848	-5	3263	3800	138	482	-1
484	211	456	9	1900	2765	113	-1	485	-1
485	99	658	-9	1201	2653	180	484	-1
486	333	741	6	1634	2938	112	-1	487	-1
487	381	902	-6	1856	2748	160	486	-1
488	921	558	7	676	2171	222	-1	489	-1
489	701	559	-7	244	1433	173	488	-1
490	857	454	15	1777	2772	142	-1	491	30	0	1	2	3	4	7	10	11	12	13	14	17	19	21	25	28	33	34	38	40	41	48	51	53	54	55	57	60	63	73
491	891	466	-15	1699	2573	245	490	-1
492	460	301	19	529	1402	137	-1	493	42	1	2	3	5	7	12	13	14	15	17	18	19	21	22	25	26	29	30	31	32	36	41	45	46	48	49	51	54	55	57	58	59	60	62	63	64	65	66	69	70	71	72
493	406	159	-19	2142	2995	138	492	-1
494	790	721	6	397	1646	189	-1	495	42	0	3	6	7	9	13	14	15	21	22	25	27	28	29	30	31	32	36	37	38	39	41	42	43	44	45	46	47	50	51	52	54	55	56	57	59	60	61	65	67	69	73
495	734	838	-6	3348	4103	190	494	-1
496	323	182	12	424	1570	100	-1	497	-1
497	211	57	-12	103	1522	212	496	-1
498	654	799	6	1883	3274	193	-1	499	38	1	3	4	8	9	13	14	15	20	21	22	26	27	28	29	30	37	38	39	42	45	47	48	49	50	52	53	54	56	58	59	61	64	65	66	68	70	71
499	739	576	-6	3158	4029	183	498	-1
0	51	97	35	334	50	0	5000
1	304	684	288	565	50	0	5000
2	288	430	304	334	50	0	5000
3	192	490	368	492	50	0	5000
4	268	175	388	406	50	0	5000
5	964	721	996	374	50	0	5000
6	814	10	936	360	50	0	5000
7	782	109	571	42	50	0	5000
8	650	995	263	833	50	0	5000
9	82	515	367	323	50	0	5000
10	262	690	174	827	50	0	5000
11	205	314	24	595	50	0	5000
12	16	28	292	277	50	0	5000
13	776	586	944	600	50	0	5000
14	2	277	337	471	50	0	5000
15	42	307	34	603	50	0	5000
16	765	541	811	414	50	0	5000
17	428	783	335	377	50	0	5000
18	774	700	752	819	50	0	5000
19	757	431	555	673	50	0	5000
20	264	251	242	31	50	0	5000
21	150	571	25	582	50	0	5000
22	493	645	153	460	50	0	5000
23	38	301	172	662	50	0	5000
24	814	720	947	866	50	0	5000
25	98	70	194	126	50	0	5000
26	258	516	221	287	50	0	5000
27	805	987	934	758	50	0	5000
28	701	138	707	137	50	0	5000
29	503	360	672	96	50	0	5000
30	620	269	495	519	50	0	5000
31	5	475	214	744	50	0	5000
32	271	422	517	275	50	0	5000
33	773	973	905	682	50	0	5000
34	783	554	981	275	50	0	5000
35	933	951	536	836	50	0	5000
36	800	351	897	611	50	0	5000
37	434	127	734	22	50	0	5000
38	541	671	144	541	50	0	5000
39	466	76	684	21	50	0	5000
40	918	878	851	684	50	0	5000
41	790	847	972	779	50	0	5000
42	360	122	267	410	50	0	5000
43	303	404	431	385	50	0	5000
44	159	777	474	522	50	0	5000
45	341	404	732	296	50	0	5000
46	657	491	335	577	50	0	5000
47	563	941	876	724	50	0	5000
48	686	107	527	447	50	0	5000
49	679	179	757	259	50	0	5000
50	939	604	989	982	50	0	5000
51	818	652	833	507	50	0	5000
52	179	303	247	166	50	0	5000
53	892	180	554	434	50	0	5000
54	183	837	185	872	50	0	5000
55	123	760	117	358	50	0	5000
56	134	789	293	837	50	0	5000
57	947	886	706	901	50	0	5000
58	911	845	644	718	50	0	5000
59	380	868	266	952	50	0	5000
60	93	434	439	479	50	0	5000
61	343	674	3	628	50	0	5000
62	904	564	672	410	50	0	5000
63	137	252	269	397	50	0	5000
64	735	68	477	390	50	0	5000
65	463	282	238	99	50	0	5000
66	740	652	658	656	50	0	5000
67	674	212	960	395	50	0	5000
68	795	885	662	982	50	0	5000
69	959	859	629	869	50	0	5000
70	987	972	808	687	50	0	5000
71	362	766	426	908	50	0	5000
72	703	519	460	748	50	0	5000
73	843	136	752	44	50	0	5000
74	899	246	746	3	50	0	5000
