100	30	1	1	100000
0	284	480	7	2803	4243	243	-1	1	-1
1	251	630	-7	4124	4882	228	0	-1
2	644	669	16	2501	3914	124	-1	3	-1
3	469	813	-16	3682	4595	221	2	-1
4	797	632	19	1925	3033	193	-1	5	-1
5	734	702	-19	3563	4103	181	4	-1
6	838	239	13	3362	4156	104	-1	7	-1
7	852	334	-13	3064	4288	131	6	-1
8	836	110	17	611	1498	196	-1	9	-1
9	847	329	-17	1422	2389	233	8	-1
10	662	637	9	133	1599	168	-1	11	-1
11	474	812	-9	2417	3365	172	10	-1
12	761	165	15	443	1246	133	-1	13	-1
13	836	111	-15	2443	2986	183	12	-1
14	473	791	18	1014	1765	225	-1	15	-1
15	609	615	-18	585	1908	217	14	-1
16	655	660	16	685	1713	171	-1	17	-1
17	473	809	-16	2927	4368	123	16	-1
18	613	620	14	588	1572	181	-1	19	-1
19	471	808	-14	3626	4965	186	18	-1
20	843	696	9	763	1395	186	-1	21	-1
21	849	699	-9	3536	4085	195	20	-1
22	259	18	15	1437	2377	143	-1	23	-1
23	279	1	-15	2274	3044	116	22	-1
24	251	631	8	1730	3152	194	-1	25	-1
25	241	644	-8	2985	4237	115	24	-1
26	904	385	11	443	1447	117	-1	27	-1
27	838	115	-11	3790	4933	238	26	-1
28	850	106	7	625	2054	117	-1	29	-1
29	848	328	-7	3576	4895	137	28	-1
30	660	680	18	2262	3753	120	-1	31	-1
31	646	625	-18	3139	4409	155	30	-1
32	235	592	7	358	1758	166	-1	33	-1
33	235	629	-7	2299	3476	185	32	-1
34	846	698	20	2034	3081	215	-1	35	-1
35	656	661	-20	3537	4375	201	34	-1
36	929	694	8	1235	2608	173	-1	37	-1
37	659	654	-8	3631	4415	224	36	-1
38	259	18	17	469	1808	152	-1	39	-1
39	259	18	-17	3047	4466	203	38	-1
40	664	604	11	3454	4048	138	-1	41	-1
41	843	696	-11	3692	4968	183	40	-1
42	664	664	16	252	1003	121	-1	43	-1
43	677	628	-16	441	1054	219	42	-1
44	251	630	19	1414	2481	136	-1	45	-1
45	249	632	-19	1437	2684	183	44	-1
46	310	706	8	1429	2764	233	-1	47	-1
47	469	809	-8	2245	3339	112	46	-1
48	249	64	10	64	746	109	-1	49	-1
49	212	34	-10	1296	2653	222	48	-1
50	253	631	18	449	1384	246	-1	51	-1
51	282	567	-18	2898	3553	242	50	-1
52	613	619	19	1808	2886	230	-1	53	-1
53	611	615	-19	3298	3910	231	52	-1
54	843	696	19	2364	3175	158	-1	55	-1
55	690	616	-19	2748	4044	224	54	-1
56	289	562	7	1781	2807	244	-1	57	-1
57	252	630	-7	3392	4350	194	56	-1
58	259	18	18	521	1109	180	-1	59	-1
59	259	18	-18	175	1387	132	58	-1
60	381	899	6	664	1543	162	-1	61	-1
61	471	808	-6	1963	3231	196	60	-1
62	469	894	15	402	1009	102	-1	63	-1
63	569	652	-15	1380	2592	222	62	-1
64	848	697	17	1826	3294	176	-1	65	-1
65	832	694	-17	1750	2915	236	64	-1
66	640	626	17	190	1404	145	-1	67	-1
67	654	691	-17	3693	4897	246	66	-1
68	269	542	20	1083	1589	217	-1	69	-1
69	215	717	-20	2787	3528	133	68	-1
70	837	702	17	558	1845	202	-1	71	-1
71	662	655	-17	4116	4971	142	70	-1
72	252	630	12	2014	2765	171	-1	73	-1
73	268	539	-12	3394	4387	216	72	-1
74	847	327	12	192	1519	237	-1	75	-1
75	836	112	-12	4029	4833	135	74	-1
76	897	186	11	3534	4322	230	-1	77	-1
77	828	118	-11	3397	4406	178	76	-1
78	651	620	8	1365	2176	152	-1	79	-1
79	469	795	-8	3461	4951	204	78	-1
80	614	620	20	1519	2913	136	-1	81	-1
81	641	742	-20	1671	3155	150	80	-1
82	839	288	8	1660	3055	183	-1	83	-1
83	836	111	-8	2051	2690	140	82	-1
84	843	696	20	713	1546	116	-1	85	-1
85	600	655	-20	2073	2867	112	84	-1
86	834	123	12	2360	3080	223	-1	87	-1
87	840	118	-12	3018	4329	236	86	-1
88	471	813	17	3005	3751	175	-1	89	-1
89	599	598	-17	3449	4671	112	88	-1
90	470	808	15	115	944	160	-1	91	-1
91	615	618	-15	1939	2757	176	90	-1
92	839	690	16	313	1719	155	-1	93	-1
93	614	618	-16	298	1559	175	92	-1
94	613	618	14	1377	2410	113	-1	95	-1
95	612	618	-14	468	1924	201	94	-1
96	263	21	17	3062	4450	232	-1	97	-1
97	259	75	-17	3284	4441	232	96	-1
98	669	565	16	668	1921	144	-1	99	-1
99	612	619	-16	1355	1952	230	98	-1
100	282	615	7	1601	2598	107	-1	101	-1
101	250	635	-7	3708	4685	142	100	-1
102	598	710	16	1756	2283	241	-1	103	-1
103	655	662	-16	2270	3181	213	102	-1
104	670	625	10	310	874	154	-1	105	-1
105	850	694	-10	1410	2523	131	104	-1
106	842	691	6	752	1468	187	-1	107	-1
107	682	644	-6	3787	4656	174	106	-1
108	228	75	9	1290	1840	223	-1	109	-1
109	265	16	-9	3109	4120	175	108	-1
110	469	807	13	2353	3062	146	-1	111	-1
111	689	631	-13	3746	4425	177	110	-1
112	642	654	19	428	1578	206	-1	113	-1
113	465	813	-19	3225	3786	195	112	-1
114	258	20	18	3275	4605	217	-1	115	-1
115	290	11	-18	2759	3960	131	114	-1
116	683	652	15	735	1824	114	-1	117	-1
117	606	613	-15	720	1232	114	116	-1
118	820	620	12	3815	4636	121	-1	119	-1
119	840	698	-12	2892	4232	144	118	-1
120	247	640	7	1114	2318	174	-1	121	-1
121	178	549	-7	2173	3411	192	120	-1
122	606	660	17	2147	3324	243	-1	123	-1
123	656	662	-17	3107	4411	202	122	-1
124	472	807	8	1296	2681	104	-1	125	-1
125	624	617	-8	4204	4996	164	124	-1
126	478	769	6	3569	4183	246	-1	127	-1
127	613	623	-6	3651	4780	164	126	-1
128	193	468	17	527	1629	229	-1	129	-1
129	266	650	-17	1894	2542	204	128	-1
130	683	631	13	2225	2874	165	-1	131	-1
131	616	621	-13	2654	3724	126	130	-1
132	189	694	19	2396	3736	149	-1	133	-1
133	241	646	-19	3419	4163	217	132	-1
134	256	663	8	689	1957	154	-1	135	-1
135	215	559	-8	3573	4723	176	134	-1
136	790	294	10	599	1701	185	-1	137	-1
137	852	137	-10	2404	3566	223	136	-1
138	867	337	18	1986	3219	216	-1	139	-1
139	848	328	-18	3368	4791	236	138	-1
140	659	680	12	3025	3610	121	-1	141	-1
141	819	716	-12	2328	3782	155	140	-1
142	839	724	5	473	1335	129	-1	143	-1
143	842	696	-5	1588	2968	224	142	-1
144	831	117	10	2756	3819	148	-1	145	-1
145	803	102	-10	2878	3591	154	144	-1
146	896	119	19	925	1563	131	-1	147	-1
147	849	328	-19	1846	3261	248	146	-1
148	629	638	8	344	888	162	-1	149	-1
149	613	619	-8	2607	3623	246	148	-1
150	837	694	17	1037	2503	201	-1	151	-1
151	656	661	-17	2885	3387	235	150	-1
152	251	630	9	975	1966	127	-1	153	-1
153	221	620	-9	1483	2112	198	152	-1
154	236	54	12	1869	2996	139	-1	155	-1
155	259	18	-12	1823	2501	211	154	-1
156	793	123	11	1983	2845	195	-1	157	-1
157	835	112	-11	1341	2703	203	156	-1
158	778	307	14	1166	1893	229	-1	159	-1
159	821	334	-14	1922	3344	184	158	-1
160	836	71	12	1400	2224	192	-1	161	-1
161	836	111	-12	1977	2494	185	160	-1
162	197	624	10	2052	2680	107	-1	163	-1
163	271	615	-10	1847	2635	124	162	-1
164	856	314	6	387	1658	205	-1	165	-1
165	829	113	-6	906	2176	215	164	-1
166	255	614	9	3225	3880	125	-1	167	-1
167	291	596	-9	3720	4612	122	166	-1
168	418	874	5	230	1365	219	-1	169	-1
169	465	809	-5	855	2005	189	168	-1
170	791	309	11	1482	2444	172	-1	171	-1
171	850	325	-11	1695	2857	143	170	-1
172	681	638	17	2922	3833	161	-1	173	-1
173	612	620	-17	3383	4518	202	172	-1
174	690	599	18	3640	4470	104	-1	175	-1
175	789	749	-18	3232	4132	136	174	-1
176	259	18	6	3099	3639	236	-1	177	-1
177	259	17	-6	3383	3950	220	176	-1
178	259	18	15	197	705	164	-1	179	-1
179	248	0	-15	1884	2416	155	178	-1
180	612	621	16	2857	4334	158	-1	181	-1
181	656	661	-16	3727	4946	162	180	-1
182	850	689	13	5	1484	154	-1	183	-1
183	843	696	-13	3846	4416	136	182	-1
184	869	128	19	1372	2720	175	-1	185	-1
185	899	303	-19	3059	4092	199	184	-1
186	250	637	19	583	2013	240	-1	187	-1
187	254	628	-19	2578	3117	199	186	-1
188	850	327	7	321	844	196	-1	189	-1
189	831	329	-7	124	813	155	188	-1
190	674	654	15	1029	1614	156	-1	191	-1
191	471	809	-15	1387	2607	133	190	-1
192	257	20	11	172	1001	127	-1	193	-1
193	247	7	-11	526	1223	121	192	-1
194	259	541	6	1259	2519	207	-1	195	-1
195	232	708	-6	1117	1955	111	194	-1
196	268	539	9	3342	4671	212	-1	197	-1
197	526	636	-9	3423	4904	227	196	-1
198	876	96	18	2804	3712	101	-1	199	-1
199	857	85	-18	3585	4950	217	198	-1
0	713	913	713	913	50	0	5000
1	385	72	385	72	50	0	5000
2	911	125	911	125	50	0	5000
3	385	69	385	69	50	0	5000
4	92	364	92	364	50	0	5000
5	713	913	713	913	50	0	5000
6	385	72	385	72	50	0	5000
7	911	125	911	125	50	0	5000
8	385	69	385	69	50	0	5000
9	92	364	92	364	50	0	5000
10	713	913	713	913	50	0	5000
11	385	72	385	72	50	0	5000
12	911	125	911	125	50	0	5000
13	385	69	385	69	50	0	5000
14	92	364	92	364	50	0	5000
15	713	913	713	913	50	0	5000
16	385	72	385	72	50	0	5000
17	911	125	911	125	50	0	5000
18	385	69	385	69	50	0	5000
19	92	364	92	364	50	0	5000
20	713	913	713	913	50	0	5000
21	385	72	385	72	50	0	5000
22	911	125	911	125	50	0	5000
23	385	69	385	69	50	0	5000
24	92	364	92	364	50	0	5000
25	713	913	713	913	50	0	5000
26	385	72	385	72	50	0	5000
27	911	125	911	125	50	0	5000
28	385	69	385	69	50	0	5000
29	92	364	92	364	50	0	5000
