50	15	1	1	100000
0	242	644	10	3183	4596	131	-1	1	-1
1	110	445	-10	3637	4230	216	0	-1
2	465	275	20	1953	3114	174	-1	3	-1
3	365	131	-20	1949	2709	158	2	-1
4	359	32	19	953	2098	208	-1	5	-1
5	356	38	-19	1255	2621	172	4	-1
6	947	648	7	1490	2891	156	-1	7	-1
7	984	620	-7	3160	4214	106	6	-1
8	265	648	17	826	2143	158	-1	9	-1
9	87	434	-17	1346	2349	236	8	-1
10	153	172	13	275	945	156	-1	11	-1
11	152	194	-13	335	1412	186	10	-1
12	932	648	6	1521	2590	141	-1	13	-1
13	913	607	-6	3920	4565	236	12	-1
14	131	335	13	796	1494	222	-1	15	-1
15	80	506	-13	4061	4619	129	14	-1
16	459	269	19	1075	2438	175	-1	17	-1
17	379	34	-19	1349	2740	165	16	-1
18	267	649	11	2173	3050	105	-1	19	-1
19	233	680	-11	1838	2599	194	18	-1
20	155	173	11	1223	2622	186	-1	21	-1
21	337	18	-11	2713	3808	195	20	-1
22	381	627	18	954	1954	182	-1	23	-1
23	258	609	-18	2728	4125	239	22	-1
24	176	205	14	1507	2589	195	-1	25	-1
25	108	425	-14	847	2303	219	24	-1
26	398	297	16	2816	3789	181	-1	27	-1
27	353	39	-16	2836	4195	158	26	-1
28	357	31	11	2532	3535	240	-1	29	-1
29	160	174	-11	2798	3390	156	28	-1
30	944	651	17	2704	3358	233	-1	31	-1
31	902	373	-17	2441	3881	226	30	-1
32	231	635	9	2233	3702	204	-1	33	-1
33	87	434	-9	2824	3806	222	32	-1
34	998	368	5	1035	2401	126	-1	35	-1
35	917	339	-5	1355	2234	140	34	-1
36	155	175	18	112	1104	176	-1	37	-1
37	155	173	-18	2509	3277	167	36	-1
38	448	250	12	512	1554	175	-1	39	-1
39	350	70	-12	1995	3459	197	38	-1
40	135	177	19	161	831	189	-1	41	-1
41	152	174	-19	2848	3547	237	40	-1
42	157	219	12	358	1536	138	-1	43	-1
43	100	408	-12	911	2366	203	42	-1
44	942	652	20	2897	3530	137	-1	45	-1
45	918	597	-20	3344	3947	193	44	-1
46	917	334	14	696	2090	180	-1	47	-1
47	919	596	-14	990	2317	249	46	-1
48	182	233	12	2676	3975	209	-1	49	-1
49	356	38	-12	3413	4597	128	48	-1
50	94	430	8	388	1018	137	-1	51	-1
51	88	435	-8	3416	4362	235	50	-1
52	49	396	15	1240	2192	167	-1	53	-1
53	154	172	-15	1487	2280	142	52	-1
54	81	505	14	2196	3519	154	-1	55	-1
55	80	506	-14	1720	3148	108	54	-1
56	157	672	11	617	1691	154	-1	57	-1
57	220	455	-11	3293	4041	199	56	-1
58	291	0	11	680	1996	236	-1	59	-1
59	184	170	-11	1625	2532	123	58	-1
60	461	269	10	1580	2994	241	-1	61	-1
61	461	273	-10	1865	2963	184	60	-1
62	267	649	19	267	971	196	-1	63	-1
63	69	530	-19	471	1667	156	62	-1
64	469	275	13	868	1407	238	-1	65	-1
65	458	269	-13	1719	2475	242	64	-1
66	135	202	14	147	1343	198	-1	67	-1
67	94	438	-14	1918	2943	186	66	-1
68	945	652	19	871	1808	238	-1	69	-1
69	816	640	-19	2608	3487	213	68	-1
70	945	652	20	3363	4242	203	-1	71	-1
71	938	654	-20	2884	4384	238	70	-1
72	89	492	19	442	1364	214	-1	73	-1
73	231	636	-19	334	1774	235	72	-1
74	286	672	15	3137	4568	231	-1	75	-1
75	285	650	-15	3639	4603	156	74	-1
76	253	662	7	1782	2738	116	-1	77	-1
77	77	467	-7	3373	4352	223	76	-1
78	270	649	10	1793	2605	214	-1	79	-1
79	159	480	-10	1451	2410	181	78	-1
80	954	626	10	2225	3020	237	-1	81	-1
81	982	632	-10	1563	2892	217	80	-1
82	359	28	16	2437	3037	225	-1	83	-1
83	460	270	-16	3248	3758	166	82	-1
84	95	374	6	1347	1967	109	-1	85	-1
85	45	561	-6	4174	4693	124	84	-1
86	176	183	17	419	1185	129	-1	87	-1
87	161	177	-17	3299	4375	196	86	-1
88	865	291	15	2457	2957	116	-1	89	-1
89	915	334	-15	2052	3336	218	88	-1
90	175	673	12	3040	4053	188	-1	91	-1
91	231	619	-12	3792	4367	110	90	-1
92	916	360	9	1505	2764	183	-1	93	-1
93	924	317	-9	3336	3907	226	92	-1
94	917	334	17	1554	2352	102	-1	95	-1
95	947	286	-17	2362	3729	150	94	-1
96	64	426	9	1941	3355	121	-1	97	-1
97	104	439	-9	4051	4796	205	96	-1
98	945	652	6	120	965	163	-1	99	-1
99	908	400	-6	991	1952	186	98	-1
0	82	531	82	531	50	0	5000
1	76	154	76	154	50	0	5000
2	524	904	524	904	50	0	5000
3	39	418	39	418	50	0	5000
4	298	94	298	94	50	0	5000
5	82	531	82	531	50	0	5000
6	76	154	76	154	50	0	5000
7	524	904	524	904	50	0	5000
8	39	418	39	418	50	0	5000
9	298	94	298	94	50	0	5000
10	82	531	82	531	50	0	5000
11	76	154	76	154	50	0	5000
12	524	904	524	904	50	0	5000
13	39	418	39	418	50	0	5000
14	298	94	298	94	50	0	5000
