500	150	1	1	100000
0	328	475	13	726	1475	245	-1	1	84	2	3	5	8	11	13	14	15	16	18	20	23	27	28	29	30	31	33	34	35	36	38	39	40	44	45	46	47	48	49	50	55	56	57	66	67	68	76	78	79	80	83	84	85	87	90	92	93	94	95	96	98	99	102	105	107	110	111	112	113	114	116	117	118	123	124	125	126	128	129	130	131	133	135	137	138	139	140	141	144	145	146	147	148
1	315	350	-13	2060	2654	186	0	-1
2	927	236	13	978	1730	166	-1	3	50	0	2	7	10	13	16	17	23	31	32	34	36	40	45	48	50	52	54	59	60	62	63	70	71	73	76	80	81	82	85	89	91	97	98	102	104	106	107	115	116	125	129	130	133	134	135	137	138	141	146
3	747	157	-13	2256	3324	168	2	-1
4	134	92	8	579	1087	118	-1	5	-1
5	150	110	-8	2119	3415	190	4	-1
6	907	274	20	1771	2609	134	-1	7	83	2	3	6	7	10	12	14	16	17	18	19	21	22	24	25	27	28	33	34	35	36	37	38	39	41	42	44	48	50	52	54	56	57	58	60	66	67	68	69	70	71	72	73	74	76	77	78	80	81	82	86	87	88	90	93	95	97	99	101	102	103	104	105	106	107	112	113	117	118	122	123	124	128	133	135	139	140	142	143	144	146	148	149
7	927	240	-20	2708	3502	100	6	-1
8	926	237	14	2539	3921	111	-1	9	-1
9	751	152	-14	3025	4347	236	8	-1
10	251	682	20	69	1410	217	-1	11	71	0	2	4	6	7	8	10	12	13	15	18	20	23	25	30	31	35	36	40	45	46	47	50	54	55	60	63	64	66	67	69	70	71	72	74	76	78	83	84	86	87	89	90	92	93	96	97	101	102	103	104	105	106	107	108	110	111	112	114	116	122	125	126	127	130	131	133	134	135	139	142
11	199	723	-20	617	1220	163	10	-1
12	237	721	20	151	1207	121	-1	13	-1
13	321	456	-20	433	1483	118	12	-1
14	232	742	5	229	1593	232	-1	15	60	1	9	10	11	12	14	19	21	23	25	26	31	33	41	42	45	49	51	52	53	58	59	63	64	67	70	71	74	76	78	79	82	83	84	85	87	88	89	95	98	100	101	102	104	105	110	111	112	119	121	122	123	125	134	138	139	141	142	144	147
15	308	944	-5	1922	3182	149	14	-1
16	324	454	20	296	1173	167	-1	17	79	0	1	11	13	14	18	19	20	21	22	23	24	26	27	28	29	30	31	32	35	37	38	40	41	45	47	48	50	54	58	60	62	64	66	67	68	69	74	76	78	82	83	84	85	86	89	91	93	94	95	96	97	98	100	101	102	104	105	108	111	116	119	121	122	123	124	126	127	129	130	133	134	136	137	139	141	143	145	148
17	273	590	-20	286	1725	118	16	-1
18	360	91	8	287	1191	210	-1	19	69	2	4	5	10	12	13	14	15	18	20	25	30	35	37	39	42	44	47	52	56	57	62	63	64	66	67	69	70	77	79	82	83	84	87	88	90	93	95	96	97	100	101	103	105	106	107	109	112	113	115	116	119	120	124	126	129	130	131	134	135	138	139	140	141	142	143	144	145	146
19	147	156	-8	1752	3152	118	18	-1
20	773	137	7	815	1921	196	-1	21	-1
21	901	219	-7	1564	3054	115	20	-1
22	373	353	10	3339	4227	246	-1	23	53	6	7	8	13	16	17	22	23	28	30	34	35	46	48	50	53	54	59	61	65	66	70	72	74	75	76	77	80	81	82	84	87	88	93	96	98	99	102	109	111	112	114	119	121	126	127	132	134	137	141	145	146	147
23	373	355	-10	2887	4371	174	22	-1
24	272	580	17	2537	3866	163	-1	25	-1
25	315	560	-17	2360	3193	126	24	-1
26	708	177	8	512	1801	249	-1	27	-1
27	937	272	-8	1162	2298	104	26	-1
28	271	568	6	3234	4589	233	-1	29	-1
29	372	356	-6	2403	3831	122	28	-1
30	427	386	8	2334	3057	156	-1	31	52	1	15	20	22	26	27	32	39	40	42	43	50	53	54	55	56	58	59	60	68	69	70	72	73	75	76	81	88	89	91	92	96	98	99	100	101	102	103	107	111	112	113	115	122	128	131	133	135	138	141	144	145
31	322	461	-8	1768	3117	101	30	-1
32	880	169	11	1024	2095	217	-1	33	55	2	5	7	9	16	19	21	24	25	26	29	30	31	35	37	43	45	51	54	58	59	63	65	66	68	70	71	75	76	81	84	89	90	92	94	95	100	102	105	110	111	113	116	117	118	119	124	125	129	136	137	140	146	147	149
33	733	150	-11	705	1724	182	32	-1
34	151	99	16	613	1767	205	-1	35	87	1	2	4	5	6	7	11	14	15	17	18	20	24	27	29	30	31	32	33	34	37	40	41	43	44	45	46	48	50	52	54	56	57	58	59	60	61	62	63	64	66	67	68	71	74	75	76	77	78	80	82	83	84	87	89	90	92	94	96	97	98	101	103	107	109	113	115	117	118	121	124	125	126	127	129	130	131	132	133	138	139	140	143	144	145	146	148
35	152	110	-16	2245	3256	136	34	-1
36	437	925	17	796	1483	247	-1	37	82	0	4	7	10	11	12	14	15	18	20	25	26	30	31	32	36	38	39	40	42	43	44	45	46	47	48	49	51	52	55	56	58	60	61	63	64	66	68	70	71	73	76	78	80	81	83	84	88	90	91	92	93	99	100	101	102	103	104	106	109	111	113	114	115	116	117	118	120	121	124	125	128	130	131	134	135	138	139	142	144	145	149
37	368	944	-17	3769	4866	134	36	-1
38	277	578	9	4099	4950	221	-1	39	89	0	1	3	4	5	6	7	10	11	16	17	19	22	24	25	27	28	34	36	37	38	39	40	41	43	44	45	47	48	54	55	57	60	61	62	65	66	67	68	69	72	73	74	75	78	80	82	83	86	87	89	90	92	93	95	96	97	98	99	101	103	105	106	107	108	109	110	111	112	116	120	121	122	123	124	126	128	129	130	135	137	138	139	140	141	146	147	148	149
39	235	723	-9	4038	4880	230	38	-1
40	372	356	13	870	1618	217	-1	41	72	1	4	7	9	10	11	12	17	18	19	20	23	25	26	28	33	34	37	38	41	42	43	44	47	48	49	51	52	57	61	62	64	66	70	72	74	75	79	80	83	86	87	88	89	92	95	97	101	103	104	107	111	114	115	117	118	122	123	125	126	128	129	130	131	132	133	134	135	139	141	143	146
41	354	94	-13	887	2146	205	40	-1
42	218	608	12	323	1815	246	-1	43	81	0	2	4	6	7	8	9	13	14	15	16	17	18	19	20	22	25	27	28	29	31	32	33	35	37	38	41	43	44	52	54	59	61	65	66	68	69	72	75	78	80	81	82	85	86	87	89	91	94	95	97	98	99	103	104	106	108	109	110	111	113	114	115	116	118	119	127	128	130	132	133	134	136	139	140	141	142	143	144	147	149
43	308	552	-12	381	1617	160	42	-1
44	946	190	10	3269	4090	208	-1	45	-1
45	920	239	-10	3512	4022	118	44	-1
46	892	222	9	1406	1926	172	-1	47	51	2	4	5	6	9	11	13	15	23	24	25	27	38	40	43	44	45	49	51	54	61	62	64	68	72	74	78	79	84	86	87	88	90	93	95	97	101	104	108	111	112	115	118	119	131	132	135	136	142	144	149
47	935	233	-9	1503	2501	124	46	-1
48	348	941	11	1553	2932	118	-1	49	-1
49	352	942	-11	1577	2231	177	48	-1
50	285	586	16	1773	3251	115	-1	51	-1
51	175	475	-16	2067	3513	209	50	-1
52	314	78	12	242	1200	123	-1	53	89	1	4	5	6	7	8	11	12	16	18	19	22	23	24	25	26	27	28	29	30	31	32	34	36	38	39	42	43	49	54	60	62	64	66	67	68	69	71	72	74	78	79	82	83	84	86	87	90	91	92	93	94	95	96	97	98	99	101	102	103	104	105	107	108	109	111	114	116	121	122	124	126	127	128	129	130	133	136	137	138	140	141	142	144	145	146	147	148	149
53	359	88	-12	3605	4970	164	52	-1
54	331	445	18	397	1084	175	-1	55	78	4	5	7	11	13	14	18	19	21	23	25	30	31	32	33	35	36	37	38	39	42	43	44	45	47	52	53	54	55	58	59	60	64	67	69	71	73	74	75	76	77	80	82	83	85	87	90	91	93	96	98	103	104	105	107	108	109	111	112	116	118	119	120	122	125	127	129	131	134	136	137	138	140	141	142	143	146	148
55	307	577	-18	306	1691	146	54	-1
56	750	153	12	627	1235	143	-1	57	-1
57	730	155	-12	1557	2892	236	56	-1
58	905	275	6	877	1528	237	-1	59	-1
59	927	240	-6	4227	4839	120	58	-1
60	757	161	8	2345	3599	210	-1	61	60	0	2	3	14	16	17	19	22	24	25	27	28	30	32	34	35	37	45	47	53	56	58	60	62	69	71	72	73	76	80	83	84	88	89	93	94	96	97	98	101	102	103	105	107	111	115	116	118	126	129	131	133	134	137	139	140	143	144	145	149
61	927	240	-8	2977	4363	125	60	-1
62	916	251	13	2535	3136	249	-1	63	68	2	5	6	10	12	16	17	18	19	23	27	28	30	32	34	35	37	38	40	43	45	48	49	52	53	55	59	60	63	64	66	68	72	74	76	78	80	82	83	85	88	89	90	92	93	95	98	99	102	104	106	107	111	112	114	118	120	124	126	127	129	137	140	142	144	145	146	147
63	752	151	-13	3062	4555	234	62	-1
64	132	92	18	1430	2426	101	-1	65	-1
65	149	93	-18	1743	2516	145	64	-1
66	166	92	17	1566	2794	239	-1	67	73	1	3	4	5	6	7	8	10	11	12	15	17	18	19	20	25	26	30	33	34	37	39	42	44	49	51	54	55	59	60	64	66	67	68	72	73	74	77	78	80	81	82	83	86	88	90	91	93	94	100	102	105	107	108	109	111	112	113	118	119	126	127	128	130	133	135	137	138	139	143	145	146	147
67	152	83	-17	2094	3537	100	66	-1
68	333	994	17	2013	2820	103	-1	69	-1
69	211	741	-17	1357	2778	195	68	-1
70	752	152	15	1398	2192	216	-1	71	65	6	7	9	13	18	19	22	23	24	26	27	28	29	30	31	33	34	36	39	40	42	48	53	57	58	59	61	66	71	72	73	74	77	81	82	85	86	87	88	91	92	94	97	102	105	108	109	113	117	118	119	120	121	122	123	126	127	131	132	133	135	136	143	144	148
71	883	303	-15	1987	3151	113	70	-1
72	236	605	12	631	1779	160	-1	73	-1
73	278	594	-12	2320	3451	217	72	-1
74	372	356	10	2491	3266	212	-1	75	71	1	3	5	9	10	12	15	16	17	20	25	26	28	29	30	31	35	36	40	41	44	46	49	50	52	53	57	58	60	64	65	66	68	70	71	72	74	77	79	81	83	84	85	89	91	92	94	95	98	99	102	106	107	110	115	119	120	121	122	123	128	129	130	133	134	135	136	141	143	144	148
75	396	461	-10	2538	3167	126	74	-1
76	226	701	13	3113	3839	143	-1	77	51	10	11	12	15	19	23	25	33	35	44	45	48	50	53	54	58	59	60	61	71	72	75	77	78	79	80	81	82	86	89	92	93	95	99	103	105	108	112	113	115	116	120	123	124	126	127	131	138	146	147	148
77	371	940	-13	2998	3906	154	76	-1
78	275	579	13	563	1288	161	-1	79	85	2	3	4	5	7	10	11	13	14	17	20	22	23	25	28	31	32	33	34	35	36	38	39	41	42	43	44	45	46	47	48	50	52	53	54	55	57	59	60	62	65	66	67	69	70	73	74	76	77	79	83	85	88	89	90	91	92	93	95	97	98	99	102	103	106	108	111	114	117	118	119	121	124	127	129	130	133	134	135	136	139	140	146	147	148
79	393	361	-13	3653	4933	203	78	-1
80	324	456	9	2304	2815	202	-1	81	80	1	2	3	4	5	6	7	8	12	16	17	18	20	21	22	23	24	27	28	29	30	32	33	34	35	36	39	42	43	44	45	46	47	49	51	52	53	55	57	58	59	60	61	63	68	69	71	73	74	80	82	86	87	88	89	90	91	94	96	97	102	104	108	109	111	112	113	114	115	117	121	122	125	128	129	134	135	137	141	143
81	273	580	-9	3538	4240	199	80	-1
82	64	68	9	394	1359	102	-1	83	49	0	3	4	8	9	12	13	15	19	20	22	25	27	28	29	37	41	44	50	53	64	68	69	71	72	73	78	83	85	86	94	101	102	103	104	105	106	107	110	113	118	119	124	127	131	132	140	141	145
83	345	97	-9	1486	2952	140	82	-1
84	324	454	16	1355	2541	146	-1	85	-1
85	362	317	-16	2641	3728	177	84	-1
86	256	710	17	1548	2801	105	-1	87	83	2	3	5	8	10	12	16	17	18	21	22	26	28	33	34	35	40	42	45	46	47	48	49	50	51	52	53	55	56	58	59	64	65	69	72	74	75	78	79	80	81	82	85	86	89	91	92	93	95	99	102	103	105	107	108	110	111	112	113	114	115	119	121	122	124	125	126	127	128	129	131	132	134	136	137	139	140	142	143	144	145	148	149
87	275	579	-17	3247	4324	163	86	-1
88	423	106	7	2918	3553	240	-1	89	46	10	13	22	23	26	32	34	35	38	41	42	47	52	56	58	62	64	67	68	72	74	76	77	78	89	90	93	100	101	102	107	114	117	118	120	122	124	126	127	128	132	137	139	141	144	145
89	349	369	-7	4184	4979	106	88	-1
90	257	584	7	38	539	243	-1	91	80	1	3	7	8	9	10	11	12	13	16	19	20	21	23	24	28	29	31	32	33	36	37	39	40	41	45	46	48	49	56	57	60	64	65	66	67	72	74	78	79	80	81	82	83	84	85	87	89	96	98	99	101	102	103	106	107	110	111	112	115	116	118	119	120	121	122	123	124	127	129	131	132	135	137	138	140	141	143	144	147
91	297	585	-7	623	1404	173	90	-1
92	272	482	10	475	1174	103	-1	93	80	0	2	4	7	8	10	14	15	17	19	21	22	23	24	26	30	31	33	37	38	39	43	44	47	48	49	50	52	53	54	59	61	62	63	65	67	69	70	71	74	75	76	77	79	80	86	87	88	89	91	94	95	96	97	98	99	100	102	103	107	111	114	116	117	118	121	124	126	127	128	129	131	136	139	140	141	142	145	146	149
93	324	465	-10	3867	4879	158	92	-1
94	249	632	16	549	1288	219	-1	95	54	4	5	7	9	11	14	15	16	17	20	25	31	34	36	37	40	41	42	49	50	51	52	54	56	58	65	66	67	71	77	79	81	87	89	93	94	96	97	100	104	105	108	114	115	122	128	129	132	136	137	140	146	147	149
95	240	550	-16	3889	4660	201	94	-1
96	287	476	8	2998	4255	189	-1	97	-1
97	300	513	-8	3666	4997	156	96	-1
98	751	152	13	2823	4308	167	-1	99	85	1	3	4	7	8	9	12	13	14	17	18	19	21	23	28	29	30	31	32	33	35	38	39	40	42	44	45	48	49	51	52	54	60	62	68	69	70	71	72	73	74	75	78	82	84	85	88	91	92	94	95	96	97	98	99	100	101	104	105	107	108	111	113	115	116	117	119	121	123	124	129	134	135	136	137	138	140	141	142	143	144	145	146	147	148
99	747	141	-13	2363	3261	150	98	-1
100	361	83	16	1512	2490	212	-1	101	-1
101	372	357	-16	2220	3430	217	100	-1
102	359	88	9	268	1574	148	-1	103	-1
103	143	98	-9	2780	3333	232	102	-1
104	746	155	17	1398	2703	214	-1	105	-1
105	927	240	-17	3721	4590	156	104	-1
106	739	143	10	3601	4349	165	-1	107	-1
107	918	242	-10	3894	4910	239	106	-1
108	342	10	14	2409	3651	100	-1	109	-1
109	332	37	-14	2717	3653	187	108	-1
110	227	714	20	3224	4283	111	-1	111	72	3	6	9	10	11	13	14	15	16	18	23	25	27	28	30	32	33	34	36	41	42	43	46	50	53	55	57	59	63	64	65	66	69	74	78	79	80	81	84	86	87	90	92	93	94	96	105	106	107	110	112	113	116	118	119	121	122	125	128	129	130	131	132	134	136	137	138	139	140	141	147	148
111	226	714	-20	4222	4780	243	110	-1
112	377	82	7	319	1414	197	-1	113	82	0	1	3	4	5	6	7	9	10	11	13	15	16	17	19	22	23	25	28	29	32	34	35	37	39	41	42	44	48	49	50	51	53	56	59	62	63	64	67	69	72	73	74	76	78	79	80	81	83	84	85	87	91	92	93	94	95	96	97	98	99	101	106	109	111	114	115	117	118	119	122	125	130	131	133	134	137	138	139	140	141	142
113	349	75	-7	2240	2993	103	112	-1
114	927	240	17	2610	3586	135	-1	115	48	3	4	6	10	14	17	19	21	22	24	25	26	29	32	36	38	40	42	43	53	54	57	62	64	66	67	70	74	77	78	82	84	87	97	98	99	113	115	120	122	124	125	126	128	132	134	143	144
115	757	176	-17	4245	4998	207	114	-1
116	142	99	13	1446	2644	202	-1	117	65	3	5	6	9	11	14	17	18	19	20	22	23	28	29	34	35	36	39	40	41	42	45	46	47	48	49	50	53	54	56	57	60	61	62	63	67	68	70	72	78	83	84	86	87	88	89	90	93	94	95	97	106	112	116	117	121	125	127	129	134	136	141	143	146	147
117	141	99	-13	1577	2279	185	116	-1
118	349	90	11	726	1493	135	-1	119	-1
119	147	76	-11	3623	4447	149	118	-1
120	732	135	17	1741	2424	219	-1	121	-1
121	928	239	-17	3060	4560	234	120	-1
122	282	586	19	3640	4842	198	-1	123	78	0	2	3	4	5	7	8	10	11	12	13	15	23	24	25	28	31	34	35	39	40	43	47	49	50	56	59	60	61	63	64	65	69	74	76	80	83	87	89	90	91	92	94	95	96	97	98	100	106	107	109	110	111	114	115	117	119	121	122	123	125	126	127	129	131	132	133	134	135	136	138	140	142	143	146	147	148	149
123	345	674	-19	3848	4914	145	122	-1
124	946	264	16	1458	2583	176	-1	125	49	1	2	5	6	8	10	13	15	16	20	21	27	31	40	41	44	47	54	55	56	59	60	61	62	64	65	68	70	71	73	75	79	83	84	86	93	94	97	107	108	113	117	122	129	130	133	134	139	148
125	777	153	-16	2537	3803	179	124	-1
126	747	156	17	2634	4036	121	-1	127	60	1	2	8	9	11	13	14	15	22	25	27	30	33	34	35	40	42	45	51	52	54	56	58	60	61	65	66	67	71	75	76	79	82	83	88	92	94	98	100	103	104	108	109	112	113	114	117	119	122	124	126	128	130	131	132	133	137	138	139	140
127	927	247	-17	3008	4193	150	126	-1
128	251	97	19	2097	3039	207	-1	129	59	2	3	8	9	13	15	16	18	19	21	22	25	26	29	30	32	33	34	35	36	37	38	40	43	45	48	50	52	57	58	60	67	68	71	72	77	78	81	83	84	93	94	97	99	101	102	106	110	112	115	118	125	129	130	131	136	137	138	143
129	68	124	-19	3346	4821	167	128	-1
130	141	99	8	73	701	231	-1	131	-1
131	375	88	-8	2708	4072	185	130	-1
132	406	355	18	364	1767	196	-1	133	-1
133	275	579	-18	4084	4723	155	132	-1
134	373	354	20	257	1467	113	-1	135	87	2	5	6	7	10	11	12	13	14	15	17	18	19	20	21	22	23	24	25	27	28	29	30	32	34	35	36	37	38	40	41	43	44	45	46	50	51	52	53	58	59	62	64	65	69	70	73	74	75	76	79	80	81	84	85	86	89	90	91	92	94	96	97	100	103	106	107	109	110	112	114	115	116	119	120	121	122	123	124	125	126	133	135	139	143	146	148
135	418	360	-20	1184	2200	125	134	-1
136	309	399	7	8	615	105	-1	137	64	2	3	5	7	8	11	15	16	17	18	24	25	28	29	30	32	36	37	41	43	44	51	52	53	58	60	61	62	66	68	69	70	71	74	76	84	85	91	92	94	95	99	100	101	103	105	113	115	116	117	118	119	120	122	123	126	129	130	134	136	138	139	143	148
137	364	357	-7	3074	3659	130	136	-1
138	218	727	13	142	899	203	-1	139	-1
139	252	588	-13	271	1504	109	138	-1
140	175	696	14	283	889	168	-1	141	-1
141	248	581	-14	322	1166	139	140	-1
142	746	149	15	426	1769	220	-1	143	53	1	2	3	5	6	8	10	12	13	14	16	17	21	22	23	26	29	31	34	44	45	52	55	56	60	61	63	68	72	73	76	80	81	85	91	93	96	98	99	100	103	107	111	113	114	117	118	126	127	132	141	147	149
143	905	290	-15	2898	3517	195	142	-1
144	944	236	13	598	2089	138	-1	145	50	5	10	11	13	14	15	18	20	21	27	33	38	40	45	47	49	50	58	61	64	65	68	71	72	75	76	77	78	80	83	84	88	90	95	98	103	112	115	116	122	123	124	125	127	128	137	138	144	145	148
145	760	149	-13	733	2021	146	144	-1
146	351	375	12	1341	2609	156	-1	147	-1
147	336	469	-12	3887	4906	149	146	-1
148	380	356	13	834	1735	112	-1	149	-1
149	371	361	-13	502	1875	116	148	-1
150	226	717	18	217	976	142	-1	151	50	1	2	9	15	16	18	19	20	22	31	35	36	37	38	41	42	43	44	51	52	56	58	61	65	69	70	74	75	78	79	85	90	95	103	107	113	114	115	116	117	118	120	121	126	129	130	136	140	144	146
151	283	560	-18	3455	3969	189	150	-1
152	756	148	15	679	2059	229	-1	153	-1
153	687	105	-15	3480	4585	157	152	-1
154	273	585	15	401	1212	169	-1	155	-1
155	297	563	-15	3651	4682	220	154	-1
156	141	97	9	2357	2971	235	-1	157	-1
157	140	97	-9	2607	3296	222	156	-1
158	131	55	12	2057	3482	110	-1	159	66	0	1	2	3	4	5	10	11	12	14	15	16	17	21	23	26	27	28	30	31	32	36	37	41	47	48	54	56	58	59	60	69	72	73	76	78	80	84	85	87	88	89	95	96	97	101	104	108	109	110	113	116	117	118	119	123	124	127	129	130	131	132	134	137	138	139
159	141	99	-12	3258	3812	197	158	-1
160	279	567	12	1452	2222	243	-1	161	-1
161	320	439	-12	2192	2803	144	160	-1
162	328	456	18	969	1898	184	-1	163	-1
163	275	579	-18	3892	4616	106	162	-1
164	310	556	12	1876	2822	124	-1	165	-1
165	229	715	-12	1829	3015	225	164	-1
166	134	98	7	529	1193	232	-1	167	58	1	6	7	13	18	26	27	30	31	32	34	37	38	40	41	42	49	50	51	57	60	61	68	69	71	75	76	77	81	85	86	88	90	93	95	97	98	99	101	102	105	107	108	110	111	112	116	119	121	125	128	135	136	137	138	141	144	148
167	133	69	-7	1698	2467	202	166	-1
168	166	80	5	1957	3451	238	-1	169	-1
169	358	134	-5	2865	3608	221	168	-1
170	718	166	16	2684	3838	218	-1	171	-1
171	788	124	-16	2836	3818	133	170	-1
172	379	899	13	2488	3596	215	-1	173	-1
173	359	964	-13	3402	4586	172	172	-1
174	215	718	8	552	1438	248	-1	175	73	2	5	7	8	9	10	11	13	15	16	19	22	23	24	26	28	29	30	31	32	33	35	36	37	38	39	40	44	45	46	47	48	50	52	53	54	55	57	58	59	63	66	75	76	79	80	81	82	83	84	85	95	98	100	102	103	104	105	109	112	113	121	122	125	129	135	138	140	144	145	146	147	148
175	291	567	-8	1988	3249	247	174	-1
176	324	451	18	2209	3254	239	-1	177	-1
177	372	356	-18	2680	4169	236	176	-1
178	316	350	7	1922	2970	128	-1	179	-1
179	275	578	-7	1963	2741	187	178	-1
180	231	695	6	2766	4204	179	-1	181	-1
181	242	707	-6	3671	4589	164	180	-1
182	381	960	9	1698	2452	245	-1	183	-1
183	224	749	-9	2479	3074	224	182	-1
184	275	574	6	2293	3332	182	-1	185	-1
185	271	585	-6	3924	4715	149	184	-1
186	275	579	13	1643	2739	120	-1	187	78	1	3	4	6	9	10	11	13	14	15	16	17	20	21	22	24	26	33	34	35	37	39	40	41	42	45	46	47	48	49	50	51	53	56	57	60	63	67	68	70	71	74	75	76	77	79	81	83	84	85	86	93	97	98	99	105	106	108	111	112	116	118	119	121	123	124	128	133	134	136	137	141	142	144	145	146	147	148
187	241	568	-13	3002	3825	145	186	-1
188	353	943	9	1495	2628	151	-1	189	58	4	5	8	9	15	16	19	20	22	23	25	28	29	30	34	35	36	37	38	44	51	52	53	61	64	65	70	74	76	78	80	81	83	85	88	89	93	94	95	96	97	101	109	112	114	117	118	120	124	131	132	134	136	143	144	145	146	148
189	306	808	-9	3193	4124	181	188	-1
190	227	714	13	2523	3562	103	-1	191	-1
191	228	807	-13	2137	3327	152	190	-1
192	386	530	17	1601	2919	147	-1	193	-1
193	370	370	-17	3003	3981	166	192	-1
194	327	419	6	2949	3554	241	-1	195	-1
195	371	356	-6	2004	3411	116	194	-1
196	362	98	6	412	1584	151	-1	197	58	3	4	6	9	11	14	17	19	21	24	26	27	29	30	35	37	44	45	46	53	56	58	59	64	68	69	70	71	74	84	85	90	91	93	94	95	101	103	104	107	108	110	112	113	114	115	122	126	132	133	136	137	140	143	144	145	148	149
197	359	88	-6	3335	4684	248	196	-1
198	350	82	15	898	1741	207	-1	199	-1
199	338	106	-15	1650	3064	231	198	-1
200	182	709	9	1348	2838	215	-1	201	-1
201	349	548	-9	4158	4848	139	200	-1
202	309	898	12	2227	3014	212	-1	203	-1
203	307	686	-12	1927	3071	242	202	-1
204	345	58	15	2488	3956	181	-1	205	-1
205	141	99	-15	1840	3330	222	204	-1
206	346	502	8	673	1411	213	-1	207	53	1	3	4	11	13	17	18	19	20	27	30	32	33	34	39	40	42	44	47	54	56	57	62	63	65	66	67	68	70	73	74	77	80	84	87	88	93	94	97	98	100	104	105	106	107	109	110	111	122	123	126	145	147
207	250	653	-8	2321	3298	246	206	-1
208	235	704	19	699	1665	139	-1	209	-1
209	276	584	-19	1307	2152	125	208	-1
210	927	240	19	96	1321	147	-1	211	-1
211	927	240	-19	791	2093	242	210	-1
212	359	88	20	3003	3978	222	-1	213	48	3	15	26	28	29	31	35	42	43	46	48	62	63	65	68	70	74	76	80	86	89	90	92	97	100	101	102	103	107	109	111	112	115	116	119	121	123	124	125	131	132	133	135	137	142	143	144	148
213	343	110	-20	2376	3457	201	212	-1
214	327	446	18	734	1949	174	-1	215	86	1	3	4	7	8	9	10	12	15	16	20	26	29	30	31	32	33	35	38	39	40	41	43	44	45	46	48	49	50	53	54	56	58	60	61	63	64	65	67	68	70	71	72	73	76	81	83	84	86	88	89	90	91	92	95	97	99	100	101	102	105	106	108	109	110	112	114	115	119	122	124	125	127	128	131	135	136	138	140	141	142	143	144	145	146	148
215	282	589	-18	1136	1788	241	214	-1
216	377	387	14	2911	3699	191	-1	217	57	1	4	7	11	17	21	22	24	25	30	31	32	34	35	40	43	44	46	47	48	49	50	54	57	61	62	63	64	69	70	75	77	78	79	85	86	88	90	95	101	103	109	110	112	115	118	121	122	125	126	128	129	139	142	144	146	149
217	381	385	-14	3207	4116	107	216	-1
218	379	269	5	689	1597	222	-1	219	-1
219	347	352	-5	741	2239	123	218	-1
220	977	203	18	1020	2282	182	-1	221	-1
221	928	241	-18	3521	4199	189	220	-1
222	370	887	18	517	1549	179	-1	223	50	8	11	18	23	33	36	37	39	44	45	46	56	58	60	63	64	67	70	71	76	80	84	85	86	87	88	90	91	92	93	98	101	107	109	111	113	115	116	118	126	131	132	133	134	137	138	142	143	144	148
223	205	690	-18	880	2314	145	222	-1
224	406	135	13	2026	2867	122	-1	225	75	7	8	9	14	15	16	17	18	19	22	24	27	32	35	37	38	39	41	43	44	45	49	50	51	53	54	55	56	57	58	60	62	63	64	65	67	68	69	70	75	76	82	83	84	85	86	87	94	100	101	102	103	106	107	109	113	114	116	120	122	123	126	130	132	135	136	138	139	140	141	143	144	145	147	148
225	370	98	-13	4129	4631	158	224	-1
226	340	540	12	1519	2963	181	-1	227	-1
227	375	362	-12	914	2355	127	226	-1
228	363	89	15	290	1525	132	-1	229	56	0	1	2	8	9	10	12	14	17	20	22	23	29	32	33	34	35	43	44	49	50	52	56	61	64	67	68	73	75	78	83	86	91	94	96	98	99	100	101	102	105	110	111	113	114	117	119	123	130	131	138	142	144	145	146	148
229	201	126	-15	1129	1943	214	228	-1
230	359	70	15	313	953	171	-1	231	52	1	4	6	9	16	23	25	34	35	36	37	38	39	40	41	42	43	48	49	51	53	54	56	59	69	71	76	78	79	82	85	88	89	91	92	95	103	109	111	112	115	120	123	124	128	131	138	140	142	144	146	148
231	140	99	-15	1977	3476	243	230	-1
232	748	182	18	472	1799	240	-1	233	85	1	4	6	8	9	10	11	16	17	18	23	24	25	26	27	30	32	36	38	39	41	42	45	46	47	48	51	52	53	55	56	57	59	61	62	64	65	66	67	68	69	71	76	77	78	80	82	83	87	88	90	91	92	93	94	97	100	101	102	104	109	112	113	114	115	117	118	120	121	122	123	124	129	130	131	132	134	135	136	137	138	139	140	141	148
233	920	210	-18	1626	2867	185	232	-1
234	314	585	19	2753	3484	104	-1	235	79	1	2	3	6	9	11	12	17	19	20	23	25	30	34	35	36	37	40	41	44	45	46	47	48	49	50	52	53	54	55	56	57	60	62	64	66	69	70	71	76	78	79	83	85	86	87	89	92	94	98	101	103	104	106	108	109	111	112	116	118	119	122	123	124	126	128	129	130	131	133	136	137	142	143	144	145	147	148	149
235	232	715	-19	2225	3672	167	234	-1
236	750	159	8	939	1472	148	-1	237	-1
237	933	234	-8	270	1533	119	236	-1
238	319	988	17	1477	2935	171	-1	239	45	4	14	17	19	23	30	32	42	45	50	53	56	59	60	62	63	76	78	79	82	83	94	95	98	103	104	105	106	109	110	111	115	116	117	118	119	125	127	129	131	133	134	141	148	149
239	351	941	-17	1707	2579	221	238	-1
240	275	574	9	2256	2882	180	-1	241	88	1	4	5	6	8	10	11	12	14	15	16	17	18	19	20	21	22	25	28	29	30	33	34	36	37	38	43	44	46	50	51	53	55	56	57	60	61	62	63	64	66	67	69	70	72	73	75	76	77	81	83	85	86	87	88	89	90	91	92	93	95	96	97	98	99	101	102	103	104	105	106	108	110	111	120	123	124	125	127	128	130	132	133	141	142	143	145	148
241	299	600	-9	3332	4350	219	240	-1
242	906	230	7	1498	2991	125	-1	243	66	3	9	10	12	13	15	20	21	22	24	25	26	27	28	29	32	34	36	38	42	43	44	45	48	51	52	54	55	58	60	62	65	67	68	70	72	76	79	83	87	91	94	96	97	98	99	102	103	109	111	112	121	122	123	126	128	129	131	132	133	134	135	137	142	145	149
243	928	240	-7	3669	4737	141	242	-1
244	110	50	8	350	909	119	-1	245	67	4	5	6	8	15	17	18	19	24	29	31	33	35	36	38	39	41	42	45	47	48	49	51	53	54	57	59	61	62	63	64	65	71	72	78	79	80	81	82	83	84	86	89	91	94	95	99	103	106	107	108	111	113	114	118	119	124	127	128	137	138	141	142	144	146	148	149
245	145	106	-8	1871	2531	209	244	-1
246	365	80	16	730	1269	205	-1	247	-1
247	141	91	-16	3588	4741	119	246	-1
248	325	454	14	1653	2468	239	-1	249	-1
249	374	357	-14	1662	2833	211	248	-1
250	209	692	17	3865	4370	242	-1	251	-1
251	255	558	-17	4099	4645	162	250	-1
252	297	733	7	1929	2589	148	-1	253	80	1	6	7	9	11	15	18	21	22	24	27	28	30	31	32	33	34	36	37	40	41	42	43	44	46	48	51	53	54	55	57	58	59	60	61	64	65	66	67	68	69	73	74	76	77	78	80	84	85	88	89	92	93	95	97	98	99	103	106	108	109	110	111	113	114	117	118	120	121	122	124	125	126	128	129	132	134	135	142	147
253	272	572	-7	3138	4613	219	252	-1
254	350	85	9	637	1304	175	-1	255	47	6	11	15	19	20	22	28	33	34	38	42	47	50	52	54	56	57	59	61	64	66	67	70	71	79	80	85	87	88	89	94	98	100	102	104	105	108	109	110	113	118	121	137	139	140	144	147
255	359	88	-9	2288	3670	232	254	-1
256	342	449	8	3277	4655	146	-1	257	70	3	5	6	7	8	9	10	12	14	18	22	25	26	29	30	31	34	36	37	38	41	42	43	47	49	50	54	56	59	60	61	63	65	67	71	73	75	76	77	79	81	82	83	90	92	93	95	97	98	99	101	105	106	107	108	109	112	117	119	120	122	125	127	130	131	136	138	140	146	149
257	363	502	-8	3296	4318	201	256	-1
258	268	592	8	235	968	211	-1	259	-1
259	275	563	-8	1950	3079	164	258	-1
260	751	152	9	565	1262	219	-1	261	-1
261	922	240	-9	1718	2436	200	260	-1
262	160	110	19	796	2122	232	-1	263	-1
263	150	95	-19	785	1376	116	262	-1
264	903	254	19	3312	4663	123	-1	265	71	1	3	4	6	10	13	15	18	20	21	23	27	28	30	37	38	39	42	43	46	47	49	51	53	54	55	56	57	59	61	63	64	67	68	69	73	76	79	81	83	87	89	90	92	97	98	99	102	106	107	108	109	112	114	115	116	120	122	127	128	132	133	137	138	139	140	141	143	144	147	149
265	747	167	-19	3468	4837	188	264	-1
266	325	456	18	1384	2047	157	-1	267	-1
267	325	455	-18	1579	2126	211	266	-1
268	751	152	15	324	948	214	-1	269	-1
269	752	160	-15	3815	4947	180	268	-1
270	326	99	19	2430	3050	220	-1	271	69	1	2	3	4	5	6	8	10	12	13	16	18	20	21	28	31	32	33	38	40	46	50	51	52	54	55	56	58	59	62	64	65	69	70	71	76	80	81	83	84	89	92	93	98	101	102	103	104	108	109	111	112	113	115	117	121	123	124	126	127	130	131	133	134	135	136	139	140	146
271	372	356	-19	1988	3235	156	270	-1
272	360	99	18	1137	1979	161	-1	273	-1
273	359	88	-18	2214	3335	187	272	-1
274	348	936	7	1343	2838	123	-1	275	79	5	8	10	11	12	13	18	19	21	22	25	27	30	31	32	33	42	47	48	49	50	51	52	53	54	55	56	57	60	61	62	63	66	68	69	70	72	73	74	77	78	79	81	82	83	85	88	92	94	98	100	101	103	104	107	108	110	112	113	115	117	118	119	121	123	124	126	127	129	130	131	136	137	138	139	140	141	142	144
275	290	720	-7	3098	4080	102	274	-1
276	352	941	7	1844	3270	111	-1	277	-1
277	238	734	-7	2545	3385	115	276	-1
278	233	715	18	2009	3431	106	-1	279	-1
279	267	592	-18	2913	3577	219	278	-1
280	373	493	16	2405	3770	147	-1	281	57	3	6	8	10	12	14	16	19	20	22	23	25	27	31	32	33	34	37	38	39	43	44	48	49	52	55	56	59	60	61	62	64	65	69	74	77	78	85	95	96	100	104	106	109	111	112	114	115	117	118	122	128	133	138	145	146	147
281	334	457	-16	4027	4945	241	280	-1
282	368	89	16	1765	2402	177	-1	283	-1
283	127	126	-16	3188	4429	116	282	-1
284	64	124	9	130	720	123	-1	285	-1
285	345	98	-9	2527	3952	112	284	-1
286	336	482	11	1838	2617	244	-1	287	-1
287	254	564	-11	1786	2466	137	286	-1
288	226	715	19	3645	4393	190	-1	289	54	5	6	7	8	10	13	14	19	21	24	25	29	34	36	41	43	44	48	49	53	56	57	58	60	61	62	63	66	80	89	90	93	94	96	97	101	104	106	107	108	110	114	115	121	124	127	128	132	134	136	141	142	145	147
289	253	703	-19	3428	4319	150	288	-1
290	938	253	17	3077	3626	148	-1	291	88	1	2	3	4	6	7	11	13	16	17	19	21	25	26	27	28	29	30	31	35	36	38	39	40	43	44	45	46	48	50	52	54	56	57	58	60	61	63	66	67	68	69	70	75	77	79	80	81	84	85	86	87	88	89	90	96	97	99	100	101	102	104	106	108	110	112	113	115	116	117	119	122	124	125	127	128	131	133	136	137	140	141	142	143	144	146	148	149
291	919	252	-17	3511	4684	249	290	-1
292	130	82	14	2828	4320	170	-1	293	-1
293	145	92	-14	3013	4196	205	292	-1
294	175	48	9	846	1693	103	-1	295	87	4	5	7	8	9	11	17	19	21	22	23	24	25	26	27	28	32	34	35	37	39	41	43	45	46	47	48	50	52	55	57	58	59	60	61	62	65	68	69	70	71	72	77	78	80	83	85	86	87	89	90	92	93	95	96	98	99	100	101	104	105	107	108	110	113	115	117	118	123	125	127	128	129	131	133	134	135	136	138	139	140	142	143	145	147	148	149
295	359	88	-9	1747	2309	174	294	-1
296	332	478	9	3076	3784	137	-1	297	69	2	4	7	8	13	15	17	21	25	27	29	30	35	38	40	43	44	46	47	50	51	53	55	56	57	58	60	62	63	67	70	71	72	73	75	76	78	79	80	82	83	86	87	92	94	96	99	101	103	104	105	106	112	113	116	118	121	122	124	125	128	129	132	133	136	140	141	147	148
297	299	588	-9	3916	4734	210	296	-1
298	254	718	14	2782	3842	233	-1	299	-1
299	296	564	-14	3403	4221	208	298	-1
300	318	454	6	1071	1664	221	-1	301	55	6	9	11	12	14	15	16	22	26	33	35	39	43	44	45	52	54	58	60	61	65	67	68	71	72	73	74	76	77	79	82	87	89	91	93	94	96	98	102	107	109	110	114	119	121	122	124	125	130	131	140	141	144	146	147
301	222	650	-6	3450	4807	177	300	-1
302	227	714	6	1353	2708	227	-1	303	-1
303	257	581	-6	1115	2096	134	302	-1
304	363	92	6	698	1817	175	-1	305	47	5	15	20	21	24	25	30	31	32	40	41	44	48	51	53	57	61	62	64	66	67	69	72	73	74	76	79	81	87	89	92	95	101	102	104	106	108	112	115	116	122	127	129	131	138	140	145
305	141	96	-6	2509	3583	190	304	-1
306	227	714	14	133	704	211	-1	307	-1
307	275	579	-14	3438	4879	119	306	-1
308	318	495	10	310	1573	108	-1	309	-1
309	235	726	-10	1372	2849	112	308	-1
310	762	140	6	2550	3259	113	-1	311	-1
311	751	152	-6	2362	3859	193	310	-1
312	750	148	11	223	1216	213	-1	313	86	0	2	3	4	5	6	7	8	9	10	11	13	17	18	19	20	21	23	28	29	30	32	34	35	36	37	39	40	42	44	46	48	50	51	53	55	56	57	59	61	62	63	64	65	66	67	70	71	72	75	76	77	78	79	84	87	88	89	90	91	94	95	97	100	102	103	105	109	112	115	117	119	121	123	124	126	128	131	133	135	141	143	144	145	146	149
313	936	234	-11	3367	3879	216	312	-1
314	275	578	6	1411	2566	231	-1	315	53	1	2	7	11	23	25	26	36	43	44	52	57	58	60	62	65	66	68	74	75	76	77	80	82	83	85	86	93	96	97	100	102	103	106	107	109	111	112	114	115	116	118	119	120	126	127	131	133	140	142	143	144	145
315	222	730	-6	2229	2923	219	314	-1
316	219	758	15	905	1816	194	-1	317	-1
317	352	941	-15	3716	4277	104	316	-1
318	363	89	8	56	678	193	-1	319	64	0	2	4	9	10	11	13	18	19	21	22	30	34	35	36	38	41	45	48	53	54	55	57	61	64	66	67	69	71	77	78	80	81	82	84	85	86	88	90	92	93	96	97	98	101	103	105	107	110	111	113	115	116	118	119	123	126	128	129	133	135	143	144	147
319	418	262	-8	3565	4544	115	318	-1
320	120	89	10	878	1503	157	-1	321	49	3	5	6	7	9	11	12	17	20	23	24	30	36	39	41	42	46	48	57	60	62	65	69	70	71	77	81	82	83	84	85	86	89	92	94	98	111	112	114	118	119	121	126	131	135	137	140	144	149
321	354	79	-10	1705	2429	143	320	-1
322	386	352	15	2172	3130	134	-1	323	74	1	2	3	4	5	6	7	8	13	15	16	18	20	23	24	25	30	31	32	37	42	43	45	48	50	51	55	56	58	61	66	67	69	72	73	75	77	79	84	87	88	91	92	95	96	98	99	101	103	104	105	106	112	113	114	117	119	121	122	123	126	128	129	132	133	134	137	138	139	142	143	144	147	149
323	277	579	-15	2583	3997	193	322	-1
324	347	499	11	174	1596	206	-1	325	79	5	6	7	8	10	11	13	14	16	19	20	21	24	28	30	33	36	40	41	42	43	44	47	51	52	55	56	59	60	62	63	64	66	67	70	71	72	73	77	78	81	85	86	88	90	92	93	94	96	98	100	101	103	104	105	108	109	110	113	115	118	119	121	123	124	125	127	128	132	133	134	137	138	139	140	141	143	144	148
325	275	578	-11	2003	2767	123	324	-1
326	223	701	13	350	1789	177	-1	327	-1
327	327	456	-13	2359	3826	119	326	-1
328	374	916	13	1227	2226	199	-1	329	59	5	8	13	14	15	19	22	25	28	33	35	36	38	39	45	48	49	50	51	53	55	59	60	63	69	71	73	74	75	77	81	83	84	86	87	88	89	90	91	92	97	100	103	104	107	111	112	114	115	119	120	121	126	130	133	137	142	144	145
329	227	714	-13	1413	2285	100	328	-1
330	362	90	16	1566	2875	139	-1	331	61	5	7	12	16	19	20	23	26	28	29	30	34	44	47	51	52	62	65	66	67	68	69	72	75	76	77	79	80	84	86	87	89	90	94	98	99	103	104	107	108	113	117	119	120	121	122	123	125	129	130	131	133	135	136	137	139	140	141	144	145	149
331	354	87	-16	4357	4982	197	330	-1
332	80	156	10	3235	4441	213	-1	333	-1
333	134	111	-10	3020	3783	220	332	-1
334	339	500	12	373	1427	218	-1	335	69	0	2	4	6	7	8	9	11	12	13	15	17	19	24	25	26	27	28	29	35	36	38	39	45	46	48	50	51	54	56	58	59	62	64	65	67	72	73	74	76	77	80	84	86	87	91	94	98	101	102	103	106	108	110	111	117	118	120	122	124	126	127	129	134	137	142	143	146	149
335	370	373	-12	632	1986	227	334	-1
336	271	570	16	1908	2424	116	-1	337	-1
337	325	454	-16	3805	4782	172	336	-1
338	909	241	14	1306	2474	131	-1	339	65	0	1	5	8	13	14	18	22	23	29	30	32	35	36	37	39	43	48	49	53	54	55	61	63	66	67	68	73	75	77	78	81	83	84	86	88	89	91	97	99	100	102	105	107	110	111	113	114	115	121	123	125	126	129	132	133	135	136	137	139	142	143	144	145	148
339	928	241	-14	895	2036	105	338	-1
340	324	467	19	2759	3499	190	-1	341	-1
341	320	301	-19	2082	3336	136	340	-1
342	322	464	6	1437	2171	184	-1	343	81	0	2	4	6	8	11	13	19	22	24	25	28	29	31	32	33	34	35	37	38	41	42	45	46	49	53	55	56	57	58	59	63	67	68	71	72	74	78	79	82	83	86	89	91	92	93	96	99	100	102	103	104	105	106	107	108	109	110	111	112	113	115	117	118	119	120	122	124	125	131	132	134	135	136	138	139	141	144	145	147	149
343	276	580	-6	2444	3298	125	342	-1
344	327	453	16	1140	2054	144	-1	345	-1
345	286	726	-16	829	2221	130	344	-1
346	222	719	12	3280	4688	113	-1	347	70	1	2	4	5	8	9	11	13	15	17	19	20	21	22	23	30	31	35	37	40	42	43	44	45	47	48	50	51	52	53	57	59	60	61	65	67	68	71	72	73	75	76	79	80	82	84	85	91	92	93	94	96	97	98	102	108	112	113	115	116	120	126	127	128	129	131	133	141	142	145
347	215	706	-12	3598	4801	241	346	-1
348	225	709	19	767	2141	186	-1	349	54	1	3	7	9	10	11	15	16	18	20	24	27	32	33	38	44	45	48	57	59	64	72	73	75	82	83	84	87	89	91	94	96	101	103	104	105	107	109	113	114	115	117	118	119	125	126	134	136	137	139	140	144	146	148
349	275	579	-19	941	2240	138	348	-1
350	276	581	19	421	1521	210	-1	351	64	1	2	4	5	7	11	12	13	14	16	18	19	23	24	27	29	33	34	35	36	38	39	44	49	50	51	52	53	54	57	58	61	64	66	69	72	74	77	78	84	87	89	90	91	93	94	101	107	109	115	118	120	121	124	126	131	132	133	137	138	142	146	148	149
351	332	426	-19	658	1252	179	350	-1
352	355	95	10	682	1331	177	-1	353	54	1	6	7	8	15	19	21	24	27	30	38	47	48	51	58	59	60	61	63	64	66	67	69	74	75	76	77	80	86	88	89	92	93	94	95	100	101	103	114	116	118	122	126	128	131	133	136	140	142	144	146	147	148	149
353	338	84	-10	1799	2577	102	352	-1
354	276	579	6	1552	2940	155	-1	355	74	1	3	4	7	8	10	11	13	14	16	17	18	19	20	21	23	27	29	30	32	36	37	38	41	42	44	45	46	47	50	54	55	58	59	61	65	69	71	72	75	77	79	81	85	87	89	90	93	96	99	100	102	103	105	107	108	111	113	114	115	119	121	123	125	126	127	128	132	133	138	139	141	145	148
355	317	457	-6	3636	4457	184	354	-1
356	334	123	19	2462	3047	167	-1	357	-1
357	364	348	-19	2312	3256	247	356	-1
358	316	559	6	421	1776	100	-1	359	88	0	1	4	7	10	11	12	13	14	17	18	20	21	24	25	26	27	28	29	32	33	34	36	37	39	40	44	45	46	47	48	52	58	59	62	63	64	65	66	68	69	70	71	72	73	74	78	79	80	81	85	87	90	91	92	93	95	96	97	99	102	103	104	105	107	108	109	110	113	115	116	119	120	124	125	126	128	129	134	136	137	138	139	141	142	144	145	146
359	330	429	-6	2303	3798	211	358	-1
360	359	87	16	2774	3920	112	-1	361	-1
361	141	90	-16	3358	4503	216	360	-1
362	248	589	19	872	1663	242	-1	363	-1
363	222	732	-19	1773	2406	101	362	-1
364	277	582	15	604	1907	197	-1	365	72	1	2	3	6	7	8	9	18	19	21	23	27	29	31	33	34	37	41	42	43	44	46	47	48	49	50	53	54	55	57	64	65	67	68	72	77	78	79	81	85	86	87	88	92	95	96	97	98	100	101	103	106	108	113	115	117	118	119	121	125	126	128	132	135	137	138	139	140	142	145	146	148
365	326	454	-15	2286	2931	149	364	-1
366	145	99	9	972	2087	203	-1	367	-1
367	141	99	-9	1291	2773	247	366	-1
368	334	611	13	4024	4788	178	-1	369	66	0	1	3	4	5	7	8	10	11	13	14	17	20	23	26	28	30	32	35	36	38	43	44	46	47	50	56	57	58	62	64	65	67	70	73	75	81	83	84	92	95	96	101	108	109	112	113	118	119	120	121	122	125	126	133	134	137	139	140	141	143	145	146	147	148	149
369	228	715	-13	3349	4740	175	368	-1
370	272	582	15	2147	2775	233	-1	371	-1
371	363	318	-15	1840	3257	146	370	-1
372	189	729	17	1263	2517	190	-1	373	-1
373	245	715	-17	3930	4536	127	372	-1
374	363	95	8	1954	2639	173	-1	375	48	1	4	5	11	13	21	22	24	28	29	30	31	40	48	49	51	53	58	61	62	64	67	68	71	77	79	89	91	92	97	98	101	102	104	105	113	117	124	128	129	132	135	136	141	142	143	146	148
375	360	370	-8	3753	4422	109	374	-1
376	280	580	6	2735	3279	117	-1	377	47	3	4	8	18	23	26	27	28	33	35	42	43	48	49	55	61	65	67	68	69	72	76	79	81	82	84	87	89	90	92	94	103	107	108	111	113	114	115	117	125	126	129	133	134	139	147	148
377	275	579	-6	2443	3655	180	376	-1
378	310	452	19	1048	1643	164	-1	379	55	0	4	5	8	14	16	17	18	19	21	22	24	27	32	33	35	40	43	45	54	55	61	62	64	71	73	74	76	78	81	86	88	89	90	91	92	94	96	97	106	108	110	111	114	119	120	121	123	125	126	128	129	130	132	138
379	225	579	-19	2487	3889	160	378	-1
380	195	587	12	3131	4330	246	-1	381	-1
381	275	578	-12	3473	4966	102	380	-1
382	191	507	13	237	819	243	-1	383	79	1	2	3	8	10	12	13	14	17	20	22	24	25	27	28	30	31	32	41	43	44	47	49	50	52	54	56	60	61	62	63	66	70	71	72	73	74	75	76	78	80	81	82	85	88	90	91	92	93	94	97	100	101	104	105	108	109	111	112	113	114	116	117	119	121	123	124	126	127	128	129	130	131	134	136	137	144	145	146
383	227	718	-13	3112	4071	221	382	-1
384	921	239	12	2786	3947	204	-1	385	70	1	4	5	6	7	8	12	17	19	22	23	24	28	29	30	32	34	37	39	42	46	47	48	49	50	51	53	61	63	66	67	68	80	82	84	85	86	88	90	91	94	95	96	98	99	100	102	103	104	106	109	110	111	112	118	119	121	122	123	125	129	131	137	138	140	143	144	147	148	149
385	927	240	-12	3789	4684	163	384	-1
386	274	581	7	1318	2759	161	-1	387	-1
387	237	773	-7	3079	4063	235	386	-1
388	151	700	20	1530	3029	200	-1	389	77	0	2	3	4	5	9	11	12	13	15	17	23	25	26	28	29	31	33	34	35	36	37	38	43	45	46	47	49	52	55	56	62	63	64	65	66	67	70	71	73	77	79	82	85	86	90	91	94	98	99	101	105	107	108	111	112	113	116	117	119	120	121	124	127	128	130	131	132	133	135	136	138	139	140	141	144	146
389	275	577	-20	2861	4015	166	388	-1
390	362	92	16	2484	3635	216	-1	391	77	0	3	4	9	11	12	13	14	16	18	21	23	24	25	26	28	30	32	33	34	35	36	37	38	45	48	49	51	53	56	57	58	60	61	62	63	65	66	69	72	78	79	81	83	85	88	90	91	92	93	94	95	96	97	99	103	105	106	107	112	116	117	118	119	120	125	126	129	131	135	139	140	142	145	146	147	148
391	359	88	-16	2528	3320	137	390	-1
392	336	460	13	1247	2064	124	-1	393	-1
393	367	362	-13	2650	3846	226	392	-1
394	747	154	16	376	1052	100	-1	395	-1
395	751	152	-16	1567	2424	198	394	-1
396	228	714	8	680	2088	107	-1	397	-1
397	310	585	-8	3240	4585	156	396	-1
398	353	941	7	826	2314	183	-1	399	-1
399	269	683	-7	1422	2249	176	398	-1
400	323	110	14	701	1493	208	-1	401	-1
401	369	357	-14	1381	2594	189	400	-1
402	372	350	12	2242	3296	116	-1	403	83	1	2	3	4	5	6	8	11	13	14	15	18	19	20	21	22	23	24	25	28	34	36	37	38	41	42	44	47	52	53	54	55	56	57	58	59	64	66	67	71	73	75	77	79	80	81	82	84	89	92	93	94	95	96	97	100	102	105	106	107	110	111	113	114	115	116	117	120	122	125	128	130	132	133	134	136	138	139	141	143	144	145	147
403	312	571	-12	3850	4473	167	402	-1
404	116	66	9	2204	2752	180	-1	405	-1
405	323	93	-9	4192	4843	211	404	-1
406	786	150	18	1972	3158	137	-1	407	-1
407	930	239	-18	3805	4623	232	406	-1
408	352	941	18	640	1402	211	-1	409	55	2	3	5	8	9	11	16	18	19	22	23	26	28	29	34	35	38	40	43	48	51	52	53	54	60	62	66	70	74	75	80	82	87	90	95	96	98	102	107	109	110	112	115	116	121	123	124	126	128	130	132	133	135	137	143
409	227	714	-18	1066	1608	214	408	-1
410	751	152	15	1303	2322	179	-1	411	-1
411	927	240	-15	2885	4096	248	410	-1
412	372	356	19	523	1707	239	-1	413	86	0	7	10	11	12	13	14	15	16	17	19	22	23	24	25	27	28	29	30	31	36	37	39	40	42	43	45	46	48	49	50	51	52	53	55	56	57	59	61	62	64	66	69	70	72	73	74	75	79	80	81	83	86	87	88	91	92	94	96	98	99	101	104	105	108	109	113	114	116	117	119	121	123	125	126	128	129	131	132	133	137	142	144	145	146	148
413	304	465	-19	1096	2347	146	412	-1
414	283	579	14	699	2108	162	-1	415	-1
415	226	522	-14	1355	2255	229	414	-1
416	926	242	11	47	1363	229	-1	417	-1
417	938	242	-11	854	2092	154	416	-1
418	216	738	12	1056	2422	115	-1	419	88	2	6	8	11	12	13	15	16	17	18	19	20	21	25	26	28	29	31	35	36	41	42	46	47	52	53	54	55	56	57	58	60	61	62	66	67	68	69	70	71	72	74	77	78	79	83	84	86	87	89	90	91	93	94	95	97	98	99	100	101	102	104	105	106	108	113	114	115	116	117	120	121	122	123	125	126	127	132	133	136	137	138	140	141	142	143	147	148
419	271	586	-12	432	1687	210	418	-1
420	372	356	11	60	839	240	-1	421	-1
421	324	454	-11	597	1574	124	420	-1
422	275	579	13	733	1825	170	-1	423	75	1	6	7	8	9	10	11	12	13	16	17	18	21	22	23	24	26	28	36	37	39	42	43	44	49	52	53	54	55	56	57	59	62	63	67	70	71	74	75	76	78	79	82	84	86	88	93	94	95	96	97	99	100	101	102	103	104	106	108	111	114	115	118	119	120	122	124	129	132	134	135	136	141	142	149
423	199	655	-13	1669	2525	138	422	-1
424	277	577	14	2453	3780	223	-1	425	-1
425	325	455	-14	3479	4521	173	424	-1
426	323	452	10	1249	2713	207	-1	427	-1
427	371	349	-10	2832	4166	209	426	-1
428	150	62	16	3383	4749	220	-1	429	81	6	9	12	15	17	19	20	23	24	25	27	28	29	30	31	33	36	40	42	43	45	46	47	48	49	53	56	58	59	60	61	62	63	67	70	72	73	76	77	79	81	82	84	88	89	91	92	93	94	95	96	99	100	101	103	104	106	108	109	110	111	112	114	116	118	119	120	121	122	124	128	133	134	135	138	139	140	143	145	146	148
429	361	84	-16	3767	4389	208	428	-1
430	239	703	6	1575	2580	195	-1	431	55	7	8	11	14	16	17	18	20	26	31	33	34	35	41	44	45	47	49	53	54	56	57	58	62	63	65	66	67	70	72	75	76	78	79	83	84	86	89	91	94	95	101	103	105	108	116	119	121	122	128	130	132	138	147	148
431	222	660	-6	2673	3656	165	430	-1
432	228	722	19	69	1003	249	-1	433	-1
433	384	934	-19	1730	2633	173	432	-1
434	359	88	8	3209	4138	193	-1	435	75	1	2	4	5	9	11	13	15	17	21	24	27	29	30	31	33	36	42	43	47	50	53	59	61	62	65	67	68	69	71	72	73	76	77	78	79	81	84	85	87	88	90	94	95	98	99	103	104	106	108	110	111	114	115	116	119	120	121	122	123	124	125	127	128	129	131	133	135	137	139	140	142	143	145	147
435	115	107	-8	2866	4023	170	434	-1
436	138	96	18	2847	3653	224	-1	437	-1
437	150	108	-18	2132	3538	171	436	-1
438	141	99	6	404	1515	139	-1	439	-1
439	182	28	-6	966	1841	126	438	-1
440	373	349	12	1654	2626	129	-1	441	84	2	3	4	7	8	12	17	18	24	26	28	29	30	31	34	36	37	39	41	43	45	46	47	48	50	53	56	58	59	60	61	63	64	68	70	71	72	73	75	76	77	78	79	80	82	83	84	85	87	89	90	92	96	100	101	103	104	106	107	108	109	110	111	112	113	115	117	118	121	122	123	124	126	127	129	131	132	134	136	138	141	142	145	148
441	361	353	-12	1850	3067	106	440	-1
442	352	942	14	2261	3233	244	-1	443	82	0	3	6	7	8	10	12	15	18	19	20	21	22	23	25	26	28	30	31	33	34	35	36	40	41	42	43	44	47	49	51	52	53	54	56	58	59	64	65	66	67	68	69	71	74	76	77	78	81	83	84	86	87	89	91	93	94	96	98	100	101	104	106	107	108	111	113	114	117	122	124	126	127	128	129	130	131	133	138	140	141	146
443	240	792	-14	2178	2987	239	442	-1
444	927	240	12	297	1477	205	-1	445	48	2	3	7	12	21	22	24	27	28	29	31	36	44	50	56	59	60	61	62	68	71	75	76	84	86	87	89	90	93	96	97	98	101	103	104	111	113	117	126	129	132	137	142	143	144	145	148	149
445	751	152	-12	2420	3836	215	444	-1
446	928	240	9	2435	3334	230	-1	447	-1
447	749	153	-9	3433	4286	153	446	-1
448	353	345	17	1139	2165	244	-1	449	62	1	2	5	8	9	16	17	20	24	25	26	27	30	31	32	40	41	42	44	46	53	55	56	59	70	71	72	73	74	75	76	77	78	79	82	88	90	93	94	95	97	102	106	107	111	118	119	123	124	125	127	128	129	131	132	134	138	142	144	145	147	149
449	295	565	-17	2571	3985	212	448	-1
450	749	159	8	3428	4081	213	-1	451	-1
451	792	200	-8	2644	4041	154	450	-1
452	140	97	15	2712	3479	149	-1	453	-1
453	141	99	-15	3345	4419	121	452	-1
454	350	890	13	1063	2217	133	-1	455	-1
455	226	716	-13	2275	3304	207	454	-1
456	325	454	17	655	1924	223	-1	457	-1
457	281	584	-17	524	1250	229	456	-1
458	354	939	18	173	1459	146	-1	459	-1
459	348	945	-18	2794	3730	227	458	-1
460	369	354	11	186	1117	100	-1	461	78	0	3	4	5	6	9	10	11	13	15	17	19	20	23	25	26	32	33	35	37	38	40	42	43	44	48	53	56	58	59	60	63	66	68	70	73	77	79	80	86	87	90	91	92	94	97	99	100	105	107	108	109	110	111	113	116	117	118	119	120	122	125	126	127	129	130	131	132	134	135	136	137	138	140	141	142	147	148
461	342	87	-11	380	1033	180	460	-1
462	292	569	15	1148	2198	175	-1	463	56	6	7	8	10	11	14	17	19	20	23	24	25	28	30	31	32	34	39	45	46	47	54	56	58	59	62	63	65	66	67	68	71	74	75	80	86	87	90	93	95	99	102	104	105	117	123	124	130	131	133	137	138	141	142	143	148
463	199	718	-15	929	2336	139	462	-1
464	697	100	10	177	1231	184	-1	465	-1
465	752	152	-10	2498	3889	224	464	-1
466	748	168	17	1884	2693	116	-1	467	85	3	5	6	7	10	11	13	14	15	17	19	21	23	24	29	33	35	36	37	38	39	40	41	42	47	49	51	52	53	54	55	56	58	62	65	66	68	70	71	75	77	83	84	85	86	87	88	89	90	91	92	95	97	99	101	102	103	105	106	107	109	111	112	114	115	116	118	119	121	124	125	126	127	128	130	131	132	133	139	140	143	144	146	147	148
467	931	220	-17	3354	4275	211	466	-1
468	349	943	6	1605	2739	217	-1	469	50	2	4	5	6	7	8	9	12	14	17	20	23	34	38	40	41	50	51	54	59	60	63	71	75	77	84	86	92	96	99	103	105	106	108	109	114	115	116	117	120	122	124	126	131	132	134	136	139	145	146
469	227	711	-6	2211	3600	130	468	-1
470	336	445	20	926	2164	174	-1	471	-1
471	278	577	-20	2901	4396	154	470	-1
472	931	240	10	3240	4507	117	-1	473	56	1	2	3	5	8	11	13	16	24	31	37	40	45	47	49	53	54	58	59	61	62	67	70	71	73	74	77	82	87	88	89	91	96	97	98	100	103	104	108	112	113	114	115	117	121	123	124	126	127	128	133	142	143	145	147	148
473	873	200	-10	4308	4983	141	472	-1
474	927	238	18	1092	2034	226	-1	475	-1
475	750	152	-18	1931	3355	129	474	-1
476	360	88	9	2035	3404	126	-1	477	-1
477	359	88	-9	2742	3738	161	476	-1
478	227	667	13	2486	3809	139	-1	479	-1
479	251	563	-13	2309	2961	176	478	-1
480	360	88	13	2841	3490	243	-1	481	-1
481	126	100	-13	2620	3948	154	480	-1
482	926	241	7	1636	2337	173	-1	483	-1
483	934	211	-7	1036	2359	212	482	-1
484	147	98	16	1286	2397	231	-1	485	-1
485	135	101	-16	2165	2931	229	484	-1
486	382	96	12	2488	3290	187	-1	487	51	1	2	3	6	16	18	21	22	23	24	30	31	33	34	38	42	48	50	56	61	65	66	69	73	79	82	84	91	95	97	98	101	107	109	114	115	121	122	125	127	129	130	132	134	135	137	141	146	147	148	149
487	372	356	-12	2693	4107	151	486	-1
488	372	356	15	2366	3214	198	-1	489	66	1	5	6	8	9	12	15	23	24	25	28	33	34	35	36	42	43	46	51	53	55	56	58	62	63	64	65	72	73	74	75	76	77	78	79	80	83	85	86	91	94	99	105	107	108	109	110	113	116	117	119	122	125	129	130	133	134	135	136	138	142	143	144	145	146	147
489	297	437	-15	2967	4307	129	488	-1
490	931	237	6	2484	3439	143	-1	491	45	5	10	16	19	23	25	28	30	34	35	47	51	55	57	58	62	63	64	69	72	76	77	78	80	81	88	89	91	93	95	96	97	101	103	107	109	116	118	120	124	129	130	137	138	147
491	770	139	-6	1853	3226	113	490	-1
492	360	89	10	2983	4037	173	-1	493	-1
493	380	364	-10	2746	3721	144	492	-1
494	376	127	13	222	1609	118	-1	495	-1
495	358	347	-13	3531	4181	170	494	-1
496	929	251	11	87	1409	156	-1	497	-1
497	843	293	-11	2264	3104	247	496	-1
498	250	597	12	507	1635	180	-1	499	66	5	7	11	12	13	16	20	24	29	34	36	38	39	41	45	46	47	49	52	53	54	57	59	61	62	65	67	68	69	70	73	74	77	80	82	85	87	89	91	92	94	97	98	102	103	104	106	110	111	112	114	115	117	118	120	125	126	131	138	141	142	143	144	145	148	149
499	379	363	-12	3747	4796	230	498	-1
500	325	925	11	1071	1962	227	-1	501	75	1	2	3	4	6	9	11	12	14	15	16	17	18	19	20	23	27	28	29	31	32	35	38	41	45	46	48	49	55	56	58	59	62	63	65	66	67	69	70	71	72	74	76	78	81	82	83	91	92	95	96	97	98	100	103	105	107	111	113	114	116	122	123	125	127	128	129	131	132	136	137	141	143	144	149
501	350	935	-11	1897	2868	175	500	-1
502	146	100	18	138	983	102	-1	503	-1
503	324	85	-18	946	1924	173	502	-1
504	769	168	8	1806	2392	190	-1	505	-1
505	927	240	-8	3559	4626	170	504	-1
506	415	402	5	517	1348	109	-1	507	63	1	2	4	7	10	12	19	21	22	24	27	29	30	31	32	34	35	36	37	42	44	48	53	54	56	58	61	62	66	67	69	82	87	90	93	94	95	96	97	100	101	102	103	104	106	110	116	120	121	123	124	126	127	128	129	133	134	136	142	143	144	146	147
507	401	329	-5	2620	3392	169	506	-1
508	325	454	6	1143	1897	193	-1	509	46	7	8	12	19	21	24	25	26	27	31	38	40	48	52	53	56	57	62	66	69	73	77	78	80	81	84	88	91	93	98	99	106	111	113	115	116	117	121	122	125	129	135	137	143	144	148
509	229	714	-6	969	2236	209	508	-1
510	278	503	9	1050	1729	224	-1	511	48	0	8	11	16	22	23	27	31	32	33	34	41	42	45	46	50	55	59	60	62	63	66	74	77	80	82	83	87	91	95	98	104	107	108	117	122	126	128	129	131	132	134	135	139	140	141	144	149
511	210	685	-9	3320	4695	226	510	-1
512	327	454	13	931	1466	204	-1	513	82	0	1	2	5	6	10	12	13	14	15	20	21	22	23	24	25	27	28	31	37	38	39	40	43	44	46	49	50	52	54	55	57	58	62	63	64	66	69	71	72	75	76	78	81	83	84	87	90	93	94	95	101	102	103	104	105	106	107	110	111	112	113	116	117	120	121	123	124	127	129	131	133	134	136	137	138	142	143	144	146	147	148
513	223	699	-13	2131	3079	101	512	-1
514	203	631	19	3964	4519	135	-1	515	61	1	2	3	8	11	13	19	29	30	32	33	34	36	37	40	41	44	49	54	57	58	60	61	63	69	71	72	75	77	79	80	82	86	87	90	91	92	96	99	103	104	106	107	108	109	116	118	122	123	124	126	127	128	129	131	132	141	142	144	146	148
515	426	463	-19	3130	4487	107	514	-1
516	119	79	7	674	1589	110	-1	517	-1
517	360	83	-7	2570	3738	210	516	-1
518	359	88	17	2460	3911	122	-1	519	57	3	4	6	7	8	10	12	18	25	26	28	29	32	36	37	38	39	43	46	52	55	61	66	67	69	76	77	79	80	83	84	88	89	91	93	94	105	107	109	110	112	119	120	124	125	126	127	130	132	135	138	140	142	145	146	148	149
519	358	353	-17	3636	4614	228	518	-1
520	187	630	19	68	1238	117	-1	521	55	1	2	5	6	7	10	11	12	16	19	20	22	28	31	33	35	38	40	42	44	45	51	59	61	62	67	68	71	73	79	82	83	90	93	95	96	98	105	107	108	110	115	117	118	119	120	122	128	129	131	133	138	141	142	146
521	325	454	-19	1929	2530	195	520	-1
522	278	486	10	2063	3416	142	-1	523	-1
523	324	461	-10	1483	2974	225	522	-1
524	764	127	18	879	1869	110	-1	525	51	0	2	7	8	14	15	16	18	23	27	28	29	36	40	47	48	53	57	59	62	67	71	72	77	78	82	88	90	92	94	95	99	100	101	104	107	109	118	120	124	127	128	129	135	136	140	141	144	145	147	149
525	926	241	-18	844	1492	238	524	-1
526	282	557	14	765	1614	200	-1	527	80	1	2	4	5	7	9	10	11	12	13	16	18	19	20	23	29	30	32	33	34	37	38	42	46	47	51	52	54	55	56	57	58	61	64	65	68	71	73	74	75	77	78	80	81	83	85	86	87	90	92	98	99	101	103	104	105	106	112	113	114	115	117	118	120	122	123	126	127	128	131	132	133	135	136	137	142	143	145	146	148
527	275	580	-14	1771	3220	154	526	-1
528	702	137	19	2621	3334	187	-1	529	64	1	2	4	5	7	8	11	12	13	16	20	21	22	23	24	27	28	34	35	38	39	43	44	47	50	53	58	66	69	70	74	77	79	80	82	84	85	86	88	89	94	100	101	103	104	113	115	118	119	121	122	123	128	129	130	132	133	136	137	138	141	143	144	147
529	861	186	-19	3546	4659	228	528	-1
530	293	587	6	2594	3827	145	-1	531	74	0	1	2	3	4	6	7	9	14	15	18	19	20	21	23	24	25	26	31	33	38	40	41	42	43	45	47	49	52	56	58	61	64	68	69	72	75	77	79	80	83	84	86	88	91	99	100	101	105	106	107	108	111	113	114	117	124	125	127	128	129	130	132	133	134	135	136	137	138	139	141	147	148	149
531	274	581	-6	3057	4387	241	530	-1
532	287	350	18	1964	3182	199	-1	533	53	2	5	6	11	13	14	16	17	18	21	23	28	29	31	34	38	39	40	42	43	53	54	55	59	61	62	67	69	71	73	74	78	79	80	89	95	102	107	108	111	115	121	122	124	128	129	132	137	140	141	143	148	149
533	337	456	-18	1730	2692	182	532	-1
534	327	459	8	196	935	152	-1	535	-1
535	367	360	-8	1629	2801	243	534	-1
536	277	691	8	1698	3061	246	-1	537	84	2	4	5	6	9	10	11	12	14	15	16	17	19	20	21	23	25	28	29	32	33	35	37	39	40	44	48	50	51	55	57	58	60	61	62	64	65	66	69	70	71	73	74	75	78	82	83	85	86	87	90	91	93	94	97	98	101	107	108	110	111	112	114	115	117	118	119	120	121	122	123	125	128	129	133	134	135	136	139	141	143	144	147	148
537	328	533	-8	2312	3479	127	536	-1
538	257	729	17	2073	3351	237	-1	539	-1
539	276	579	-17	3817	4691	111	538	-1
540	273	572	19	1935	2936	217	-1	541	-1
541	238	573	-19	3093	4510	199	540	-1
542	359	88	8	499	1212	174	-1	543	-1
543	129	148	-8	907	2126	199	542	-1
544	937	248	9	2053	2928	206	-1	545	47	0	1	4	7	8	11	13	15	16	19	22	27	29	30	38	43	44	55	57	68	73	77	78	80	83	86	87	88	89	90	91	92	93	99	104	106	107	108	109	120	131	135	136	138	141	142	147
545	927	240	-9	2412	3749	112	544	-1
546	727	214	11	2077	3513	121	-1	547	79	0	1	2	5	8	10	11	13	15	17	19	20	21	25	26	27	34	36	37	38	39	41	42	43	44	45	46	47	48	50	52	53	54	55	58	59	61	62	63	65	69	70	73	76	77	79	81	82	83	86	87	89	90	94	96	97	101	103	107	108	109	111	112	118	121	125	129	132	134	135	136	137	138	140	141	142	143	145	148
547	926	240	-11	3018	4198	110	546	-1
548	743	120	18	1023	2132	195	-1	549	-1
549	749	151	-18	3789	4395	187	548	-1
550	407	111	15	1243	2019	129	-1	551	-1
551	321	37	-15	1116	2241	247	550	-1
552	347	74	17	1606	2536	180	-1	553	-1
553	376	326	-17	3252	4701	141	552	-1
554	332	956	15	1270	2219	114	-1	555	-1
555	350	942	-15	927	2025	209	554	-1
556	275	579	19	2392	3542	207	-1	557	-1
557	277	630	-19	3547	4876	202	556	-1
558	916	248	7	838	2073	154	-1	559	50	4	6	9	10	15	24	26	30	31	32	39	41	42	45	47	48	53	58	60	61	69	70	71	72	74	75	78	79	88	92	94	95	100	104	107	109	112	113	114	116	119	122	123	124	127	129	130	131	133	143
559	756	128	-7	756	2110	158	558	-1
560	246	494	18	1339	2386	108	-1	561	-1
561	274	579	-18	516	1972	168	560	-1
562	353	941	11	1120	2111	218	-1	563	47	3	4	15	17	19	22	25	27	29	30	32	33	34	38	40	52	53	57	59	61	63	64	66	70	71	74	77	78	85	87	88	89	91	101	102	105	111	112	115	121	122	124	131	133	140	144	146
563	227	714	-11	3201	3983	212	562	-1
564	139	100	9	102	976	135	-1	565	-1
565	143	100	-9	3516	4818	185	564	-1
566	322	462	13	570	1796	139	-1	567	-1
567	275	594	-13	1449	2305	135	566	-1
568	730	171	19	1375	2368	242	-1	569	79	2	3	5	6	9	12	13	15	16	18	23	24	25	28	30	31	32	33	34	36	41	42	44	45	46	52	53	54	55	56	58	59	62	63	64	69	70	73	75	77	78	79	80	81	82	85	86	87	90	91	92	96	98	101	104	105	106	107	108	109	110	111	114	117	118	120	121	123	124	127	131	132	134	136	137	138	141	146	147
569	916	246	-19	2402	3354	245	568	-1
570	942	238	5	1260	1846	197	-1	571	-1
571	750	152	-5	2472	3037	164	570	-1
572	376	908	18	1385	2139	216	-1	573	52	3	11	25	26	28	33	38	39	40	42	49	50	52	54	55	57	59	65	68	69	71	74	77	79	85	93	94	96	99	103	104	105	107	109	113	115	116	118	119	121	123	125	128	133	134	135	138	141	142	144	145	147
573	345	923	-18	1102	2210	177	572	-1
574	227	714	7	2424	3418	205	-1	575	-1
575	276	592	-7	3273	4233	209	574	-1
576	373	354	15	2336	3448	108	-1	577	66	1	5	11	15	17	19	24	26	29	30	32	34	35	36	37	38	42	43	46	47	48	50	51	53	55	56	57	58	61	63	70	71	72	75	76	86	87	94	95	98	100	102	105	108	111	112	113	114	116	119	121	122	126	129	130	132	135	136	137	138	139	141	142	143	145	148
577	354	392	-15	2227	2846	235	576	-1
578	294	586	19	2901	3547	163	-1	579	89	1	3	4	5	6	9	10	11	12	13	16	21	22	25	26	31	33	34	35	38	39	40	41	43	45	47	48	49	51	53	54	59	61	62	63	64	66	67	68	69	71	72	73	75	77	78	79	80	82	83	85	87	88	90	93	95	96	97	99	101	103	104	107	109	110	112	113	114	117	118	119	120	122	123	124	125	126	128	130	132	135	137	138	139	143	146	147	148	149
579	387	356	-19	3693	4821	197	578	-1
580	221	726	18	1442	2587	119	-1	581	-1
581	298	583	-18	2026	3141	211	580	-1
582	278	593	8	812	1485	169	-1	583	-1
583	229	698	-8	237	1416	234	582	-1
584	285	578	8	2005	2977	203	-1	585	59	0	3	7	13	14	19	23	24	25	26	27	28	33	34	42	44	46	50	57	61	62	65	68	70	71	74	75	76	82	84	85	89	91	92	94	97	101	102	103	106	108	109	111	112	114	116	118	119	122	123	124	128	129	132	135	138	143	144	145
585	278	563	-8	1475	2649	238	584	-1
586	275	579	5	2635	3222	103	-1	587	-1
587	254	723	-5	3336	4372	115	586	-1
588	335	740	17	1251	2248	221	-1	589	-1
589	323	520	-17	1477	2407	212	588	-1
590	339	459	17	2748	4125	151	-1	591	49	0	3	5	11	16	22	37	41	43	44	46	49	52	59	63	66	67	68	70	73	74	75	77	78	86	87	88	89	91	97	100	101	107	108	110	112	116	117	118	120	126	127	129	132	139	141	142	146	148
591	296	596	-17	2277	3562	206	590	-1
592	953	226	10	853	1892	174	-1	593	70	2	3	4	6	7	12	14	15	16	18	20	21	22	27	29	30	31	33	37	38	39	45	47	48	49	51	52	55	57	59	62	68	69	71	73	74	77	85	86	88	91	93	94	98	99	100	103	104	105	107	109	111	112	114	117	119	120	124	127	128	129	130	131	132	133	134	138	139	142	148
593	751	152	-10	3235	4653	168	592	-1
594	477	43	7	1708	2908	135	-1	595	52	3	4	6	13	24	26	31	32	33	35	36	40	41	44	45	49	54	55	57	61	62	63	73	75	76	78	80	81	83	84	87	92	93	94	95	97	98	99	105	107	108	117	121	123	125	128	129	130	136	137	138	145
595	373	0	-7	2984	3589	192	594	-1
596	324	453	19	176	1179	212	-1	597	-1
597	322	451	-19	2732	3372	110	596	-1
598	751	152	10	1440	2609	163	-1	599	46	3	4	8	15	16	18	19	25	31	32	36	42	57	58	59	61	64	66	67	70	71	72	77	83	85	88	90	93	94	102	103	108	112	114	118	120	121	122	124	126	130	131	138	141	145	146
599	779	148	-10	2947	4184	112	598	-1
600	118	100	19	800	1496	113	-1	601	79	3	4	7	10	11	12	14	17	19	24	25	29	31	33	34	41	46	47	48	49	50	51	54	55	56	60	61	62	63	65	66	67	69	71	73	75	76	77	79	81	83	84	86	88	89	95	98	100	102	103	104	106	108	109	110	111	112	113	116	117	118	120	122	123	126	127	128	130	131	132	134	135	136	139	140	141	142	144	146
601	151	85	-19	3298	4275	178	600	-1
602	264	592	8	208	726	218	-1	603	45	3	8	9	14	23	28	30	31	34	36	38	42	43	46	49	52	57	60	64	65	68	70	73	74	75	78	84	86	94	98	99	101	102	118	121	124	125	127	132	137	142	143	144	146	149
603	365	354	-8	92	1225	216	602	-1
604	927	240	15	1868	3360	101	-1	605	52	1	8	11	13	15	17	18	21	23	24	26	30	31	39	40	45	46	49	51	52	59	60	68	72	74	75	77	79	80	81	87	89	97	98	100	102	107	108	113	119	120	121	124	125	129	130	131	133	134	145	147	148
605	927	322	-15	2449	3888	142	604	-1
606	325	445	15	85	1209	173	-1	607	79	0	1	4	6	7	8	9	11	14	15	18	19	20	23	26	27	29	30	34	36	37	39	40	41	43	45	46	47	53	54	57	58	61	63	64	65	66	67	68	69	71	76	81	83	85	86	88	91	93	94	95	96	99	102	105	107	108	111	112	113	118	119	121	122	124	125	126	130	132	133	134	137	139	140	142	143	144	146	147
607	337	594	-15	809	2125	143	606	-1
608	927	240	9	2771	3974	233	-1	609	-1
609	935	240	-9	2063	3445	147	608	-1
610	298	575	11	1027	1647	165	-1	611	50	5	7	10	11	14	16	17	21	22	28	30	35	37	40	42	44	48	56	61	62	65	66	67	69	70	71	74	78	83	90	95	100	102	104	106	108	110	114	115	119	120	121	125	127	128	129	136	137	138	149
611	291	564	-11	1877	3098	131	610	-1
612	329	419	9	21	1504	168	-1	613	-1
613	272	572	-9	477	1776	148	612	-1
614	316	440	7	976	2333	128	-1	615	-1
615	279	575	-7	2169	3150	187	614	-1
616	279	576	12	3030	3699	171	-1	617	-1
617	296	559	-12	3318	4037	209	616	-1
618	387	354	19	77	1035	216	-1	619	81	0	3	5	6	7	8	9	14	15	18	19	21	22	23	24	25	26	28	29	30	34	39	40	42	44	46	47	49	50	52	54	55	56	57	58	60	61	62	65	67	68	70	71	72	74	75	79	80	85	87	88	90	91	92	93	94	99	100	101	103	104	109	110	111	112	114	116	117	119	120	122	123	127	130	131	135	139	141	144	146	148
619	275	579	-19	1834	3225	240	618	-1
620	227	714	16	34	598	129	-1	621	-1
621	337	959	-16	2049	2722	111	620	-1
622	113	106	9	359	1761	228	-1	623	-1
623	142	194	-9	3081	4016	151	622	-1
624	355	117	8	2612	3900	203	-1	625	-1
625	373	356	-8	2242	3581	134	624	-1
626	738	129	17	1227	2043	151	-1	627	-1
627	749	144	-17	1468	2524	132	626	-1
628	923	241	19	498	1353	218	-1	629	-1
629	900	256	-19	530	1821	238	628	-1
630	339	938	12	1690	3040	248	-1	631	-1
631	351	942	-12	2040	3486	111	630	-1
632	329	108	20	1817	2639	126	-1	633	66	2	3	5	6	8	10	14	18	20	21	24	26	29	30	31	34	35	36	37	38	39	42	43	45	46	47	50	54	55	57	60	65	70	71	72	75	78	79	83	84	89	97	99	101	102	103	112	113	114	116	118	119	121	123	124	125	128	130	131	132	138	139	140	142	145	147
633	406	340	-20	3693	4248	245	632	-1
634	141	75	9	2430	3340	162	-1	635	83	1	2	3	5	7	12	13	15	18	20	22	24	26	27	29	31	32	33	35	36	37	40	43	44	45	46	47	51	54	55	56	60	61	63	66	67	68	70	72	73	75	76	77	78	80	82	84	85	87	88	89	91	92	93	96	98	99	103	104	106	107	108	112	113	115	116	117	120	121	123	124	127	128	129	130	134	135	136	138	139	141	145	149
635	359	181	-9	3740	4599	137	634	-1
636	140	100	17	3234	4048	173	-1	637	46	3	13	15	16	19	24	25	27	40	41	45	48	53	55	59	61	64	67	69	70	71	72	74	77	78	79	83	84	86	88	90	93	95	96	98	102	109	111	122	127	128	129	135	138	145	147
637	358	28	-17	3472	4194	106	636	-1
638	325	454	13	159	1475	107	-1	639	71	1	2	3	6	7	8	9	11	13	14	17	19	21	25	27	31	32	35	38	40	42	43	44	47	50	51	58	64	65	67	68	69	70	71	76	81	82	85	86	88	89	90	92	94	97	98	99	102	103	104	107	108	110	112	113	115	118	119	120	121	123	124	127	130	131	132	136	138	139	140	144
639	227	714	-13	2166	3547	157	638	-1
640	252	711	19	2104	2751	131	-1	641	84	0	1	2	7	8	9	11	12	13	15	16	17	18	19	21	22	25	28	30	32	35	36	37	42	44	46	48	49	50	51	53	55	57	58	60	61	62	64	68	69	70	71	73	74	76	78	79	80	81	85	86	87	88	89	90	94	96	97	98	99	100	101	102	103	105	106	108	109	112	115	116	118	122	123	125	130	135	136	137	138	139	140	143	145
641	276	589	-19	1297	2735	195	640	-1
642	392	33	15	638	1857	103	-1	643	-1
643	126	118	-15	2142	3578	119	642	-1
644	749	153	8	1341	2762	103	-1	645	-1
645	906	193	-8	1618	3035	125	644	-1
646	364	81	7	3033	3675	151	-1	647	-1
647	372	356	-7	3597	4913	141	646	-1
648	325	455	17	1838	2604	208	-1	649	-1
649	275	579	-17	2055	2619	223	648	-1
650	746	185	19	386	1730	116	-1	651	85	0	1	3	7	8	13	16	19	23	24	25	27	28	29	31	32	33	35	36	38	41	43	44	46	47	49	50	51	54	55	56	57	61	62	63	64	65	66	68	69	70	73	74	75	76	77	80	83	84	86	87	89	90	91	92	96	97	98	99	100	101	102	104	108	109	111	112	114	116	117	118	120	121	122	126	129	130	133	136	138	139	140	144	145	148
651	920	290	-19	2298	3445	111	650	-1
652	372	356	13	2672	3551	214	-1	653	-1
653	377	118	-13	2936	3894	227	652	-1
654	349	938	6	3434	4552	181	-1	655	-1
655	229	716	-6	3510	4209	232	654	-1
656	322	38	17	1551	2487	137	-1	657	56	6	10	11	12	14	17	18	21	22	25	28	29	30	31	32	36	37	40	47	49	56	57	58	60	62	66	67	69	70	72	76	80	82	90	91	92	97	98	99	104	107	109	112	113	115	119	120	122	125	132	135	136	137	139	141	142
657	468	94	-17	2545	3478	192	656	-1
658	364	92	7	472	1108	111	-1	659	-1
659	285	81	-7	36	1342	101	658	-1
660	141	99	12	238	1726	154	-1	661	-1
661	362	104	-12	2735	3339	226	660	-1
662	388	417	19	1530	2271	156	-1	663	-1
663	295	546	-19	3179	4029	176	662	-1
664	151	23	7	3738	4265	117	-1	665	61	2	3	4	6	8	11	12	13	14	17	24	26	30	35	36	38	44	46	47	48	50	55	59	60	62	64	70	72	73	79	80	81	82	83	84	86	89	91	93	95	97	99	102	103	105	107	111	118	120	122	125	127	128	129	132	136	137	138	140	144	146
665	361	91	-7	3574	4863	100	664	-1
666	356	932	12	1055	2388	166	-1	667	88	1	2	5	7	12	13	14	16	17	21	22	23	25	26	30	32	33	34	35	36	37	38	39	41	42	44	46	50	51	55	56	58	59	60	62	64	67	73	75	82	83	84	85	86	88	90	92	93	94	95	96	97	98	102	103	104	105	106	107	111	112	113	114	115	116	117	118	119	121	122	123	124	125	126	130	132	133	134	135	136	137	138	142	144	145	146	147	148
667	248	744	-12	2583	3505	179	666	-1
668	765	97	18	634	1298	210	-1	669	74	0	1	4	7	10	13	14	21	22	23	26	28	29	31	32	33	34	35	37	38	39	42	43	50	51	55	57	58	59	60	63	64	65	67	68	69	71	72	74	75	76	79	81	84	85	86	88	89	90	92	94	98	99	100	101	103	105	106	107	108	109	110	114	116	123	126	128	129	133	136	140	143	145	146
669	926	242	-18	2939	3962	195	668	-1
670	355	123	15	115	1531	218	-1	671	73	0	1	3	5	6	9	12	13	15	17	21	25	27	28	29	31	33	37	39	45	46	47	49	50	51	53	54	55	56	57	58	59	60	62	64	65	68	71	72	73	74	76	77	78	79	85	87	89	91	92	95	96	98	99	100	101	105	107	113	120	121	122	123	126	128	129	132	137	143	144	146	147	149
671	347	69	-15	2191	3184	176	670	-1
672	325	454	11	911	1700	239	-1	673	78	3	5	9	10	11	12	13	15	16	17	19	23	24	26	29	30	34	35	36	37	39	40	41	44	45	49	54	56	57	60	62	64	65	69	74	77	81	82	83	84	87	88	89	90	91	93	94	96	98	99	100	101	102	103	106	108	109	112	113	115	119	122	123	127	130	131	133	134	135	139	140	141	143	144	145	146	147	148
673	353	350	-11	2210	2745	135	672	-1
674	368	353	19	1995	3426	194	-1	675	-1
675	270	584	-19	4133	4961	146	674	-1
676	355	943	15	84	872	152	-1	677	61	2	3	4	18	21	23	25	30	34	37	39	40	41	42	47	48	49	53	60	61	62	63	65	74	78	79	82	83	84	86	89	91	93	96	97	98	100	102	103	104	107	108	109	110	114	117	118	121	122	125	128	130	133	136	137	138	141	142	144	146	148
677	353	941	-15	1008	2316	177	676	-1
678	318	346	7	2914	4314	165	-1	679	64	0	3	6	7	8	9	10	11	12	13	16	19	30	32	35	38	39	45	48	50	52	55	56	57	58	59	62	66	67	71	74	75	78	79	83	84	88	89	92	99	103	104	107	109	114	118	119	121	122	123	125	128	130	134	136	137	139	142	143	144	145	146	147	148
679	276	578	-7	3413	4679	177	678	-1
680	325	454	12	1356	2349	163	-1	681	-1
681	272	595	-12	3308	4353	122	680	-1
682	221	716	9	126	1229	170	-1	683	66	1	2	4	12	13	14	15	16	17	20	27	30	31	34	35	40	44	45	49	50	52	53	56	58	59	61	62	63	64	65	66	67	68	71	72	78	80	89	95	99	100	101	102	103	107	108	111	112	113	114	115	118	123	124	126	128	129	130	131	133	138	139	144	146	147	149
683	225	751	-9	2180	3126	120	682	-1
684	275	579	14	1975	2892	202	-1	685	-1
685	290	726	-14	3175	3967	246	684	-1
686	371	102	10	3050	4469	113	-1	687	-1
687	285	58	-10	2902	3973	121	686	-1
688	381	461	10	2169	2998	121	-1	689	86	3	5	6	7	10	14	15	16	18	21	22	23	24	25	28	29	34	37	38	40	41	43	46	48	49	52	54	55	56	59	62	63	64	65	66	68	70	71	73	74	75	76	77	78	79	80	84	85	91	92	93	95	96	97	98	99	100	102	103	107	109	110	112	113	114	115	117	118	119	120	123	124	125	130	131	133	134	135	136	139	140	141	142	145	146	147
689	327	452	-10	1964	2688	240	688	-1
690	356	83	20	3201	4333	151	-1	691	87	1	3	4	5	6	7	8	9	10	11	12	13	14	16	17	18	19	22	24	26	28	29	30	32	33	34	35	36	37	38	40	41	43	46	47	49	50	52	55	60	61	62	64	65	66	67	69	70	75	77	78	80	81	82	83	86	89	90	95	100	101	102	103	104	106	107	109	110	112	116	117	120	121	124	125	127	128	129	131	136	139	140	141	143	144	146	149
691	356	89	-20	3388	4731	180	690	-1
692	353	943	7	2049	2618	230	-1	693	50	4	7	8	10	13	16	18	19	20	27	35	36	37	43	45	46	50	52	57	59	61	62	76	79	80	81	95	96	97	101	103	104	105	109	110	115	116	119	121	123	126	130	132	133	135	138	139	140	145	148
693	352	941	-7	2729	3434	153	692	-1
694	274	579	19	1089	1948	172	-1	695	-1
695	216	710	-19	1847	2398	116	694	-1
696	318	461	16	1042	2254	153	-1	697	73	0	2	6	7	8	9	11	12	14	16	21	22	29	31	33	35	36	37	38	39	44	45	46	48	49	51	52	53	54	55	56	60	62	66	67	70	74	75	76	79	80	81	82	83	86	87	88	90	92	94	95	96	101	107	108	114	115	116	119	120	121	124	126	128	129	130	132	138	139	140	141	143	145
697	324	454	-16	929	1512	148	696	-1
698	276	578	7	246	1535	243	-1	699	54	4	5	7	12	13	14	17	18	24	25	26	27	37	41	43	45	46	48	49	51	52	55	56	57	60	65	69	70	74	75	77	78	79	83	86	88	89	91	97	100	102	103	106	107	109	110	121	123	124	125	127	137	142	149
699	279	550	-7	3917	4868	248	698	-1
700	931	238	7	868	1870	229	-1	701	-1
701	752	152	-7	1471	2568	151	700	-1
702	927	228	5	1689	2679	220	-1	703	60	1	2	5	7	9	10	11	12	14	15	20	21	22	23	27	34	36	39	45	46	47	48	49	52	57	59	65	67	69	71	73	76	77	82	83	84	85	87	88	89	91	93	95	99	106	110	111	113	114	118	123	125	126	130	131	134	138	139	141	149
703	934	255	-5	2655	3790	148	702	-1
704	145	94	11	949	1751	227	-1	705	-1
705	190	7	-11	4198	4717	106	704	-1
706	747	149	9	478	1579	208	-1	707	68	1	6	9	11	12	13	15	16	21	22	29	32	36	41	42	43	44	47	49	52	53	55	56	58	61	62	63	64	66	68	70	73	74	76	77	78	81	83	84	86	87	93	96	98	100	101	102	103	107	108	114	120	123	124	125	127	128	132	134	135	136	137	139	140	141	142	147	148
707	781	122	-9	2706	3853	218	706	-1
708	373	357	18	3140	4621	209	-1	709	-1
709	275	579	-18	3139	3898	236	708	-1
710	320	458	19	732	1525	102	-1	711	66	2	3	4	6	9	10	11	13	14	17	19	21	22	24	27	30	31	38	42	47	49	51	55	56	60	67	68	69	70	72	75	78	80	83	86	88	89	91	94	95	100	101	105	112	113	114	119	120	121	125	126	127	128	129	130	136	137	139	140	141	142	144	146	147	148	149
711	366	375	-19	444	1561	149	710	-1
712	902	174	13	1824	2886	131	-1	713	-1
713	927	241	-13	3227	4088	139	712	-1
714	278	682	8	551	1883	244	-1	715	-1
715	227	714	-8	1969	3414	205	714	-1
716	304	468	20	67	786	215	-1	717	73	0	6	9	12	16	19	23	24	26	31	33	35	36	37	38	40	41	42	43	44	47	48	49	51	52	53	54	55	57	58	64	66	67	68	69	70	71	72	73	75	76	77	78	86	87	88	89	90	91	92	94	99	102	105	106	109	112	113	116	117	118	120	123	125	128	129	130	131	132	135	143	144	146
717	372	357	-20	3499	4511	240	716	-1
718	337	443	7	91	903	185	-1	719	-1
719	296	564	-7	3379	4306	218	718	-1
720	725	173	17	1528	2415	182	-1	721	-1
721	929	240	-17	2077	3334	193	720	-1
722	368	352	19	2105	3381	185	-1	723	50	3	4	6	7	13	18	20	24	27	32	38	48	50	52	54	58	61	62	65	67	71	74	80	81	82	84	86	90	93	97	98	100	101	103	105	106	107	108	110	113	114	117	118	120	124	125	127	131	145	147
723	327	455	-19	2873	4204	224	722	-1
724	929	244	19	462	1291	124	-1	725	88	0	1	2	8	9	10	12	15	16	17	18	20	22	23	24	34	36	38	39	41	44	48	49	50	51	53	54	55	56	57	58	59	60	62	63	64	65	66	68	69	71	72	73	74	75	76	77	81	82	85	86	87	89	91	93	94	98	100	102	104	106	107	108	110	112	115	117	118	119	120	121	123	124	128	129	131	136	138	139	140	141	142	143	144	145	146	147	148
725	828	175	-19	2063	2917	133	724	-1
726	295	563	10	2239	3082	184	-1	727	-1
727	230	588	-10	2411	3633	179	726	-1
728	368	569	15	2864	4083	180	-1	729	60	2	3	4	6	7	9	11	14	19	22	26	27	29	33	35	36	38	40	41	42	44	46	48	49	51	52	54	56	57	65	66	77	81	84	85	86	94	98	99	101	103	106	107	109	110	112	115	116	117	118	119	120	127	128	129	131	140	145	146	147
729	375	343	-15	3574	4292	150	728	-1
730	116	118	6	1362	2594	184	-1	731	67	1	3	6	13	16	20	22	23	26	27	31	33	34	35	36	39	40	41	45	46	47	55	56	58	59	62	63	64	66	70	71	73	74	76	78	79	80	81	84	85	89	92	96	97	98	101	105	111	112	113	114	116	117	119	120	121	122	123	129	130	131	132	137	142	145	147	148
731	141	100	-6	3535	4376	232	730	-1
732	751	152	16	801	1697	108	-1	733	71	2	3	5	8	11	12	14	17	18	19	21	24	25	26	28	29	30	31	33	34	35	38	39	40	44	50	53	54	55	57	58	63	64	67	69	70	71	72	78	84	86	87	88	89	92	93	95	97	98	99	104	105	107	111	112	114	115	117	118	122	125	126	129	132	133	137	139	140	142	143	144
733	927	240	-16	3708	4317	198	732	-1
734	131	53	7	242	1672	155	-1	735	66	1	3	6	9	10	12	14	16	18	21	22	26	28	35	36	37	38	40	41	42	43	45	46	48	51	52	53	54	56	60	61	63	64	65	67	69	71	73	78	80	86	87	88	89	92	96	97	98	99	102	107	108	110	111	115	121	123	130	131	132	133	138	140	143	144	147
735	372	111	-7	49	1107	219	734	-1
736	935	213	12	1822	3086	222	-1	737	-1
737	825	194	-12	2829	4227	221	736	-1
738	223	699	6	356	1735	239	-1	739	-1
739	270	762	-6	2656	3522	220	738	-1
740	275	587	7	346	1506	109	-1	741	-1
741	353	461	-7	1116	2010	110	740	-1
742	304	145	18	2977	3708	232	-1	743	-1
743	111	98	-18	3689	4344	193	742	-1
744	272	581	11	1172	1793	188	-1	745	-1
745	274	581	-11	1439	2867	235	744	-1
746	324	453	10	949	2010	194	-1	747	-1
747	342	478	-10	1588	2917	206	746	-1
748	759	156	18	2373	2951	157	-1	749	-1
749	928	238	-18	2277	3223	205	748	-1
750	751	152	17	858	2164	156	-1	751	-1
751	771	152	-17	1667	2261	214	750	-1
752	295	571	13	710	1781	161	-1	753	66	7	8	9	16	18	19	20	24	26	30	31	37	38	41	43	44	45	46	48	49	51	52	53	56	57	60	63	65	68	70	71	74	75	77	81	85	89	95	96	99	100	101	102	103	104	106	108	110	111	112	114	116	117	118	122	125	128	129	130	131	134	136	137	141	143	145
753	270	600	-13	596	1561	135	752	-1
754	272	576	10	780	1296	147	-1	755	-1
755	321	454	-10	3296	4117	147	754	-1
756	343	909	19	1579	2874	242	-1	757	45	4	7	8	14	17	19	26	30	37	38	42	45	50	51	54	58	63	64	69	71	81	82	84	87	89	93	94	97	99	101	102	104	106	110	115	117	124	129	130	136	139	141	144	145	147
757	213	700	-19	3271	3782	138	756	-1
758	939	194	11	2886	3739	198	-1	759	-1
759	963	261	-11	3362	4359	238	758	-1
760	361	341	7	81	1475	149	-1	761	-1
761	372	356	-7	2607	3259	194	760	-1
762	361	83	9	901	2305	183	-1	763	-1
763	370	87	-9	1113	2101	202	762	-1
764	372	356	6	270	1379	117	-1	765	-1
765	391	90	-6	1896	2932	105	764	-1
766	298	580	10	707	1858	203	-1	767	67	1	6	8	9	10	14	15	16	19	21	22	23	27	30	32	33	38	39	40	42	44	45	46	49	52	53	56	57	58	59	60	65	66	67	69	70	75	78	79	81	83	85	91	98	100	103	104	107	108	109	110	112	113	116	119	120	121	127	131	132	133	134	138	139	143	147	148
767	379	368	-10	2773	4173	126	766	-1
768	322	453	12	1022	2054	214	-1	769	-1
769	230	669	-12	4343	4919	191	768	-1
770	771	156	12	1675	2464	209	-1	771	50	3	4	5	6	7	11	14	16	18	19	20	24	26	33	34	39	45	53	55	58	61	62	69	74	76	77	79	81	85	86	87	91	93	96	104	108	113	116	120	121	124	125	129	131	133	134	135	136	143	145
771	760	148	-12	903	2131	139	770	-1
772	203	734	8	986	1666	232	-1	773	70	2	4	6	8	10	12	13	14	16	17	18	19	22	26	27	28	31	33	35	36	38	40	41	43	44	46	48	49	54	56	57	63	66	69	74	77	81	82	84	85	86	89	91	92	94	95	96	108	110	112	115	116	117	119	121	123	124	126	127	129	130	131	134	135	136	138	139	141	145	147
773	269	553	-8	2441	3720	163	772	-1
774	242	588	5	784	1462	150	-1	775	-1
775	368	356	-5	2333	3322	146	774	-1
776	225	715	18	284	1464	153	-1	777	83	0	1	3	4	5	6	7	8	9	11	13	14	15	16	17	19	20	22	23	25	27	28	31	33	36	37	39	43	45	47	51	53	54	61	62	64	67	68	71	72	74	75	76	77	79	81	82	85	86	88	92	96	98	99	100	101	103	104	106	107	110	114	117	118	122	124	125	126	127	128	130	131	132	133	136	137	140	141	142	143	144	146	147
777	296	564	-18	3295	4500	234	776	-1
778	950	238	15	1530	2799	246	-1	779	89	2	4	5	7	9	12	14	17	22	23	26	28	29	30	31	34	35	36	37	38	39	40	41	42	46	47	49	50	51	52	53	55	56	57	58	60	61	63	66	67	68	69	70	71	72	74	79	81	83	84	86	87	89	90	93	94	95	96	101	103	104	105	108	109	110	111	112	113	115	116	117	120	121	123	124	128	129	131	134	135	136	137	140	141	142	143	144	146	148
779	680	185	-15	2524	3136	238	778	-1
780	401	916	10	474	1101	139	-1	781	-1
781	230	698	-10	1305	2234	222	780	-1
782	250	578	13	2029	3073	177	-1	783	-1
783	355	386	-13	2948	4189	130	782	-1
784	927	240	7	2215	3673	179	-1	785	72	2	6	7	8	9	11	12	13	14	15	16	17	24	30	34	35	38	39	40	41	43	44	45	48	49	51	52	53	54	55	56	57	60	61	62	64	65	68	70	72	73	76	78	83	85	86	87	88	91	93	95	97	100	103	108	113	114	120	121	122	127	128	129	131	135	136	138	139	141	144	145	147
785	751	151	-7	2544	3471	114	784	-1
786	276	579	7	147	1408	113	-1	787	65	8	10	15	17	18	20	23	24	26	27	28	33	34	35	36	40	41	43	44	46	48	52	54	56	58	61	62	65	66	67	68	71	75	76	78	79	84	87	89	90	92	94	96	99	100	101	106	114	115	116	118	119	121	123	124	126	127	134	136	137	138	141	144	146	148
787	299	606	-7	3389	4443	181	786	-1
788	245	730	6	974	2129	214	-1	789	-1
789	244	728	-6	868	1566	206	788	-1
790	226	650	15	1168	2287	189	-1	791	73	6	7	8	9	11	12	16	17	18	19	25	28	29	31	32	33	34	36	37	38	40	41	42	45	46	47	48	49	53	55	56	57	58	61	62	64	73	74	75	78	79	81	83	85	90	93	94	96	97	98	100	103	108	111	114	116	118	121	122	123	127	130	132	133	135	136	138	139	140	143	144	145	148
791	227	714	-15	2288	3485	233	790	-1
792	926	240	10	1433	2828	127	-1	793	50	0	2	3	12	13	14	15	17	22	26	27	35	36	38	39	40	41	43	44	50	52	54	55	58	59	64	72	77	80	82	86	87	100	102	104	105	110	113	114	117	121	123	127	133	134	136	137	139	141	147
793	748	158	-10	3586	4343	178	792	-1
794	740	179	16	3660	4740	139	-1	795	-1
795	742	148	-16	3556	4905	173	794	-1
796	327	92	14	2122	3515	152	-1	797	49	5	8	9	10	16	18	19	20	26	27	32	38	40	43	44	45	47	49	50	54	55	56	58	61	69	73	75	80	85	87	91	93	99	107	109	124	126	129	130	131	132	133	134	137	138	140	141	142	143
797	323	59	-14	1829	3275	185	796	-1
798	751	152	15	1316	2021	103	-1	799	-1
799	916	240	-15	1356	2125	155	798	-1
800	195	690	14	2266	2945	190	-1	801	70	0	5	6	10	13	14	15	16	18	19	20	21	22	29	33	35	36	37	39	40	41	42	44	47	48	49	51	52	53	54	55	59	61	65	66	67	73	76	82	83	86	87	88	89	91	95	100	102	104	106	109	111	115	117	118	128	129	130	131	133	136	139	140	142	143	145	146	147	148	149
801	252	570	-14	3538	4289	142	800	-1
802	749	153	19	3162	4344	152	-1	803	-1
803	928	235	-19	3609	4336	117	802	-1
804	458	930	14	2754	3393	102	-1	805	63	1	5	7	13	14	17	24	26	27	28	29	31	35	36	39	42	43	44	46	47	49	51	55	56	59	60	63	65	69	71	72	74	75	80	82	85	88	89	90	91	93	94	95	96	98	99	102	103	104	105	108	116	117	130	132	137	138	142	143	144	145	146	147
805	350	940	-14	2740	4124	183	804	-1
806	338	455	13	2807	4288	141	-1	807	-1
807	277	581	-13	3516	4259	197	806	-1
808	323	756	6	897	1928	220	-1	809	69	0	1	3	6	8	12	13	14	15	21	30	31	33	39	41	42	43	44	45	46	48	53	54	55	59	62	65	66	70	71	74	76	77	81	84	89	92	96	97	102	104	106	108	109	110	111	112	113	114	115	116	117	118	122	123	125	126	130	131	132	133	134	135	137	142	144	145	146	148
809	272	579	-6	2115	3123	217	808	-1
810	329	457	5	950	1825	246	-1	811	70	2	5	7	8	9	12	17	18	19	20	22	23	26	27	28	29	30	33	34	36	37	39	40	42	43	48	49	50	52	56	58	67	69	70	72	73	75	76	77	82	83	85	88	89	90	92	95	96	98	99	101	104	106	107	109	113	114	117	118	120	121	122	129	131	132	134	135	138	146	147
811	410	327	-5	1052	2167	214	810	-1
812	193	138	9	753	2176	205	-1	813	47	4	11	12	13	16	22	23	24	26	32	34	42	44	48	51	57	60	64	67	68	69	71	72	76	78	79	89	92	94	96	98	100	113	115	117	119	120	122	131	132	135	136	137	138	142	146	147
813	310	64	-9	2370	3779	236	812	-1
814	713	241	9	1721	3023	148	-1	815	79	1	2	3	4	6	7	8	13	15	17	18	19	20	24	25	26	27	29	32	34	35	36	37	42	47	51	52	54	55	58	59	61	63	64	65	66	68	71	73	74	79	82	83	84	86	88	91	92	93	95	96	97	98	99	101	104	106	107	108	109	110	111	114	116	124	125	128	129	131	132	134	138	139	140	143	144	145	147	148
815	927	240	-9	2639	4089	206	814	-1
816	288	604	14	896	1707	157	-1	817	88	1	2	3	5	6	7	8	10	11	13	14	15	16	17	19	21	22	23	24	26	27	28	29	31	33	37	39	42	44	45	47	50	55	56	57	59	60	61	63	64	66	67	68	69	72	74	76	77	80	82	84	86	87	89	90	92	93	96	97	99	100	101	103	104	109	110	111	112	113	115	116	117	119	121	123	125	131	132	138	139	140	141	143	144	145	146	147	148
817	288	578	-14	2733	3505	142	816	-1
818	372	471	8	2965	4055	166	-1	819	84	1	3	4	5	7	8	11	13	15	16	17	18	19	21	22	23	24	25	26	28	29	30	31	33	34	35	37	43	44	48	49	50	56	57	58	59	60	61	62	64	65	66	67	68	70	71	72	74	75	77	80	81	83	90	91	92	95	96	97	98	103	104	108	109	110	111	112	113	114	115	121	124	126	127	128	129	131	132	135	139	143	144	147	149
819	372	355	-8	2152	3599	237	818	-1
820	324	453	18	2275	3036	177	-1	821	62	1	6	8	11	13	14	16	22	24	25	29	31	33	36	37	38	41	46	47	50	52	55	57	59	66	69	71	75	80	83	86	87	88	89	90	93	95	96	97	98	100	104	108	113	115	118	119	123	125	128	129	130	133	134	138	139	142	143	145	146	147	148
821	251	532	-18	3302	4260	172	820	-1
822	359	89	8	35	1349	220	-1	823	57	0	1	2	4	6	7	8	11	14	16	18	19	23	27	29	30	36	38	40	44	45	48	58	59	62	64	67	68	71	73	75	77	78	84	87	91	92	95	98	102	103	106	107	109	112	116	117	118	119	125	127	129	131	134	138	142	145
823	356	99	-8	3419	4108	208	822	-1
824	369	348	12	471	1867	239	-1	825	74	1	2	5	6	8	10	11	12	14	16	17	19	20	28	29	31	38	39	41	42	43	44	45	47	49	50	52	53	59	63	64	71	72	74	75	78	79	80	82	83	84	88	90	91	92	94	95	96	97	99	100	101	102	105	106	107	108	109	111	112	115	120	123	125	129	130	131	133	135	138	139	142	148	149
825	381	344	-12	891	2370	112	824	-1
826	221	724	15	300	1384	168	-1	827	-1
827	352	941	-15	2782	3984	187	826	-1
828	366	360	9	278	1561	154	-1	829	-1
829	356	82	-9	536	1756	128	828	-1
830	271	907	16	182	1646	179	-1	831	-1
831	224	719	-16	3663	4895	213	830	-1
832	143	100	13	1897	2838	225	-1	833	-1
833	340	95	-13	2074	3018	132	832	-1
834	394	300	18	1582	3043	190	-1	835	53	3	6	8	10	12	17	19	24	25	28	31	39	48	51	52	53	55	56	60	63	64	67	73	75	80	81	82	86	87	89	90	95	96	99	101	103	104	106	107	112	116	117	119	124	128	129	132	135	137	139	141	142	146
835	327	456	-18	2995	4419	231	834	-1
836	352	941	11	668	1938	205	-1	837	-1
837	244	787	-11	520	1822	122	836	-1
838	329	520	6	265	1310	128	-1	839	-1
839	227	714	-6	1108	2026	152	838	-1
840	361	295	20	2347	3036	136	-1	841	-1
841	359	88	-20	2343	3378	101	840	-1
842	352	93	6	2913	3707	146	-1	843	-1
843	359	88	-6	2353	3478	246	842	-1
844	275	579	13	1522	2224	199	-1	845	49	1	4	5	7	8	12	14	18	26	30	31	32	35	37	43	44	46	47	49	55	57	59	64	69	71	72	88	90	91	92	99	101	102	107	108	110	113	117	119	120	123	124	129	131	136	140	141	145	146
845	230	711	-13	1259	2295	130	844	-1
846	307	706	15	305	935	235	-1	847	-1
847	227	739	-15	2351	3460	208	846	-1
848	79	184	12	377	1462	184	-1	849	72	1	2	4	6	7	8	9	13	14	16	18	19	20	22	24	28	30	39	40	42	44	45	46	47	48	49	50	51	52	53	54	55	57	58	59	61	63	67	68	70	73	75	78	86	87	88	89	92	96	97	99	100	104	105	108	110	113	116	119	120	122	124	130	133	134	135	137	142	143	144	145	148
849	320	87	-12	4203	4939	143	848	-1
850	928	239	6	2220	2857	225	-1	851	-1
851	732	158	-6	2085	3047	143	850	-1
852	328	439	11	1254	1762	103	-1	853	-1
853	275	579	-11	861	2039	170	852	-1
854	182	696	18	447	1713	168	-1	855	-1
855	293	566	-18	802	1947	164	854	-1
856	429	277	9	1852	3224	153	-1	857	79	2	4	5	7	9	10	15	16	19	20	21	23	24	25	26	28	30	31	33	37	38	39	41	43	45	46	48	51	52	53	57	58	59	61	62	64	68	77	78	79	82	84	89	90	91	92	94	97	99	101	102	103	105	110	111	112	113	115	116	118	120	124	125	126	127	129	130	131	132	134	136	139	141	143	144	145	147	148	149
857	359	87	-9	1910	3197	163	856	-1
858	365	74	12	2842	4281	235	-1	859	86	0	2	4	7	8	11	12	17	18	20	22	23	24	27	28	31	32	33	34	37	38	39	40	42	46	47	49	54	56	58	59	60	61	62	63	68	70	71	72	73	74	76	77	78	80	82	84	86	87	88	89	90	91	93	94	95	96	97	99	100	102	105	109	110	111	112	113	114	116	119	120	121	122	125	126	128	129	130	133	135	139	142	145	146	147	148
859	364	85	-12	2805	4058	179	858	-1
860	372	635	6	454	1255	187	-1	861	77	3	4	5	6	10	11	14	16	17	18	19	20	21	24	25	27	28	31	34	35	38	39	45	47	48	55	56	59	63	64	65	66	69	71	73	74	75	76	78	79	81	83	84	87	88	89	91	92	93	95	99	101	103	104	106	107	108	109	111	114	115	119	120	124	125	127	128	129	131	132	133	134	135	136	143	146	147
861	296	564	-6	842	1578	175	860	-1
862	962	217	19	268	1227	223	-1	863	79	0	1	3	5	8	10	11	12	13	15	18	19	20	22	23	27	29	30	31	32	33	35	36	38	40	41	43	44	51	52	53	54	55	56	62	63	65	66	67	68	74	75	78	79	80	81	84	86	88	90	91	93	95	99	102	103	104	105	109	113	116	122	123	124	130	131	132	133	134	135	137	138	139	141	142	143	144	145	147
863	925	244	-19	3213	4286	103	862	-1
864	141	99	13	836	2045	171	-1	865	79	4	7	8	9	10	12	14	15	17	18	19	20	22	23	26	27	28	29	30	33	35	38	40	42	44	45	46	48	49	50	51	55	56	57	58	60	62	63	66	68	69	71	72	73	74	76	77	79	82	83	84	86	87	92	94	95	96	97	104	106	110	112	115	116	117	121	123	127	128	132	133	134	137	139	140	141	144	147	148
865	143	95	-13	2578	3462	167	864	-1
866	294	565	6	3136	4608	134	-1	867	70	1	3	4	5	9	11	12	13	15	16	20	21	22	25	26	27	29	31	32	34	36	38	40	41	44	45	47	48	49	50	53	54	55	57	58	59	61	63	64	65	68	73	74	75	82	86	88	89	93	94	99	101	108	109	114	115	118	119	125	129	130	133	134	141	142	143	145	147	148	149
867	372	358	-6	2534	3906	201	866	-1
868	197	718	12	638	1423	146	-1	869	-1
869	314	933	-12	205	1300	212	868	-1
870	237	764	16	1230	2090	249	-1	871	-1
871	264	571	-16	3145	3938	132	870	-1
872	833	298	20	635	1690	220	-1	873	-1
873	937	234	-20	2574	3338	130	872	-1
874	416	351	12	350	1134	194	-1	875	-1
875	268	558	-12	4283	4850	200	874	-1
876	298	564	17	150	1501	146	-1	877	79	0	1	2	4	7	9	11	14	15	17	18	22	23	24	25	28	29	30	32	34	35	37	38	40	43	44	45	46	47	52	53	54	57	58	60	61	63	64	65	66	70	71	72	74	75	76	77	79	82	84	86	87	97	98	99	100	103	108	110	113	114	115	116	118	119	123	129	130	131	132	135	136	137	139	140	143	145	146	148
877	275	579	-17	2824	4245	236	876	-1
878	927	240	16	2508	3556	153	-1	879	-1
879	750	150	-16	3411	4704	105	878	-1
880	351	941	9	208	946	232	-1	881	68	1	3	5	6	8	13	14	18	19	23	24	25	29	30	35	39	41	42	43	45	48	50	51	52	53	54	56	57	58	59	63	64	66	68	70	72	74	75	78	79	80	81	85	87	91	92	94	97	99	100	107	108	109	111	117	120	123	125	126	128	130	131	137	143	144	145	147	148
881	233	711	-9	2822	3441	164	880	-1
882	355	78	19	437	1705	140	-1	883	78	0	1	2	4	9	10	11	12	13	15	16	17	19	21	22	23	24	28	29	32	34	35	38	39	40	42	43	44	45	47	50	54	58	61	64	65	66	68	71	72	74	76	77	78	83	85	86	87	88	92	93	94	95	99	100	101	102	104	106	113	114	115	116	130	131	132	133	134	135	136	137	138	139	140	141	142	145	149
883	384	133	-19	3586	4904	218	882	-1
884	147	90	7	2213	3153	130	-1	885	-1
885	191	160	-7	2556	3250	235	884	-1
886	373	42	6	817	1343	121	-1	887	-1
887	369	81	-6	424	1574	172	886	-1
888	355	438	15	246	1216	182	-1	889	77	2	4	6	7	8	11	12	18	21	22	24	25	27	28	31	36	37	38	40	41	42	44	47	50	51	55	56	58	61	62	63	65	67	68	69	71	72	73	74	75	76	79	80	81	84	85	86	91	94	95	96	97	100	101	102	105	106	109	111	114	117	120	121	122	124	127	128	130	132	135	137	141	143	144	146	147	148
889	400	336	-15	2316	3812	234	888	-1
890	257	577	14	1852	3291	215	-1	891	-1
891	317	376	-14	2922	4393	138	890	-1
892	375	358	10	18	1325	183	-1	893	-1
893	372	355	-10	1131	2419	145	892	-1
894	229	713	17	1259	2327	107	-1	895	78	5	7	9	10	11	12	13	14	17	21	28	29	30	33	37	42	43	44	45	50	52	53	54	55	59	63	64	67	68	69	70	71	72	73	74	77	80	81	85	86	87	88	89	90	94	97	98	101	102	104	105	108	111	112	113	116	117	118	119	120	121	126	127	128	129	130	131	132	136	137	139	140	141	142	144	145	146	148
895	201	695	-17	2226	3342	115	894	-1
896	328	457	6	1564	2254	236	-1	897	75	1	2	3	7	9	12	14	15	17	18	19	24	25	28	29	31	32	34	37	39	40	41	42	50	51	53	55	57	60	61	62	63	66	68	69	71	72	74	75	76	79	80	85	86	88	89	90	91	92	94	95	97	100	102	104	106	109	110	115	117	124	125	127	131	133	135	137	138	139	140	141	143	144	146	148
897	240	554	-6	1835	2745	100	896	-1
898	363	63	9	199	889	204	-1	899	-1
899	137	99	-9	1379	2291	243	898	-1
900	371	369	14	869	2109	237	-1	901	-1
901	372	356	-14	2496	3823	141	900	-1
902	157	83	13	2112	3145	104	-1	903	-1
903	160	100	-13	3747	4811	106	902	-1
904	362	94	11	3169	4516	100	-1	905	-1
905	365	82	-11	3832	4549	171	904	-1
906	232	710	9	204	1319	172	-1	907	-1
907	245	555	-9	696	1388	100	906	-1
908	281	581	15	2493	3984	141	-1	909	-1
909	290	555	-15	3756	4565	172	908	-1
910	306	413	17	1029	1742	222	-1	911	-1
911	329	431	-17	3034	4206	119	910	-1
912	950	282	19	219	935	108	-1	913	-1
913	928	240	-19	2431	3354	172	912	-1
914	137	129	15	1917	2691	180	-1	915	-1
915	359	88	-15	2447	3740	142	914	-1
916	751	160	7	2916	3626	162	-1	917	60	1	2	7	9	12	13	15	18	20	22	25	29	32	33	37	40	41	42	46	48	50	54	56	59	63	64	65	66	74	78	79	81	82	83	86	87	89	90	92	98	99	100	103	104	105	108	113	114	116	119	121	122	124	126	127	130	133	135	146	147
917	777	214	-7	3867	4431	181	916	-1
918	350	969	20	224	1393	202	-1	919	-1
919	377	958	-20	2900	3427	230	918	-1
920	666	126	9	1249	2346	222	-1	921	66	5	6	10	12	14	16	17	18	19	22	24	25	27	28	29	30	31	34	35	38	42	43	44	45	46	47	54	56	57	58	60	61	62	64	68	71	78	81	83	85	87	91	92	93	96	97	98	99	104	107	115	116	118	119	121	123	125	127	128	129	130	133	134	136	137	142
921	794	172	-9	3377	4778	111	920	-1
922	119	109	5	777	1909	141	-1	923	-1
923	362	67	-5	989	1956	109	922	-1
924	356	80	11	1173	1742	105	-1	925	86	0	1	2	3	4	5	6	10	11	15	17	18	19	21	22	23	24	25	26	29	32	37	38	39	40	42	43	46	47	50	51	52	53	54	55	56	57	58	59	61	62	64	65	67	71	72	75	77	82	84	85	86	87	88	91	97	99	100	101	104	105	110	112	113	115	116	117	119	121	122	123	124	126	127	128	129	131	132	133	136	138	141	143	144	145	147
925	355	330	-11	1984	2855	181	924	-1
926	332	982	17	564	1409	229	-1	927	51	1	4	8	9	16	20	23	25	27	28	29	31	33	36	40	44	51	53	56	57	59	60	66	67	71	73	75	82	83	86	87	95	96	99	101	102	107	109	111	113	117	118	120	126	128	132	135	139	141	144	147
927	207	738	-17	2533	3137	210	926	-1
928	407	352	10	2203	3265	112	-1	929	77	1	2	4	6	7	9	10	12	15	16	17	18	20	24	28	29	31	32	35	36	37	43	45	46	51	54	55	56	58	61	63	64	66	67	68	69	71	73	74	78	79	80	82	83	84	86	87	88	90	92	95	97	100	102	104	105	107	110	111	112	113	114	115	116	117	118	122	123	124	126	128	129	130	133	143	146	147
929	429	73	-10	2669	3251	163	928	-1
930	912	244	20	2099	2767	167	-1	931	-1
931	751	153	-20	3007	3890	249	930	-1
932	750	153	8	1864	2543	206	-1	933	-1
933	703	153	-8	3143	4035	231	932	-1
934	359	88	6	847	1392	230	-1	935	-1
935	348	318	-6	3151	4014	113	934	-1
936	271	482	7	211	1232	240	-1	937	88	1	2	3	7	10	11	13	14	15	17	20	21	22	23	24	25	26	30	31	32	35	36	38	40	42	44	45	46	47	48	50	51	53	56	57	58	61	62	63	64	66	74	83	84	85	86	88	89	90	91	92	93	94	95	96	98	102	103	104	105	106	108	109	112	113	114	115	116	117	118	120	122	123	124	126	127	128	129	132	135	137	138	140	143	145	147	148	149
937	185	708	-7	249	1597	206	936	-1
938	328	111	17	1043	2386	239	-1	939	58	3	4	5	6	7	8	9	10	11	13	15	21	23	24	30	31	34	35	37	38	40	41	48	51	52	55	60	61	63	64	65	68	69	73	75	77	78	79	80	84	85	95	97	99	100	104	107	109	119	121	130	137	139	141	143	144	147	148
939	162	134	-17	769	2175	193	938	-1
940	751	153	9	106	1512	114	-1	941	50	0	1	4	12	13	15	18	21	25	28	32	33	39	40	43	44	50	55	56	59	60	63	66	71	82	84	85	86	87	88	94	95	102	104	106	110	111	113	116	123	128	130	131	137	139	141	143	144	148	149
941	791	167	-9	2244	3634	102	940	-1
942	731	244	11	1469	2605	167	-1	943	-1
943	926	235	-11	2264	3290	107	942	-1
944	387	297	10	921	1979	225	-1	945	51	2	8	9	11	12	13	14	18	20	22	25	28	33	34	36	38	41	42	48	50	51	53	59	60	62	63	70	75	76	77	79	80	92	99	100	102	104	107	112	118	122	127	135	136	138	141	142	144	145	148	149
945	380	568	-10	4273	4901	232	944	-1
946	927	240	10	2152	2971	168	-1	947	-1
947	921	215	-10	4280	4974	191	946	-1
948	292	585	8	1211	1876	104	-1	949	67	0	2	4	6	12	13	14	16	17	19	22	23	24	26	27	29	30	31	32	34	35	37	38	40	41	44	47	48	49	50	51	52	58	60	63	72	76	77	79	82	83	84	86	87	88	90	91	95	98	101	108	110	112	113	117	120	121	123	127	128	134	136	137	139	144	146	147
949	380	359	-8	2409	3616	247	948	-1
950	329	453	12	2627	3920	125	-1	951	64	3	5	6	11	13	18	19	20	24	25	27	29	30	32	35	38	42	49	52	56	58	59	61	62	63	65	66	69	71	74	75	80	81	83	84	88	92	97	98	100	102	105	109	110	111	112	115	118	119	120	123	129	130	131	133	134	135	136	138	140	142	145	147	148
951	311	443	-12	2901	3640	230	950	-1
952	927	240	10	1349	2748	155	-1	953	56	0	3	8	11	13	14	15	17	19	20	25	26	28	29	30	33	34	36	45	46	48	49	52	58	61	62	63	64	67	69	70	71	72	73	81	82	83	85	89	92	96	104	105	108	114	115	119	120	123	127	129	140	142	143	145	147
953	664	159	-10	2581	3200	206	952	-1
954	417	373	18	583	1795	143	-1	955	-1
955	273	578	-18	1803	3218	114	954	-1
956	261	529	9	3020	4353	181	-1	957	84	0	3	4	6	10	11	12	13	16	17	18	19	21	22	23	24	25	28	29	30	31	33	36	39	42	43	44	46	48	51	53	54	59	62	63	64	69	71	73	75	76	77	78	79	80	83	85	88	91	92	93	94	95	96	97	98	101	102	105	106	107	108	109	110	111	113	114	115	117	119	127	129	130	133	136	137	138	139	141	143	144	145	146	147
957	275	579	-9	3796	4696	192	956	-1
958	326	455	6	757	1895	179	-1	959	-1
959	221	703	-6	2294	3682	204	958	-1
960	751	148	5	2184	3653	121	-1	961	61	2	5	7	10	12	13	21	22	25	27	29	34	36	37	38	40	41	42	45	54	57	58	60	61	63	64	65	67	69	72	73	74	75	77	80	82	87	90	94	99	104	108	109	111	112	113	115	117	119	120	122	124	126	128	129	130	131	139	144	147	149
961	941	183	-5	1865	2878	136	960	-1
962	285	558	17	1039	1760	138	-1	963	-1
963	279	502	-17	3656	4181	210	962	-1
964	107	122	9	673	1932	211	-1	965	60	1	2	5	7	12	14	15	16	17	19	22	26	36	37	39	42	50	53	55	57	59	60	62	64	66	67	68	72	74	75	76	79	80	82	83	85	89	94	96	99	100	102	105	106	108	113	115	116	117	120	121	124	125	126	127	132	133	139	140	146
965	136	65	-9	1892	3205	218	964	-1
966	751	152	19	2306	2955	188	-1	967	81	2	3	6	7	10	12	15	16	19	20	22	23	24	25	26	27	28	30	31	32	33	35	36	39	42	44	45	48	49	50	52	56	59	62	64	66	67	69	70	71	73	74	77	80	83	85	91	92	93	94	97	100	101	103	104	105	106	107	115	116	117	119	120	122	123	125	126	127	128	131	132	133	135	136	137	139	141	142	143	145	148
967	752	154	-19	2425	3309	184	966	-1
968	271	582	11	1960	3243	159	-1	969	79	1	2	3	5	10	11	13	14	15	18	19	22	24	26	27	29	32	33	34	36	42	43	44	45	48	49	52	56	61	63	65	66	67	68	70	74	76	77	78	80	82	83	87	89	90	91	94	95	96	97	99	101	104	111	112	113	114	116	118	121	122	123	124	125	126	128	130	131	133	135	137	138	139	140	142	145	146	147	148
969	316	441	-11	1660	2485	168	968	-1
970	348	325	12	512	1447	123	-1	971	63	2	3	9	10	15	18	21	22	24	25	29	32	33	34	38	39	41	42	44	46	48	50	52	53	54	56	58	62	63	65	66	69	70	71	72	76	77	79	83	84	87	91	93	95	98	99	103	109	111	112	113	115	118	119	121	122	123	130	132	134	135	140	147
971	319	103	-12	821	1722	238	970	-1
972	375	355	19	1897	2793	206	-1	973	-1
973	328	455	-19	3437	4490	240	972	-1
974	293	565	20	556	1813	114	-1	975	58	6	7	13	16	19	20	22	23	25	31	35	37	42	45	47	50	52	53	56	57	58	60	61	62	64	65	67	68	72	73	75	77	78	81	82	83	84	87	88	91	92	94	95	97	103	108	114	115	117	120	122	123	124	131	132	136	142	143
975	324	455	-20	11	1120	234	974	-1
976	344	926	9	2786	3772	111	-1	977	68	5	14	15	18	19	20	22	23	24	27	28	29	32	39	40	41	47	49	51	54	58	59	62	68	70	72	74	75	81	83	84	85	86	87	89	90	91	93	94	98	100	101	102	103	104	112	114	115	116	117	118	122	128	129	131	132	134	135	136	137	138	141	142	144	145	147	148	149
977	357	981	-9	3633	4830	196	976	-1
978	759	127	6	275	1736	117	-1	979	-1
979	944	320	-6	2111	2645	238	978	-1
980	745	146	9	1560	2596	241	-1	981	-1
981	926	244	-9	3501	4605	176	980	-1
982	311	558	11	1505	2835	145	-1	983	-1
983	353	324	-11	3313	3983	143	982	-1
984	372	356	6	1797	2644	196	-1	985	-1
985	367	299	-6	3362	4185	155	984	-1
986	271	576	18	901	2279	218	-1	987	66	2	3	9	12	15	16	18	21	23	24	25	27	29	34	35	38	39	40	41	43	45	49	51	52	56	57	65	66	67	68	79	81	82	84	89	92	93	94	97	100	102	103	109	111	112	113	116	119	120	121	122	123	124	125	127	128	129	130	131	132	133	137	145	146	147	148
987	161	614	-18	1717	2830	175	986	-1
988	755	134	10	1040	1688	184	-1	989	76	0	2	3	4	5	10	11	12	13	16	20	21	22	23	24	27	29	31	39	42	48	53	54	60	62	65	66	67	68	72	73	74	76	77	78	79	80	81	82	83	86	88	90	91	92	93	95	96	97	98	100	103	104	105	106	109	114	115	122	125	127	128	130	131	134	135	136	137	139	140	142	144	145	146	148	149
989	751	152	-10	2120	3462	105	988	-1
990	128	32	18	1458	2657	117	-1	991	58	0	1	4	5	6	8	12	13	18	19	21	24	25	38	43	46	50	52	53	55	56	58	59	64	65	66	76	78	79	80	82	83	85	86	91	94	97	98	99	102	105	106	108	109	110	113	115	118	119	120	124	125	129	135	136	137	138	148
991	362	85	-18	2069	2977	220	990	-1
992	324	454	9	84	1313	155	-1	993	68	1	3	5	6	10	11	12	18	23	25	28	31	36	37	39	41	42	45	46	48	50	53	54	55	56	58	60	61	62	63	67	69	70	73	75	76	77	80	82	83	85	86	89	96	98	99	100	104	109	110	114	115	117	118	122	123	126	130	133	135	139	140	143	144	145	147	148	149
993	269	563	-9	694	1253	210	992	-1
994	227	719	11	820	1972	171	-1	995	-1
995	306	466	-11	2423	3836	113	994	-1
996	227	716	8	387	1255	226	-1	997	83	0	2	4	7	9	11	12	13	14	17	18	20	22	24	25	27	29	30	31	32	38	39	40	42	43	44	45	50	51	56	57	59	60	63	65	66	70	71	72	74	75	76	78	79	80	81	82	85	86	88	89	90	93	94	95	96	98	104	108	110	112	113	114	115	119	120	121	126	127	129	130	133	134	136	137	138	140	141	143	144	145	147	148
997	298	561	-8	167	1422	138	996	-1
998	751	152	10	3134	4449	112	-1	999	85	0	1	3	4	6	10	18	19	20	22	23	24	25	26	29	30	31	32	33	34	35	36	38	41	44	45	46	47	48	55	56	57	58	59	60	61	64	67	68	70	72	73	79	83	85	86	87	88	90	91	92	93	94	96	97	98	99	100	105	106	107	109	112	115	116	118	119	120	122	123	127	128	129	130	132	134	135	136	137	138	141	143	144	145	146
999	929	243	-10	3823	4414	224	998	-1
0	246	212	246	212	50	0	5000
1	358	760	358	760	50	0	5000
2	998	764	998	764	50	0	5000
3	965	190	965	190	50	0	5000
4	166	661	166	661	50	0	5000
5	246	212	246	212	50	0	5000
6	358	760	358	760	50	0	5000
7	998	764	998	764	50	0	5000
8	965	190	965	190	50	0	5000
9	166	661	166	661	50	0	5000
10	246	212	246	212	50	0	5000
11	358	760	358	760	50	0	5000
12	998	764	998	764	50	0	5000
13	965	190	965	190	50	0	5000
14	166	661	166	661	50	0	5000
15	246	212	246	212	50	0	5000
16	358	760	358	760	50	0	5000
17	998	764	998	764	50	0	5000
18	965	190	965	190	50	0	5000
19	166	661	166	661	50	0	5000
20	246	212	246	212	50	0	5000
21	358	760	358	760	50	0	5000
22	998	764	998	764	50	0	5000
23	965	190	965	190	50	0	5000
24	166	661	166	661	50	0	5000
25	246	212	246	212	50	0	5000
26	358	760	358	760	50	0	5000
27	998	764	998	764	50	0	5000
28	965	190	965	190	50	0	5000
29	166	661	166	661	50	0	5000
30	246	212	246	212	50	0	5000
31	358	760	358	760	50	0	5000
32	998	764	998	764	50	0	5000
33	965	190	965	190	50	0	5000
34	166	661	166	661	50	0	5000
35	246	212	246	212	50	0	5000
36	358	760	358	760	50	0	5000
37	998	764	998	764	50	0	5000
38	965	190	965	190	50	0	5000
39	166	661	166	661	50	0	5000
40	246	212	246	212	50	0	5000
41	358	760	358	760	50	0	5000
42	998	764	998	764	50	0	5000
43	965	190	965	190	50	0	5000
44	166	661	166	661	50	0	5000
45	246	212	246	212	50	0	5000
46	358	760	358	760	50	0	5000
47	998	764	998	764	50	0	5000
48	965	190	965	190	50	0	5000
49	166	661	166	661	50	0	5000
50	246	212	246	212	50	0	5000
51	358	760	358	760	50	0	5000
52	998	764	998	764	50	0	5000
53	965	190	965	190	50	0	5000
54	166	661	166	661	50	0	5000
55	246	212	246	212	50	0	5000
56	358	760	358	760	50	0	5000
57	998	764	998	764	50	0	5000
58	965	190	965	190	50	0	5000
59	166	661	166	661	50	0	5000
60	246	212	246	212	50	0	5000
61	358	760	358	760	50	0	5000
62	998	764	998	764	50	0	5000
63	965	190	965	190	50	0	5000
64	166	661	166	661	50	0	5000
65	246	212	246	212	50	0	5000
66	358	760	358	760	50	0	5000
67	998	764	998	764	50	0	5000
68	965	190	965	190	50	0	5000
69	166	661	166	661	50	0	5000
70	246	212	246	212	50	0	5000
71	358	760	358	760	50	0	5000
72	998	764	998	764	50	0	5000
73	965	190	965	190	50	0	5000
74	166	661	166	661	50	0	5000
75	246	212	246	212	50	0	5000
76	358	760	358	760	50	0	5000
77	998	764	998	764	50	0	5000
78	965	190	965	190	50	0	5000
79	166	661	166	661	50	0	5000
80	246	212	246	212	50	0	5000
81	358	760	358	760	50	0	5000
82	998	764	998	764	50	0	5000
83	965	190	965	190	50	0	5000
84	166	661	166	661	50	0	5000
85	246	212	246	212	50	0	5000
86	358	760	358	760	50	0	5000
87	998	764	998	764	50	0	5000
88	965	190	965	190	50	0	5000
89	166	661	166	661	50	0	5000
90	246	212	246	212	50	0	5000
91	358	760	358	760	50	0	5000
92	998	764	998	764	50	0	5000
93	965	190	965	190	50	0	5000
94	166	661	166	661	50	0	5000
95	246	212	246	212	50	0	5000
96	358	760	358	760	50	0	5000
97	998	764	998	764	50	0	5000
98	965	190	965	190	50	0	5000
99	166	661	166	661	50	0	5000
100	246	212	246	212	50	0	5000
101	358	760	358	760	50	0	5000
102	998	764	998	764	50	0	5000
103	965	190	965	190	50	0	5000
104	166	661	166	661	50	0	5000
105	246	212	246	212	50	0	5000
106	358	760	358	760	50	0	5000
107	998	764	998	764	50	0	5000
108	965	190	965	190	50	0	5000
109	166	661	166	661	50	0	5000
110	246	212	246	212	50	0	5000
111	358	760	358	760	50	0	5000
112	998	764	998	764	50	0	5000
113	965	190	965	190	50	0	5000
114	166	661	166	661	50	0	5000
115	246	212	246	212	50	0	5000
116	358	760	358	760	50	0	5000
117	998	764	998	764	50	0	5000
118	965	190	965	190	50	0	5000
119	166	661	166	661	50	0	5000
120	246	212	246	212	50	0	5000
121	358	760	358	760	50	0	5000
122	998	764	998	764	50	0	5000
123	965	190	965	190	50	0	5000
124	166	661	166	661	50	0	5000
125	246	212	246	212	50	0	5000
126	358	760	358	760	50	0	5000
127	998	764	998	764	50	0	5000
128	965	190	965	190	50	0	5000
129	166	661	166	661	50	0	5000
130	246	212	246	212	50	0	5000
131	358	760	358	760	50	0	5000
132	998	764	998	764	50	0	5000
133	965	190	965	190	50	0	5000
134	166	661	166	661	50	0	5000
135	246	212	246	212	50	0	5000
136	358	760	358	760	50	0	5000
137	998	764	998	764	50	0	5000
138	965	190	965	190	50	0	5000
139	166	661	166	661	50	0	5000
140	246	212	246	212	50	0	5000
141	358	760	358	760	50	0	5000
142	998	764	998	764	50	0	5000
143	965	190	965	190	50	0	5000
144	166	661	166	661	50	0	5000
145	246	212	246	212	50	0	5000
146	358	760	358	760	50	0	5000
147	998	764	998	764	50	0	5000
148	965	190	965	190	50	0	5000
149	166	661	166	661	50	0	5000
