50	15	1	1	100000
0	545	174	16	587	1935	114	-1	1	-1
1	608	341	-16	2421	3667	249	0	-1
2	233	223	12	3644	4981	192	-1	3	6	2	5	7	8	11	13
3	493	123	-12	3714	4376	115	2	-1
4	311	45	14	1595	2675	223	-1	5	8	1	4	5	8	9	11	12	13
5	54	92	-14	2911	3567	147	4	-1
6	156	324	13	1253	1917	237	-1	7	6	2	4	6	8	10	12
7	245	70	-13	3277	4734	194	6	-1
8	370	572	6	1832	3017	242	-1	9	-1
9	611	538	-6	2490	3438	132	8	-1
10	600	802	18	2161	3171	162	-1	11	-1
11	637	920	-18	2358	3804	151	10	-1
12	585	837	19	2680	3666	156	-1	13	-1
13	601	802	-19	2731	3868	175	12	-1
14	220	700	17	1696	3115	163	-1	15	-1
15	436	717	-17	1343	2674	127	14	-1
16	648	350	16	1028	2186	143	-1	17	-1
17	844	307	-16	1553	2987	224	16	-1
18	705	78	5	2889	3393	125	-1	19	7	0	1	7	8	9	10	11
19	858	177	-5	2968	3555	122	18	-1
20	35	40	18	1367	2807	221	-1	21	-1
21	68	86	-18	2403	3718	167	20	-1
22	437	47	11	2135	3610	161	-1	23	-1
23	675	87	-11	2071	2819	139	22	-1
24	771	103	11	184	792	177	-1	25	5	0	1	2	5	11
25	588	248	-11	3965	4787	184	24	-1
26	872	964	16	1096	2335	202	-1	27	7	1	2	5	6	10	11	13
27	947	776	-16	2708	3400	122	26	-1
28	124	646	6	1258	2223	248	-1	29	-1
29	99	848	-6	1227	2420	151	28	-1
30	60	167	9	1531	2886	147	-1	31	-1
31	91	231	-9	1311	2448	129	30	-1
32	180	353	7	2416	3124	101	-1	33	-1
33	130	333	-7	2694	3647	216	32	-1
34	65	154	12	636	1382	127	-1	35	-1
35	187	359	-12	3091	3760	121	34	-1
36	53	93	15	2763	3745	217	-1	37	-1
37	157	323	-15	2757	3672	194	36	-1
38	626	749	18	994	2059	119	-1	39	-1
39	544	837	-18	3404	4637	229	38	-1
40	273	762	16	1707	2860	171	-1	41	-1
41	152	922	-16	4120	4956	117	40	-1
42	991	405	11	1583	2578	117	-1	43	-1
43	853	604	-11	2704	4001	185	42	-1
44	68	166	14	2207	3034	242	-1	45	5	1	10	11	12	13
45	155	323	-14	2039	3019	199	44	-1
46	329	16	16	2110	2849	237	-1	47	-1
47	322	289	-16	2285	3466	248	46	-1
48	394	417	7	765	1771	190	-1	49	8	1	2	3	5	6	8	10	12
49	486	240	-7	3116	3672	188	48	-1
50	596	819	17	1804	2999	120	-1	51	6	3	4	5	10	11	12
51	499	743	-17	1856	3303	139	50	-1
52	974	417	10	2663	4010	193	-1	53	-1
53	991	421	-10	3248	4502	158	52	-1
54	148	333	15	2240	3152	205	-1	55	-1
55	163	324	-15	3724	4243	192	54	-1
56	212	462	8	701	1320	139	-1	57	-1
57	92	295	-8	909	1696	216	56	-1
58	46	303	8	655	2060	242	-1	59	4	0	6	10	11
59	183	289	-8	3762	4701	112	58	-1
60	800	905	14	1487	2293	110	-1	61	-1
61	838	772	-14	1145	2377	170	60	-1
62	813	199	19	2998	3800	222	-1	63	8	1	3	4	5	6	11	13	14
63	999	393	-19	3464	4619	101	62	-1
64	944	499	19	1101	2108	239	-1	65	-1
65	717	417	-19	3641	4562	139	64	-1
66	205	583	10	3618	4552	121	-1	67	-1
67	104	847	-10	2994	4257	108	66	-1
68	269	140	11	2264	3389	192	-1	69	-1
69	174	290	-11	3705	4727	182	68	-1
70	650	359	14	195	1541	141	-1	71	-1
71	700	558	-14	684	1498	142	70	-1
72	69	171	18	1331	2380	179	-1	73	5	2	6	7	9	10
73	154	323	-18	3459	4619	143	72	-1
74	579	785	8	478	1073	162	-1	75	7	3	4	6	7	9	10	12
75	494	570	-8	3243	4379	141	74	-1
76	972	415	9	2528	3030	211	-1	77	-1
77	993	414	-9	3391	4660	168	76	-1
78	990	733	13	310	1177	146	-1	79	-1
79	986	515	-13	1498	2939	173	78	-1
80	520	681	16	1856	3258	118	-1	81	-1
81	586	737	-16	892	2249	180	80	-1
82	558	837	20	2578	3332	226	-1	83	-1
83	643	606	-20	2481	3391	131	82	-1
84	728	927	6	1032	2202	160	-1	85	5	4	5	8	9	10
85	597	816	-6	2337	3684	168	84	-1
86	67	162	8	1419	2805	112	-1	87	-1
87	188	329	-8	3337	3961	174	86	-1
88	123	814	13	1727	2380	166	-1	89	-1
89	61	823	-13	4015	4934	137	88	-1
90	608	550	13	1691	3163	149	-1	91	4	1	4	5	7
91	357	530	-13	3209	3960	202	90	-1
92	565	497	19	2350	2887	185	-1	93	-1
93	569	766	-19	2142	3382	118	92	-1
94	545	33	9	415	1522	124	-1	95	-1
95	733	19	-9	3554	4756	178	94	-1
96	886	343	7	563	1084	148	-1	97	-1
97	882	150	-7	1329	2765	160	96	-1
98	546	219	10	418	1804	150	-1	99	5	3	5	6	10	13
99	661	367	-10	912	2156	107	98	-1
0	807	386	740	69	50	0	5000
1	268	472	263	691	50	0	5000
2	933	234	924	35	50	0	5000
3	40	653	7	566	50	0	5000
4	156	796	43	414	50	0	5000
5	421	483	476	105	50	0	5000
6	959	452	754	97	50	0	5000
7	465	918	741	815	50	0	5000
8	355	594	743	436	50	0	5000
9	902	943	670	898	50	0	5000
10	54	151	258	509	50	0	5000
11	503	900	116	741	50	0	5000
12	914	414	822	184	50	0	5000
13	944	163	550	320	50	0	5000
14	114	565	174	459	50	0	5000
