250	75	1	1	100000
0	695	450	16	551	1311	234	-1	1	-1
1	697	443	-16	3679	4781	159	0	-1
2	148	125	8	865	1423	139	-1	3	-1
3	13	118	-8	2253	3686	115	2	-1
4	985	769	9	3365	4370	163	-1	5	32	1	4	6	7	11	17	19	21	22	24	26	27	28	32	35	36	37	39	44	46	48	50	51	53	54	56	57	62	65	67	70	74
5	930	721	-9	3511	4055	108	4	-1
6	339	670	13	3191	3697	136	-1	7	-1
7	282	608	-13	2795	3741	130	6	-1
8	19	104	11	4	902	130	-1	9	-1
9	189	112	-11	1356	2208	173	8	-1
10	271	553	9	3813	4881	116	-1	11	-1
11	308	550	-9	3519	4314	106	10	-1
12	256	587	11	1304	1925	231	-1	13	23	0	2	3	7	14	17	21	24	25	30	31	34	40	47	51	61	63	65	67	68	71	72	74
13	329	670	-11	2708	4159	142	12	-1
14	309	551	17	2386	3124	177	-1	15	-1
15	310	547	-17	1528	2999	229	14	-1
16	13	118	9	2854	3882	246	-1	17	-1
17	35	120	-9	2826	4301	167	16	-1
18	251	581	5	890	1535	124	-1	19	40	1	2	5	8	12	13	14	15	16	18	21	23	25	27	28	30	32	33	34	36	37	39	41	42	48	50	52	53	55	56	58	59	60	62	65	66	68	70	71	74
19	257	586	-5	2143	2735	182	18	-1
20	697	444	8	3169	4044	248	-1	21	41	0	3	5	7	8	9	11	14	15	18	19	21	22	25	26	27	28	30	31	33	34	36	38	39	41	44	45	47	48	50	52	53	55	56	58	59	61	65	69	71	72
21	693	443	-8	4044	4828	191	20	-1
22	25	180	13	2636	3267	214	-1	23	37	1	9	13	16	17	18	20	22	23	24	26	30	31	33	34	36	40	41	42	45	48	49	52	54	55	57	58	60	61	62	64	65	66	68	70	73	74
23	175	116	-13	4308	4980	129	22	-1
24	274	540	16	1590	2823	176	-1	25	42	1	2	6	7	8	9	12	13	15	16	17	18	19	20	23	25	26	27	28	29	31	32	33	34	37	38	40	42	45	46	48	50	55	57	59	60	63	64	67	68	70	71
25	344	649	-16	1592	2941	217	24	-1
26	939	708	8	1738	3167	134	-1	27	41	0	2	3	5	7	8	9	10	12	13	14	15	17	18	19	20	21	23	25	26	27	28	29	34	35	39	42	43	46	47	49	51	52	55	57	58	63	68	71	72	74
27	985	776	-8	2365	3655	237	26	-1
28	179	122	15	183	911	218	-1	29	39	1	2	3	4	5	7	8	11	13	16	17	21	24	26	27	28	29	33	36	37	39	40	43	44	46	48	50	53	59	60	61	63	66	67	69	70	71	72	73
29	16	121	-15	4215	4843	165	28	-1
30	18	119	20	1398	2837	177	-1	31	-1
31	169	108	-20	1415	2578	174	30	-1
32	296	443	19	1291	2692	139	-1	33	-1
33	236	528	-19	1130	1799	196	32	-1
34	351	564	16	119	1371	191	-1	35	-1
35	265	587	-16	3297	4357	153	34	-1
36	324	670	18	10	770	156	-1	37	-1
37	334	666	-18	3357	4470	106	36	-1
38	184	127	7	1208	2477	202	-1	39	-1
39	172	40	-7	2736	3974	138	38	-1
40	308	549	18	156	1042	155	-1	41	-1
41	312	549	-18	680	1649	105	40	-1
42	974	703	13	1307	1862	208	-1	43	28	1	2	4	5	6	10	15	16	17	18	21	25	26	27	28	31	32	34	37	40	41	47	51	54	58	61	64	72
43	968	714	-13	3672	4615	184	42	-1
44	13	118	17	1849	3186	154	-1	45	38	1	4	6	7	9	14	15	17	19	29	30	31	32	34	35	36	37	41	42	47	48	50	51	52	53	54	55	57	59	62	65	67	68	69	70	71	72	74
45	13	119	-17	1500	2883	166	44	-1
46	178	122	19	2221	2953	196	-1	47	-1
47	91	119	-19	2085	3338	129	46	-1
48	24	97	13	1675	2390	156	-1	49	-1
49	180	116	-13	1854	3149	158	48	-1
50	258	505	13	3392	4263	145	-1	51	44	1	4	5	9	10	12	13	14	16	17	18	19	20	21	22	24	25	27	28	29	32	33	34	35	36	37	39	40	41	45	47	48	50	51	52	55	57	60	63	64	69	72	73	74
51	327	662	-13	3402	4033	149	50	-1
52	10	467	17	2074	2943	204	-1	53	25	0	7	9	16	17	20	21	22	23	25	29	34	37	42	43	45	49	51	52	54	61	63	66	67	70
53	3	475	-17	3047	4184	135	52	-1
54	253	563	19	2250	3741	165	-1	55	-1
55	297	540	-19	2125	2778	143	54	-1
56	278	576	5	3903	4727	164	-1	57	28	1	3	8	10	14	15	18	19	24	25	27	28	32	37	38	40	48	53	55	61	62	64	65	68	69	70	71	73
57	312	545	-5	3334	4515	218	56	-1
58	937	704	20	1276	2042	219	-1	59	-1
59	945	707	-20	1989	3194	174	58	-1
60	195	126	20	2234	3693	144	-1	61	-1
61	188	108	-20	2403	3571	143	60	-1
62	13	459	14	488	1965	184	-1	63	30	2	5	6	8	11	12	14	18	20	22	25	26	28	29	35	36	37	45	46	47	57	58	60	61	62	64	65	69	70	71
63	251	580	-14	2762	3769	210	62	-1
64	268	591	13	1082	2408	174	-1	65	27	0	1	3	6	9	12	14	16	18	19	23	28	29	33	34	38	41	42	48	50	54	65	67	68	69	72	74
65	80	447	-13	2340	3410	183	64	-1
66	283	590	13	2158	2845	212	-1	67	-1
67	257	581	-13	2027	2768	151	66	-1
68	197	127	15	827	2301	242	-1	69	27	1	6	11	12	15	19	21	22	24	25	28	41	42	44	46	50	55	56	57	58	60	61	63	66	68	69	71
69	179	122	-15	1749	2990	140	68	-1
70	851	657	6	155	934	212	-1	71	-1
71	900	740	-6	1458	2896	162	70	-1
72	331	668	18	1397	2372	172	-1	73	-1
73	321	549	-18	1945	2893	211	72	-1
74	180	121	15	2706	3390	101	-1	75	33	1	2	3	5	6	16	17	18	20	29	32	33	38	40	42	43	47	48	49	51	52	53	54	56	57	58	61	63	65	68	69	72	74
75	26	109	-15	2173	3245	232	74	-1
76	20	122	11	3891	4635	166	-1	77	43	2	4	5	6	7	8	9	11	16	19	21	23	24	25	26	27	28	29	30	32	33	35	36	38	41	43	46	49	50	54	55	56	58	59	60	61	62	69	70	71	72	73	74
77	169	114	-11	3230	4544	135	76	-1
78	261	597	16	1364	2803	177	-1	79	43	1	3	5	8	10	11	13	14	17	18	19	20	21	22	23	24	25	26	27	29	30	31	32	33	36	37	39	41	43	44	45	50	51	56	58	60	64	68	69	71	72	73	74
79	240	758	-16	913	2099	241	78	-1
80	300	552	14	528	1646	174	-1	81	-1
81	318	562	-14	2590	3487	238	80	-1
82	310	547	13	2041	2828	177	-1	83	-1
83	85	498	-13	2274	3673	211	82	-1
84	703	423	7	598	2059	121	-1	85	35	2	5	6	7	10	11	12	16	17	18	23	24	26	27	29	31	33	35	37	38	48	50	51	52	54	55	62	63	64	68	69	71	72	73	74
85	724	467	-7	3276	4665	125	84	-1
86	311	547	6	1168	1813	183	-1	87	-1
87	305	661	-6	2722	3319	219	86	-1
88	958	721	18	1262	2460	189	-1	89	-1
89	930	729	-18	3389	4124	215	88	-1
90	13	119	11	407	915	179	-1	91	-1
91	15	203	-11	511	1985	215	90	-1
92	62	996	12	1710	2540	138	-1	93	30	2	3	5	9	14	16	18	21	23	24	25	30	31	32	33	36	38	42	45	48	50	53	54	55	59	60	61	67	69	74
93	4	1000	-12	1589	2552	205	92	-1
94	160	101	6	2281	3474	185	-1	95	42	1	3	4	5	6	8	10	11	12	13	14	15	16	19	21	24	27	28	30	33	34	35	36	37	38	39	44	46	47	48	49	53	56	59	60	63	65	66	68	70	71	72
95	175	114	-6	2554	3313	220	94	-1
96	274	724	14	593	2079	109	-1	97	-1
97	224	557	-14	1084	2019	105	96	-1
98	171	108	14	1913	3233	229	-1	99	23	6	8	16	18	21	29	34	36	39	40	41	42	43	44	49	58	59	61	64	65	68	70	73
99	12	119	-14	2376	3531	154	98	-1
100	981	711	18	555	1462	158	-1	101	-1
101	944	707	-18	1886	2846	231	100	-1
102	180	122	20	2301	3396	244	-1	103	35	1	2	4	6	8	9	11	18	19	20	22	23	24	26	30	31	32	38	39	40	41	42	44	45	46	48	50	51	52	54	56	58	66	72	73
103	180	127	-20	1711	2922	106	102	-1
104	702	408	19	210	1070	224	-1	105	25	0	6	8	11	16	18	29	33	34	40	41	44	45	48	49	50	54	56	57	59	61	62	65	72	73
105	696	425	-19	2704	3578	117	104	-1
106	264	602	10	1846	3324	116	-1	107	-1
107	330	678	-10	1587	2992	230	106	-1
108	696	445	6	1375	2605	216	-1	109	42	0	1	2	6	7	8	10	11	17	20	22	24	25	27	28	30	31	32	36	37	39	41	42	44	45	48	49	51	52	53	54	57	60	61	62	65	66	67	69	70	71	73
109	696	445	-6	4363	4999	144	108	-1
110	7	466	12	386	1751	151	-1	111	38	0	2	6	7	10	12	14	16	17	18	19	20	22	23	25	26	31	32	34	35	40	42	43	45	47	48	50	52	53	55	56	58	61	62	65	67	70	72
111	214	645	-12	2928	4427	105	110	-1
112	0	1000	19	2265	3713	100	-1	113	33	1	9	11	12	16	18	21	22	25	27	29	32	34	36	38	40	41	43	47	48	50	51	54	55	60	61	62	63	65	66	69	71	73
113	1	1000	-19	3958	4632	229	112	-1
114	931	650	8	1745	2476	223	-1	115	-1
115	984	770	-8	4202	4719	146	114	-1
116	945	706	19	507	1601	244	-1	117	38	1	2	3	4	6	9	10	13	14	15	19	22	26	29	32	34	35	36	38	39	40	41	42	44	45	46	51	53	55	56	58	60	65	66	67	68	70	71
117	946	708	-19	2746	3868	236	116	-1
118	332	672	12	886	2057	137	-1	119	-1
119	307	548	-12	249	1328	175	118	-1
120	178	123	9	1573	2702	131	-1	121	26	3	5	7	9	11	13	18	22	24	27	29	32	33	34	39	43	44	47	51	52	54	56	58	63	72	73
121	178	123	-9	2013	2810	183	120	-1
122	77	458	18	3200	3800	166	-1	123	34	2	3	7	11	12	13	14	15	17	21	22	23	25	26	29	31	32	36	37	43	45	47	51	55	56	57	58	60	64	65	68	70	72	74
123	310	535	-18	3177	4063	102	122	-1
124	0	112	13	2182	3511	204	-1	125	-1
125	167	104	-13	3931	4694	236	124	-1
126	947	713	9	1052	2356	217	-1	127	26	6	7	9	10	11	13	17	20	28	32	35	36	41	45	46	49	54	56	57	58	59	62	63	65	69	70
127	985	772	-9	2804	3894	112	126	-1
128	360	761	19	1929	3212	195	-1	129	-1
129	329	670	-19	4084	4923	176	128	-1
130	265	580	6	154	1499	190	-1	131	-1
131	327	586	-6	676	2168	133	130	-1
132	310	547	10	1166	1780	156	-1	133	-1
133	262	602	-10	2995	4290	197	132	-1
134	326	673	19	668	1218	194	-1	135	-1
135	312	548	-19	418	1264	154	134	-1
136	4	475	13	1935	2638	244	-1	137	39	1	5	6	7	8	9	10	11	18	20	21	22	23	26	28	31	32	36	39	40	42	44	45	47	50	52	53	55	58	61	62	63	66	67	68	70	72	73	74
137	20	409	-13	3105	3887	195	136	-1
138	326	692	13	2395	3423	193	-1	139	42	1	2	3	4	5	11	12	15	17	18	19	24	25	28	29	31	32	35	38	40	43	45	47	48	49	50	52	53	55	57	58	59	60	61	62	64	65	66	67	71	72	74
139	259	586	-13	2711	3710	126	138	-1
140	696	445	13	1113	2573	186	-1	141	-1
141	671	403	-13	3197	3763	167	140	-1
142	17	493	10	2129	3144	107	-1	143	41	2	3	4	7	8	9	11	13	15	17	18	20	24	27	28	29	30	31	32	34	38	40	42	45	46	47	49	50	51	53	54	56	58	62	63	64	65	67	68	69	71
143	11	474	-10	2544	3487	100	142	-1
144	325	550	9	3043	4242	142	-1	145	-1
145	313	675	-9	2826	4077	203	144	-1
146	310	547	17	1359	2377	145	-1	147	44	2	5	6	7	10	11	12	18	19	20	21	22	23	27	29	30	32	33	36	39	40	42	43	44	45	46	47	48	51	52	54	56	57	58	59	60	61	64	68	69	71	72	73	74
147	309	544	-17	1703	3158	211	146	-1
148	179	122	6	731	1638	190	-1	149	30	1	4	5	8	9	10	12	13	14	15	16	20	21	23	24	27	29	31	32	35	37	38	40	43	44	45	47	62	64	67
149	164	155	-6	1855	2751	142	148	-1
150	292	561	9	383	941	212	-1	151	37	1	3	4	5	7	9	11	13	16	17	19	20	22	23	24	26	27	28	30	31	32	36	37	43	45	46	49	50	51	55	59	64	66	67	70	71	73
151	233	591	-9	1562	2688	115	150	-1
152	694	448	12	1134	2364	158	-1	153	38	0	1	9	12	14	19	20	21	22	26	27	29	31	36	37	38	39	40	41	42	44	45	46	47	48	49	53	55	58	59	60	62	63	65	66	68	69	73
153	703	446	-12	1861	2828	154	152	-1
154	139	165	14	2744	4163	213	-1	155	-1
155	181	119	-14	2875	3925	162	154	-1
156	237	605	16	2870	4303	230	-1	157	-1
157	251	587	-16	3411	4244	238	156	-1
158	333	697	13	1349	2627	197	-1	159	-1
159	329	670	-13	3777	4293	228	158	-1
160	945	706	6	545	2010	187	-1	161	-1
161	978	764	-6	2815	3432	183	160	-1
162	950	807	16	48	953	132	-1	163	40	2	4	5	8	10	12	14	18	20	21	23	25	27	29	30	31	32	37	41	42	43	45	46	47	48	49	50	51	54	55	58	61	63	64	66	68	69	70	72	73
163	998	751	-16	762	1782	126	162	-1
164	976	769	17	1190	2067	155	-1	165	-1
165	994	765	-17	3684	4661	133	164	-1
166	15	124	15	2191	3302	152	-1	167	25	2	6	10	16	19	24	27	32	33	36	37	38	40	42	44	45	48	55	58	63	64	65	67	71	72
167	129	101	-15	1777	3196	127	166	-1
168	698	446	15	281	1659	228	-1	169	-1
169	692	453	-15	3760	4828	146	168	-1
170	980	757	5	3481	4798	225	-1	171	25	1	5	8	10	13	14	17	18	20	21	23	42	45	48	49	51	52	55	58	61	63	68	69	73	74
171	981	772	-5	3485	4664	165	170	-1
172	177	123	8	811	1983	198	-1	173	43	3	4	5	7	9	11	12	13	15	16	18	21	22	24	25	26	27	29	30	32	33	35	36	38	40	41	42	47	48	50	53	55	58	60	61	63	66	67	68	69	70	72	73
173	0	115	-8	2038	2587	145	172	-1
174	1	475	11	1027	1955	201	-1	175	-1
175	100	425	-11	3121	4044	201	174	-1
176	279	486	17	2357	2961	181	-1	177	-1
177	303	550	-17	3774	4333	195	176	-1
178	3	994	10	614	1141	172	-1	179	36	1	2	3	5	7	10	11	12	14	15	21	22	26	28	29	31	36	37	39	40	42	44	46	47	49	53	54	55	56	57	59	63	66	67	71	72
179	2	1000	-10	1915	3234	116	178	-1
180	58	47	11	2454	3321	200	-1	181	24	3	4	5	8	14	18	34	47	48	50	51	52	54	55	56	57	59	61	62	63	65	67	69	70
181	177	123	-11	2748	4036	173	180	-1
182	14	486	16	3687	4938	153	-1	183	-1
183	249	577	-16	3219	4312	196	182	-1
184	9	109	16	3069	4292	191	-1	185	31	8	9	11	13	15	17	21	22	23	25	27	28	30	32	35	36	38	39	42	43	48	49	51	53	55	57	59	61	66	69	71
185	164	146	-16	3672	4733	211	184	-1
186	323	586	18	1111	2145	158	-1	187	-1
187	295	552	-18	1876	2438	104	186	-1
188	113	87	16	929	1679	164	-1	189	-1
189	180	122	-16	3846	4719	131	188	-1
190	13	118	17	1115	1874	209	-1	191	-1
191	132	92	-17	2929	4251	176	190	-1
192	255	537	5	1157	1767	100	-1	193	35	4	5	6	7	12	13	14	15	16	22	23	26	29	30	31	32	33	38	40	44	45	47	49	50	51	52	53	54	56	57	58	59	64	65	69
193	260	581	-5	3009	3786	100	192	-1
194	930	687	6	438	1101	152	-1	195	-1
195	940	717	-6	1058	2137	101	194	-1
196	0	449	17	2376	3045	100	-1	197	-1
197	9	490	-17	2905	3641	199	196	-1
198	16	112	6	908	1857	232	-1	199	40	1	2	3	5	9	11	12	14	15	16	19	20	21	22	26	29	30	31	32	34	36	37	38	41	42	43	45	47	49	53	54	57	62	63	66	67	68	69	71	72
199	15	119	-6	842	1769	126	198	-1
200	979	757	14	1328	2286	145	-1	201	-1
201	948	716	-14	2888	3717	195	200	-1
202	311	659	19	2352	3706	228	-1	203	-1
203	255	586	-19	2853	4033	134	202	-1
204	989	762	8	3609	4626	239	-1	205	-1
205	945	707	-8	3466	4609	127	204	-1
206	9	145	7	2818	3894	190	-1	207	-1
207	191	125	-7	3600	4783	135	206	-1
208	255	583	17	1728	2338	229	-1	209	32	2	4	5	6	7	8	10	12	13	14	20	25	27	28	30	33	35	36	39	40	42	43	44	51	52	56	58	59	60	61	70	71
209	310	547	-17	1302	2537	139	208	-1
210	51	455	12	3706	4954	174	-1	211	-1
211	310	547	-12	4042	4830	162	210	-1
212	13	118	14	1924	2891	152	-1	213	-1
213	13	125	-14	1802	3259	149	212	-1
214	291	579	19	981	2015	236	-1	215	-1
215	329	670	-19	1926	3155	191	214	-1
216	328	670	15	1121	1787	151	-1	217	-1
217	327	631	-15	2131	3566	207	216	-1
218	967	690	16	1918	2677	198	-1	219	-1
219	953	652	-16	2566	3285	163	218	-1
220	967	762	19	3900	4670	112	-1	221	-1
221	995	761	-19	3237	4737	102	220	-1
222	198	167	11	1050	2405	127	-1	223	-1
223	218	123	-11	3341	4446	110	222	-1
224	310	567	18	1327	2685	199	-1	225	-1
225	308	546	-18	2779	3304	100	224	-1
226	2	475	13	894	2216	164	-1	227	-1
227	2	476	-13	50	1536	233	226	-1
228	2	134	12	2310	3612	239	-1	229	27	1	9	10	11	13	15	22	25	27	28	31	39	40	42	44	47	51	52	55	57	59	62	64	66	68	69	73
229	25	125	-12	1868	3285	228	228	-1
230	317	672	18	682	1942	179	-1	231	-1
231	326	547	-18	3611	4920	209	230	-1
232	953	708	5	3458	4181	144	-1	233	40	0	1	5	7	8	9	10	12	13	16	18	19	21	23	24	25	27	30	31	34	37	39	40	41	44	45	47	51	52	53	58	59	62	63	64	68	69	71	72	73
233	942	708	-5	2786	4178	249	232	-1
234	49	452	20	129	1187	206	-1	235	28	8	9	14	15	17	21	22	27	28	32	34	35	37	40	43	44	45	52	53	57	58	60	62	64	68	69	70	71
235	2	466	-20	876	1805	139	234	-1
236	386	679	14	467	1059	135	-1	237	24	1	3	7	9	10	15	18	21	22	23	27	29	32	33	38	39	41	44	46	47	52	60	72	74
237	327	712	-14	2077	2965	184	236	-1
238	985	796	10	1834	2696	245	-1	239	23	1	2	12	15	28	30	38	41	42	46	47	49	50	51	52	53	56	57	58	61	64	67	72
239	985	702	-10	1104	2539	221	238	-1
240	227	598	8	2926	3912	107	-1	241	31	8	9	10	13	23	24	27	28	30	32	33	37	39	41	43	49	50	51	53	56	57	58	59	60	61	64	65	67	71	72	73
241	375	704	-8	3071	4495	150	240	-1
242	12	114	20	3968	4940	143	-1	243	36	1	2	6	7	8	11	12	13	17	18	21	23	24	27	30	31	32	36	40	44	45	48	50	53	55	56	58	59	60	62	63	64	66	67	69	70
243	179	122	-20	3902	4676	170	242	-1
244	320	679	16	24	955	241	-1	245	-1
245	309	548	-16	84	1255	206	244	-1
246	939	678	16	752	1887	217	-1	247	28	1	10	12	13	15	21	28	32	38	40	42	43	44	45	47	51	52	54	55	56	58	59	62	63	67	70	72	73
247	947	708	-16	1594	2299	147	246	-1
248	950	711	14	1826	3127	133	-1	249	33	1	2	5	9	11	12	17	18	20	23	24	27	28	29	33	34	36	38	43	44	46	48	49	50	53	55	57	61	63	64	66	68	72
249	946	706	-14	3551	4540	213	248	-1
250	257	586	16	1226	1844	208	-1	251	-1
251	2	483	-16	855	2018	246	250	-1
252	945	707	7	3227	4620	114	-1	253	32	1	3	5	7	10	11	12	13	14	15	16	26	27	31	40	41	43	44	46	47	48	50	51	53	54	59	60	61	63	64	68	70
253	984	770	-7	3906	4811	207	252	-1
254	56	96	15	1633	2850	143	-1	255	39	0	1	2	3	5	6	7	8	10	13	14	23	24	28	29	30	31	32	33	34	37	39	40	42	44	45	46	47	48	49	50	52	54	60	62	66	67	68	72
255	190	125	-15	4088	4971	108	254	-1
256	946	704	19	462	1907	100	-1	257	23	1	4	12	13	14	18	28	30	32	33	37	39	40	45	49	55	56	62	63	64	68	69	72
257	933	641	-19	3131	4088	221	256	-1
258	5	473	16	595	1148	200	-1	259	-1
259	257	586	-16	1882	2796	185	258	-1
260	180	123	9	59	1146	109	-1	261	24	4	7	8	9	10	11	12	13	20	22	38	45	48	54	56	57	59	60	63	66	67	71	73	74
261	18	125	-9	3381	4730	172	260	-1
262	311	540	7	1757	3256	203	-1	263	37	2	3	5	7	8	10	11	12	14	15	18	22	24	25	27	30	33	34	36	38	40	44	45	46	48	51	58	59	60	65	66	67	68	70	71	72	73
263	256	595	-7	2360	3488	107	262	-1
264	998	764	14	346	1083	232	-1	265	-1
265	906	642	-14	282	1430	184	264	-1
266	325	564	5	1335	2249	145	-1	267	35	1	5	7	8	9	11	13	14	16	17	18	21	23	27	29	32	34	35	38	39	41	44	45	47	48	50	51	56	63	66	67	68	69	70	72
267	331	678	-5	3007	3993	223	266	-1
268	945	707	12	2326	2940	219	-1	269	-1
269	966	790	-12	3945	4557	125	268	-1
270	18	129	14	1620	2817	237	-1	271	-1
271	176	123	-14	2296	2874	170	270	-1
272	310	547	15	1371	2140	164	-1	273	-1
273	332	689	-15	2767	3554	110	272	-1
274	964	712	10	1132	2423	194	-1	275	25	1	2	6	11	12	13	18	23	28	33	34	36	38	40	42	43	51	56	61	63	65	66	68	72	73
275	985	648	-10	733	1638	114	274	-1
276	231	126	7	1397	2137	215	-1	277	-1
277	186	126	-7	3356	4594	223	276	-1
278	257	586	13	1886	3150	119	-1	279	23	2	9	11	17	24	26	27	28	32	36	37	40	41	44	45	46	55	58	60	64	69	72	73
279	310	547	-13	3477	4554	126	278	-1
280	737	413	13	2220	3499	152	-1	281	44	3	6	8	10	11	12	13	14	15	16	18	19	22	23	27	29	30	31	32	35	36	37	38	39	40	41	43	46	48	50	51	52	54	57	58	59	60	61	62	63	65	66	73	74
281	722	531	-13	2230	3332	200	280	-1
282	4	473	7	1321	2752	180	-1	283	-1
283	5	473	-7	4397	4996	238	282	-1
284	41	42	18	1206	2543	234	-1	285	42	1	2	5	6	10	11	12	15	16	18	20	23	24	26	27	30	31	34	35	36	37	38	39	41	43	45	46	48	50	52	53	54	58	60	64	65	66	67	69	70	71	73
285	177	119	-18	519	1792	167	284	-1
286	309	546	10	3166	4043	191	-1	287	-1
287	229	696	-10	2491	3707	127	286	-1
288	203	523	13	2163	3263	115	-1	289	30	0	1	4	5	7	8	14	15	16	17	24	28	30	32	33	36	39	40	41	45	47	50	51	52	53	54	55	63	67	70
289	345	669	-13	2974	3563	226	288	-1
290	981	766	5	2051	2932	109	-1	291	31	3	5	6	10	14	15	16	17	18	19	20	21	27	28	31	32	36	43	44	45	46	53	55	57	59	61	63	65	68	71	72
291	951	703	-5	2069	3558	215	290	-1
292	180	122	19	2925	3643	173	-1	293	37	1	2	3	5	8	9	10	11	12	14	15	16	17	18	22	30	32	35	36	37	40	44	47	48	51	52	53	55	57	58	65	68	70	71	72	73	74
293	186	127	-19	3568	4650	133	292	-1
294	306	719	13	1084	2318	120	-1	295	34	0	1	3	4	6	8	9	11	13	15	16	18	21	23	26	30	31	36	37	43	44	47	50	51	54	56	59	60	61	62	64	65	67	71
295	326	661	-13	2966	4116	125	294	-1
296	2	475	18	1611	2471	124	-1	297	-1
297	245	452	-18	1682	2498	217	296	-1
298	38	453	10	764	1716	205	-1	299	22	2	4	5	6	17	21	25	30	31	33	34	37	38	39	48	52	54	57	59	61	68	70
299	4	474	-10	1048	2452	245	298	-1
300	310	547	13	2110	3012	126	-1	301	-1
301	242	581	-13	2627	3539	221	300	-1
302	376	658	7	3508	4385	104	-1	303	26	1	2	6	8	10	11	14	15	16	22	32	35	37	38	43	45	52	55	58	59	60	61	64	70	71	73
303	292	532	-7	3715	4574	226	302	-1
304	974	749	12	3297	4756	200	-1	305	40	1	2	5	6	7	9	12	13	16	20	21	23	25	26	27	28	29	30	31	33	40	41	42	45	46	47	48	49	50	54	55	57	59	60	62	68	69	70	72	73
305	944	708	-12	3664	4727	171	304	-1
306	1	481	11	1548	2230	117	-1	307	38	6	9	11	12	13	18	21	22	23	25	26	27	29	30	32	34	35	41	42	43	45	46	48	51	53	55	59	60	63	64	66	67	68	69	70	71	72	73
307	12	473	-11	2750	3740	163	306	-1
308	948	705	7	963	1676	200	-1	309	37	1	4	5	9	11	12	13	14	15	19	21	22	24	25	27	28	31	35	36	37	38	39	41	44	45	48	49	50	51	54	59	62	63	65	66	70	73
309	978	764	-7	1751	2295	241	308	-1
310	52	996	14	433	1816	161	-1	311	26	2	7	8	9	10	11	15	19	23	25	28	35	38	45	49	53	55	56	59	64	65	67	69	72	73	74
311	1	1000	-14	1396	2850	120	310	-1
312	949	682	18	1967	2718	224	-1	313	28	0	2	5	7	8	11	12	16	18	22	23	24	28	31	36	40	42	43	46	48	51	55	56	60	66	69	70	73
313	978	766	-18	4035	4620	223	312	-1
314	941	703	12	31	559	142	-1	315	-1
315	907	743	-12	1732	3049	147	314	-1
316	160	99	16	2549	3248	143	-1	317	31	2	3	5	7	14	19	22	25	27	28	30	31	32	33	36	37	41	45	49	51	53	55	57	58	59	60	61	62	63	64	71
317	12	127	-16	2730	4137	209	316	-1
318	945	707	9	2311	3769	216	-1	319	30	8	10	14	15	17	20	21	23	25	27	28	30	37	38	40	41	42	45	50	51	52	56	59	62	65	66	67	68	69	72
319	984	766	-9	3429	4494	222	318	-1
320	695	448	17	707	2044	175	-1	321	40	8	9	10	11	13	15	16	17	20	22	24	26	27	28	30	32	33	35	37	39	40	41	42	45	47	48	53	54	56	57	58	59	60	64	65	66	67	71	72	73
321	695	445	-17	2702	3911	154	320	-1
322	44	144	14	2091	3564	101	-1	323	28	3	6	7	9	11	18	19	22	23	26	29	31	35	36	42	43	46	47	48	50	52	57	59	60	62	63	64	67
323	180	123	-14	1711	2862	128	322	-1
324	310	547	13	1937	3394	196	-1	325	-1
325	329	670	-13	2706	3686	229	324	-1
326	2	474	11	1564	2978	193	-1	327	22	12	13	16	17	18	19	24	35	36	40	41	45	47	50	51	52	58	64	65	68	72	74
327	19	478	-11	2046	3078	246	326	-1
328	217	172	5	1800	2581	211	-1	329	29	3	5	6	7	11	12	16	23	24	25	26	27	28	29	32	41	42	43	44	50	52	60	61	62	63	68	69	70	71
329	177	121	-5	1531	2976	171	328	-1
330	0	998	9	2496	3598	138	-1	331	26	0	4	10	15	18	19	20	21	23	24	29	30	33	35	40	42	44	45	46	54	55	57	66	71	73	74
331	33	964	-9	3586	4977	152	330	-1
332	985	766	9	332	1482	207	-1	333	43	2	3	6	9	10	11	13	14	15	17	18	23	25	26	27	28	29	31	32	38	40	42	43	46	47	49	51	52	55	57	58	59	60	61	62	63	64	66	67	69	71	73	74
333	984	770	-9	3423	4422	215	332	-1
334	272	602	7	2528	3226	217	-1	335	-1
335	343	670	-7	4158	4738	192	334	-1
336	327	668	20	3530	4636	134	-1	337	28	4	9	12	14	20	21	25	26	28	31	32	33	34	35	36	38	40	44	54	55	56	57	61	62	65	66	71	72
337	329	672	-20	4132	4711	117	336	-1
338	986	771	6	824	1707	114	-1	339	44	1	3	6	7	8	9	10	14	15	18	19	21	22	23	25	26	27	29	32	33	34	35	36	37	39	42	43	47	48	51	52	55	57	59	62	63	65	66	67	68	69	70	71	74
339	956	678	-6	2627	3691	109	338	-1
340	178	123	18	3374	4591	135	-1	341	23	2	4	11	15	16	17	28	33	36	39	44	46	47	53	54	55	58	64	66	67	70	71	73
341	179	122	-18	3484	4241	222	340	-1
342	2	475	18	174	1190	114	-1	343	40	0	3	4	5	6	9	10	11	12	13	15	20	22	24	25	26	33	34	36	39	40	42	46	50	52	53	55	56	57	58	59	60	61	62	65	67	68	70	71	72
343	257	583	-18	1548	2754	192	342	-1
344	944	706	19	601	2098	160	-1	345	38	2	3	6	13	14	16	20	21	22	23	25	26	27	29	32	35	36	37	39	42	43	45	46	47	48	49	53	54	55	56	61	62	65	67	68	70	72	74
345	965	760	-19	836	1882	159	344	-1
346	330	672	18	2558	3316	201	-1	347	-1
347	213	543	-18	3680	4743	200	346	-1
348	330	672	5	2909	4336	146	-1	349	-1
349	224	499	-5	2749	3775	240	348	-1
350	17	126	13	1098	2417	122	-1	351	-1
351	204	37	-13	2802	3686	213	350	-1
352	984	770	19	1196	2525	130	-1	353	41	1	10	11	13	14	15	16	18	21	22	24	25	28	29	31	32	34	36	43	44	45	46	47	48	51	54	55	56	57	59	62	63	64	65	66	67	69	71	72	73	74
353	978	778	-19	4182	4846	211	352	-1
354	163	138	19	3478	4493	149	-1	355	30	6	11	12	14	17	19	20	22	23	28	29	32	33	34	36	39	40	42	43	46	47	49	58	60	61	62	64	65	72	74
355	188	134	-19	3344	4163	218	354	-1
356	696	443	11	2006	2974	198	-1	357	36	2	5	10	11	12	13	15	17	19	20	21	28	29	31	32	34	35	39	41	43	47	48	49	51	52	54	58	59	60	64	65	66	67	68	73	74
357	691	467	-11	2388	3345	212	356	-1
358	277	597	13	2521	3270	171	-1	359	44	5	6	8	9	11	12	13	14	15	17	18	20	22	24	27	28	30	32	33	34	36	37	38	40	41	43	44	47	48	49	50	51	52	54	55	56	61	62	63	64	68	69	72	73
359	332	675	-13	4038	4574	232	358	-1
360	300	548	15	2474	3681	235	-1	361	-1
361	315	538	-15	1951	2908	164	360	-1
362	234	587	14	1266	2625	167	-1	363	31	2	8	9	11	13	16	19	23	27	28	31	33	36	40	46	47	48	50	51	52	54	55	56	59	60	65	66	69	71	72	73
363	246	603	-14	1305	2663	167	362	-1
364	2	473	6	647	1278	116	-1	365	-1
365	7	475	-6	1103	1698	138	364	-1
366	179	119	8	776	1281	192	-1	367	40	1	2	8	9	12	13	14	16	17	20	21	22	24	25	28	32	36	37	38	39	40	43	46	47	50	52	54	55	56	57	58	59	60	61	62	66	67	68	71	72
367	187	134	-8	3571	4854	243	366	-1
368	180	119	11	1907	2745	131	-1	369	-1
369	6	116	-11	1310	2595	158	368	-1
370	934	731	8	914	2243	138	-1	371	41	1	3	4	8	9	13	14	15	17	18	19	20	21	23	24	26	28	31	33	34	35	42	43	44	45	46	47	49	51	52	53	54	56	59	62	63	67	69	70	71	73
371	918	780	-8	750	1904	240	370	-1
372	95	127	14	1191	2410	145	-1	373	-1
373	44	109	-14	2127	2682	162	372	-1
374	32	479	11	2404	3277	120	-1	375	33	5	6	9	11	12	15	16	17	19	22	23	26	28	29	30	32	33	35	38	41	42	46	48	50	51	55	57	59	63	64	66	67	74
375	254	587	-11	2968	3994	176	374	-1
376	321	666	7	1100	2563	210	-1	377	26	6	9	11	14	17	31	34	36	39	40	42	43	45	49	50	52	54	56	57	59	63	66	69	71	72	73
377	251	587	-7	2135	3314	175	376	-1
378	269	557	19	1072	2116	227	-1	379	-1
379	224	704	-19	3297	4795	157	378	-1
380	156	163	13	1356	2456	128	-1	381	-1
381	32	113	-13	1473	2188	187	380	-1
382	327	646	10	1864	2983	208	-1	383	-1
383	325	534	-10	3185	3772	156	382	-1
384	12	118	18	3038	3885	141	-1	385	28	0	4	7	10	11	15	16	22	26	28	32	33	36	37	43	44	49	50	52	56	58	62	63	64	67	68	70	72
385	154	90	-18	3873	4617	113	384	-1
386	341	680	17	2119	3415	244	-1	387	-1
387	311	547	-17	2817	3627	153	386	-1
388	996	780	5	1476	2564	175	-1	389	35	3	5	7	9	10	12	14	16	18	24	26	30	32	34	35	37	39	40	45	47	48	50	52	56	58	61	62	63	65	67	69	71	72	73	74
389	983	748	-5	1776	2753	180	388	-1
390	953	732	8	2097	3336	149	-1	391	-1
391	944	709	-8	3306	4360	238	390	-1
392	199	589	9	226	1457	174	-1	393	28	9	10	11	13	15	18	20	23	25	26	27	29	31	33	35	39	40	43	48	53	54	60	63	67	68	69	71	72
393	265	582	-9	2261	2845	218	392	-1
394	311	547	7	2825	4204	104	-1	395	-1
395	258	587	-7	4217	4726	115	394	-1
396	969	793	16	785	2011	237	-1	397	31	0	1	4	5	6	7	8	10	12	22	23	24	27	29	30	32	35	40	43	48	50	52	54	55	56	58	62	63	64	70	72
397	890	743	-16	3438	4701	114	396	-1
398	320	537	15	2269	3248	217	-1	399	-1
399	323	662	-15	2707	3394	100	398	-1
400	260	587	14	1888	3018	207	-1	401	-1
401	255	588	-14	2796	3421	220	400	-1
402	191	136	14	1705	2615	182	-1	403	-1
403	9	122	-14	1919	2553	141	402	-1
404	978	787	11	1241	2563	202	-1	405	-1
405	984	767	-11	1795	3018	209	404	-1
406	28	128	20	1400	1919	247	-1	407	-1
407	13	118	-20	1768	2811	182	406	-1
408	926	703	9	1400	2594	183	-1	409	35	1	3	6	8	10	15	18	20	22	23	25	26	29	30	34	35	40	41	43	45	46	47	49	50	52	53	55	56	57	59	63	66	68	69	72
409	945	707	-9	728	1947	215	408	-1
410	976	707	7	3803	4505	224	-1	411	33	3	6	11	12	13	14	15	19	20	21	25	26	28	30	34	36	40	41	43	46	47	50	52	56	57	61	63	65	67	68	70	72	73
411	964	638	-7	3533	4819	159	410	-1
412	324	532	8	2516	3686	169	-1	413	33	1	3	6	11	12	13	15	22	23	25	26	29	32	33	34	36	37	38	42	49	52	55	57	58	61	62	64	67	69	70	71	72	73
413	306	539	-8	3213	4300	242	412	-1
414	944	706	19	545	1103	180	-1	415	25	3	4	6	8	15	21	24	30	33	35	38	43	54	58	59	62	63	64	65	66	67	68	69	71	73
415	960	756	-19	3514	4596	202	414	-1
416	310	547	10	943	2387	199	-1	417	-1
417	257	586	-10	3434	4534	116	416	-1
418	758	455	9	1234	1927	178	-1	419	-1
419	681	465	-9	2852	3673	185	418	-1
420	216	616	8	530	1051	205	-1	421	28	0	1	3	5	6	10	17	19	20	25	37	38	39	40	41	47	54	56	59	60	61	63	65	66	67	68	69	70
421	310	548	-8	1807	2592	130	420	-1
422	983	774	18	821	2070	190	-1	423	-1
423	954	722	-18	1525	2287	246	422	-1
424	979	764	20	1994	3130	195	-1	425	-1
425	945	707	-20	3374	3963	165	424	-1
426	277	542	11	483	1570	213	-1	427	-1
427	329	670	-11	17	1124	206	426	-1
428	22	118	18	385	1257	146	-1	429	34	7	10	11	13	14	16	18	19	22	23	25	26	27	28	29	31	32	36	43	44	52	53	57	58	61	62	63	64	66	68	69	70	71	72
429	173	118	-18	3176	4388	141	428	-1
430	939	699	19	128	1342	140	-1	431	-1
431	984	769	-19	1104	2573	144	430	-1
432	984	766	14	320	964	235	-1	433	-1
433	984	770	-14	2000	3098	189	432	-1
434	0	179	17	286	1326	245	-1	435	43	2	4	5	6	7	9	11	13	15	17	18	20	21	22	23	24	28	29	31	32	34	35	36	38	43	46	47	48	49	51	53	54	56	57	58	60	61	62	64	66	70	71	73
435	173	118	-17	3928	4523	195	434	-1
436	6	473	19	2865	3848	145	-1	437	-1
437	256	494	-19	3191	4158	157	436	-1
438	335	659	10	2875	4113	144	-1	439	-1
439	301	545	-10	3802	4839	102	438	-1
440	16	118	6	710	1638	189	-1	441	-1
441	9	117	-6	1634	2216	228	440	-1
442	309	548	15	3815	4334	217	-1	443	27	6	7	10	12	13	16	17	19	22	26	30	33	34	36	37	45	48	50	52	53	57	60	61	67	71	72	73
443	287	572	-15	3471	4493	131	442	-1
444	945	710	5	261	1081	240	-1	445	33	1	2	3	4	6	8	10	11	14	18	19	20	21	22	23	26	27	30	32	33	35	37	40	44	47	49	50	53	56	57	60	68	73
445	985	770	-5	2832	3358	179	444	-1
446	954	717	7	3016	4258	198	-1	447	-1
447	925	699	-7	2257	3625	189	446	-1
448	10	397	11	2030	2871	177	-1	449	-1
449	15	497	-11	2873	3708	158	448	-1
450	13	118	10	3495	4931	119	-1	451	26	2	5	6	8	10	13	15	24	32	33	35	36	42	44	46	47	53	58	59	60	63	66	68	70	71	74
451	131	121	-10	3584	4860	191	450	-1
452	365	527	8	268	1320	232	-1	453	-1
453	341	617	-8	2690	3590	141	452	-1
454	323	481	7	1494	2806	163	-1	455	24	1	2	5	6	10	12	13	23	27	29	31	32	35	43	53	54	55	56	57	58	64	65	67	72
455	326	668	-7	1973	2738	120	454	-1
456	690	444	5	2020	3501	241	-1	457	-1
457	676	430	-5	3667	4610	143	456	-1
458	981	779	14	3535	4982	182	-1	459	-1
459	989	721	-14	3145	4101	183	458	-1
460	19	102	9	1122	2183	148	-1	461	-1
461	184	111	-9	2036	3381	153	460	-1
462	199	90	17	1823	2803	189	-1	463	-1
463	136	131	-17	2379	3548	231	462	-1
464	279	460	16	1195	1721	173	-1	465	-1
465	257	586	-16	3038	4125	207	464	-1
466	262	591	19	652	2063	230	-1	467	-1
467	343	689	-19	1998	2536	123	466	-1
468	248	567	14	2898	4208	215	-1	469	25	2	6	8	14	18	26	27	28	30	31	36	43	44	45	47	48	49	53	54	55	56	65	66	68	69
469	222	590	-14	2642	3358	133	468	-1
470	310	547	8	2882	3968	142	-1	471	33	1	3	4	6	8	10	12	13	17	21	22	23	25	34	37	40	42	44	46	47	49	51	54	56	59	60	65	67	68	69	70	72	73
471	310	548	-8	3458	4943	220	470	-1
472	248	588	19	289	1462	199	-1	473	40	2	5	6	8	9	13	17	18	20	21	22	24	29	30	32	33	34	35	36	37	39	40	41	42	44	45	47	49	50	54	57	58	62	64	66	68	69	70	71	74
473	258	584	-19	3309	4496	107	472	-1
474	53	502	7	3311	4505	107	-1	475	26	1	3	5	8	13	14	16	21	23	27	28	30	32	38	39	41	51	55	56	57	58	60	61	62	71	73
475	256	587	-7	3840	4507	145	474	-1
476	945	707	13	1896	3067	187	-1	477	44	0	1	4	5	6	8	10	12	13	17	20	21	23	24	25	26	28	29	32	33	35	40	42	44	47	48	49	50	51	53	54	55	58	59	60	63	64	65	66	67	69	71	72	73
477	961	772	-13	2515	3331	201	476	-1
478	981	772	11	2223	3029	151	-1	479	31	0	2	5	6	7	9	10	13	14	15	21	22	23	33	35	36	37	41	43	48	51	54	57	61	62	66	67	69	70	71	72
479	924	682	-11	3399	4082	221	478	-1
480	209	161	12	474	1697	137	-1	481	-1
481	176	125	-12	1578	2673	186	480	-1
482	983	770	15	1452	2363	181	-1	483	26	1	7	11	12	17	18	19	20	22	23	24	27	28	32	36	40	44	45	47	50	56	59	60	64	66	69
483	964	723	-15	2603	3785	125	482	-1
484	3	483	13	609	1329	134	-1	485	24	3	5	6	10	12	13	14	17	19	22	32	35	39	43	44	45	48	58	59	62	63	65	68	71
485	150	659	-13	955	1673	181	484	-1
486	181	128	13	849	1553	229	-1	487	-1
487	219	87	-13	2906	3747	211	486	-1
488	936	700	14	732	1635	116	-1	489	42	3	5	7	8	9	10	12	13	14	15	16	17	19	22	23	24	27	30	32	36	37	38	39	40	41	46	47	49	50	51	55	57	58	60	61	65	66	67	69	70	73	74
489	988	768	-14	808	1989	231	488	-1
490	278	504	15	2868	4362	143	-1	491	39	0	1	2	4	5	6	7	8	9	13	14	15	16	17	18	21	22	23	26	27	28	30	31	32	33	34	36	38	39	40	42	46	47	52	53	55	56	63	70
491	2	475	-15	3352	4140	114	490	-1
492	170	533	17	2064	3519	216	-1	493	40	1	3	4	5	6	7	8	9	12	16	18	19	20	21	24	25	27	28	29	35	36	37	38	41	42	45	46	47	48	49	52	55	56	61	62	65	68	69	72	73
493	240	561	-17	4318	4941	102	492	-1
494	178	122	11	562	1320	106	-1	495	-1
495	179	122	-11	572	1407	152	494	-1
496	930	695	19	1014	2415	158	-1	497	-1
497	955	756	-19	2541	3311	166	496	-1
498	937	724	20	1471	2641	132	-1	499	31	1	2	4	5	8	9	10	11	17	19	22	26	27	29	30	31	32	33	37	39	41	42	45	50	51	55	60	61	63	65	71
499	949	691	-20	2534	3390	241	498	-1
0	664	379	664	379	50	0	5000
1	54	588	54	588	50	0	5000
2	423	987	423	987	50	0	5000
3	849	496	849	496	50	0	5000
4	724	388	724	388	50	0	5000
5	664	379	664	379	50	0	5000
6	54	588	54	588	50	0	5000
7	423	987	423	987	50	0	5000
8	849	496	849	496	50	0	5000
9	724	388	724	388	50	0	5000
10	664	379	664	379	50	0	5000
11	54	588	54	588	50	0	5000
12	423	987	423	987	50	0	5000
13	849	496	849	496	50	0	5000
14	724	388	724	388	50	0	5000
15	664	379	664	379	50	0	5000
16	54	588	54	588	50	0	5000
17	423	987	423	987	50	0	5000
18	849	496	849	496	50	0	5000
19	724	388	724	388	50	0	5000
20	664	379	664	379	50	0	5000
21	54	588	54	588	50	0	5000
22	423	987	423	987	50	0	5000
23	849	496	849	496	50	0	5000
24	724	388	724	388	50	0	5000
25	664	379	664	379	50	0	5000
26	54	588	54	588	50	0	5000
27	423	987	423	987	50	0	5000
28	849	496	849	496	50	0	5000
29	724	388	724	388	50	0	5000
30	664	379	664	379	50	0	5000
31	54	588	54	588	50	0	5000
32	423	987	423	987	50	0	5000
33	849	496	849	496	50	0	5000
34	724	388	724	388	50	0	5000
35	664	379	664	379	50	0	5000
36	54	588	54	588	50	0	5000
37	423	987	423	987	50	0	5000
38	849	496	849	496	50	0	5000
39	724	388	724	388	50	0	5000
40	664	379	664	379	50	0	5000
41	54	588	54	588	50	0	5000
42	423	987	423	987	50	0	5000
43	849	496	849	496	50	0	5000
44	724	388	724	388	50	0	5000
45	664	379	664	379	50	0	5000
46	54	588	54	588	50	0	5000
47	423	987	423	987	50	0	5000
48	849	496	849	496	50	0	5000
49	724	388	724	388	50	0	5000
50	664	379	664	379	50	0	5000
51	54	588	54	588	50	0	5000
52	423	987	423	987	50	0	5000
53	849	496	849	496	50	0	5000
54	724	388	724	388	50	0	5000
55	664	379	664	379	50	0	5000
56	54	588	54	588	50	0	5000
57	423	987	423	987	50	0	5000
58	849	496	849	496	50	0	5000
59	724	388	724	388	50	0	5000
60	664	379	664	379	50	0	5000
61	54	588	54	588	50	0	5000
62	423	987	423	987	50	0	5000
63	849	496	849	496	50	0	5000
64	724	388	724	388	50	0	5000
65	664	379	664	379	50	0	5000
66	54	588	54	588	50	0	5000
67	423	987	423	987	50	0	5000
68	849	496	849	496	50	0	5000
69	724	388	724	388	50	0	5000
70	664	379	664	379	50	0	5000
71	54	588	54	588	50	0	5000
72	423	987	423	987	50	0	5000
73	849	496	849	496	50	0	5000
74	724	388	724	388	50	0	5000
