50	15	1	1	100000
0	514	314	18	20	709	115	-1	1	-1
1	411	387	-18	2685	3911	116	0	-1
2	865	631	9	1606	2123	202	-1	3	-1
3	961	863	-9	1638	2742	244	2	-1
4	630	320	19	2083	2805	117	-1	5	-1
5	465	205	-19	2567	3415	150	4	-1
6	157	881	12	1289	2388	243	-1	7	-1
7	287	787	-12	2907	4371	139	6	-1
8	527	442	11	1032	2261	167	-1	9	-1
9	456	607	-11	2223	3660	172	8	-1
10	256	462	10	2467	3660	209	-1	11	-1
11	231	394	-10	3611	4778	149	10	-1
12	469	989	11	354	1338	210	-1	13	-1
13	301	877	-11	3049	3848	232	12	-1
14	180	233	17	625	1783	235	-1	15	-1
15	120	150	-17	3726	4998	238	14	-1
16	369	301	18	1279	1894	219	-1	17	-1
17	520	500	-18	2308	2931	214	16	-1
18	186	162	7	1738	2849	216	-1	19	-1
19	119	216	-7	1145	2167	120	18	-1
20	316	525	5	1233	2020	238	-1	21	-1
21	59	526	-5	1761	2295	116	20	-1
22	869	959	13	1530	2378	241	-1	23	-1
23	887	926	-13	2079	3462	159	22	-1
24	919	53	18	1293	2411	187	-1	25	-1
25	998	35	-18	2572	3976	226	24	-1
26	886	364	8	2038	2657	170	-1	27	-1
27	864	473	-8	1877	2609	164	26	-1
28	383	340	9	1350	2384	241	-1	29	-1
29	268	519	-9	2945	3554	214	28	-1
30	789	189	7	201	1686	183	-1	31	-1
31	969	300	-7	3556	4320	103	30	-1
32	663	806	9	1	948	227	-1	33	-1
33	815	706	-9	2332	3204	249	32	-1
34	524	227	12	1182	1967	205	-1	35	-1
35	452	161	-12	1735	2318	182	34	-1
36	371	297	6	602	1346	113	-1	37	-1
37	488	80	-6	2548	4029	125	36	-1
38	526	696	11	932	1690	215	-1	39	-1
39	388	838	-11	2633	3562	110	38	-1
40	179	425	15	1323	2073	202	-1	41	-1
41	411	515	-15	931	1929	133	40	-1
42	494	275	12	1953	2594	147	-1	43	-1
43	757	299	-12	1925	3299	195	42	-1
44	810	3	9	941	2049	188	-1	45	-1
45	683	39	-9	3449	4478	199	44	-1
46	917	276	15	1143	2431	208	-1	47	-1
47	769	119	-15	888	2120	195	46	-1
48	610	292	14	2957	4452	226	-1	49	-1
49	706	550	-14	3483	4686	102	48	-1
50	799	67	11	2186	3311	195	-1	51	-1
51	964	38	-11	3357	4317	157	50	-1
52	244	344	16	1313	2149	107	-1	53	-1
53	38	199	-16	2886	4094	109	52	-1
54	649	96	14	411	1168	176	-1	55	-1
55	428	163	-14	3352	4584	176	54	-1
56	816	52	10	3889	4394	185	-1	57	-1
57	707	65	-10	3487	4565	221	56	-1
58	792	349	17	1080	2429	228	-1	59	-1
59	875	146	-17	2390	3324	192	58	-1
60	320	4	9	108	775	156	-1	61	-1
61	228	220	-9	1117	2567	216	60	-1
62	6	420	7	332	1683	169	-1	63	-1
63	230	430	-7	3480	4660	165	62	-1
64	882	574	11	603	1708	212	-1	65	-1
65	925	391	-11	3952	4821	175	64	-1
66	797	575	15	2678	3851	144	-1	67	-1
67	679	717	-15	3616	4368	176	66	-1
68	44	464	11	1182	2176	216	-1	69	-1
69	130	579	-11	3265	4120	205	68	-1
70	272	843	16	181	1285	198	-1	71	-1
71	440	941	-16	2963	4047	102	70	-1
72	843	170	11	1654	2471	208	-1	73	-1
73	954	154	-11	1218	2537	192	72	-1
74	511	48	20	1795	2698	121	-1	75	-1
75	382	37	-20	4087	4922	155	74	-1
76	660	245	7	2847	3537	160	-1	77	-1
77	790	201	-7	3855	4830	115	76	-1
78	492	164	18	3113	4323	229	-1	79	-1
79	327	86	-18	3604	4493	151	78	-1
80	596	97	7	66	1251	242	-1	81	-1
81	544	73	-7	3105	4207	191	80	-1
82	505	273	10	2694	4020	131	-1	83	-1
83	376	245	-10	2916	3758	117	82	-1
84	510	99	14	1502	2507	191	-1	85	-1
85	375	67	-14	2614	3630	129	84	-1
86	67	775	12	2759	3616	159	-1	87	-1
87	101	800	-12	2396	3700	171	86	-1
88	452	752	10	2836	4322	189	-1	89	-1
89	547	847	-10	2496	3495	173	88	-1
90	662	614	5	1483	2952	181	-1	91	-1
91	463	548	-5	1164	2622	145	90	-1
92	905	532	17	60	1536	171	-1	93	-1
93	848	723	-17	1011	2500	134	92	-1
94	696	288	9	77	1070	219	-1	95	-1
95	502	152	-9	657	2144	170	94	-1
96	56	861	19	1357	2318	159	-1	97	-1
97	232	769	-19	2307	3388	128	96	-1
98	539	141	9	533	1536	198	-1	99	-1
99	785	135	-9	2109	3324	200	98	-1
0	699	71	569	366	50	0	5000
1	513	535	494	784	50	0	5000
2	403	925	739	971	50	0	5000
3	204	6	6	228	50	0	5000
4	892	779	867	516	50	0	5000
5	538	712	294	654	50	0	5000
6	50	432	360	209	50	0	5000
7	388	80	423	51	50	0	5000
8	76	820	339	908	50	0	5000
9	712	625	720	554	50	0	5000
10	214	530	30	831	50	0	5000
11	356	32	519	146	50	0	5000
12	386	467	498	716	50	0	5000
13	21	26	252	294	50	0	5000
14	450	975	268	659	50	0	5000
