100	30	1	1	100000
0	746	473	9	802	1465	181	-1	1	17	1	6	7	9	12	16	17	18	19	20	22	23	24	25	26	28	29
1	720	263	-9	2492	3455	199	0	-1
2	987	169	15	811	2215	133	-1	3	15	0	1	3	5	7	8	9	11	12	16	17	20	22	24	25
3	772	281	-15	2169	3230	189	2	-1
4	944	346	6	1108	1754	202	-1	5	-1
5	809	189	-6	1983	2797	132	4	-1
6	271	378	18	33	665	128	-1	7	-1
7	426	230	-18	2233	3068	212	6	-1
8	383	190	12	3079	3853	229	-1	9	10	0	1	4	9	12	16	20	22	23	28
9	295	132	-12	3323	4604	179	8	-1
10	346	169	9	1044	1988	142	-1	11	-1
11	192	338	-9	3723	4892	187	10	-1
12	788	280	17	2835	3929	178	-1	13	-1
13	848	533	-17	2570	3716	123	12	-1
14	291	191	16	1821	2755	202	-1	15	-1
15	229	336	-16	2244	3192	124	14	-1
16	419	656	9	1803	3162	158	-1	17	12	1	4	5	7	9	10	11	13	14	15	24	29
17	344	794	-9	3794	4787	113	16	-1
18	816	513	16	1932	3234	214	-1	19	-1
19	968	340	-16	2014	2872	153	18	-1
20	996	92	10	2319	3416	212	-1	21	-1
21	793	76	-10	2946	3779	214	20	-1
22	281	23	19	2929	3776	159	-1	23	17	1	3	6	7	8	11	12	13	15	16	18	19	21	22	25	27	28
23	467	68	-19	3194	4245	120	22	-1
24	956	362	11	2334	3424	133	-1	25	-1
25	870	321	-11	2159	3517	117	24	-1
26	105	532	15	1762	2934	214	-1	27	-1
27	66	571	-15	2820	4272	180	26	-1
28	106	674	18	379	1733	185	-1	29	-1
29	383	713	-18	652	1889	173	28	-1
30	503	159	9	543	1694	121	-1	31	-1
31	485	139	-9	94	1290	127	30	-1
32	374	580	16	1401	2249	214	-1	33	-1
33	191	446	-16	2333	3293	127	32	-1
34	728	591	6	3983	4914	226	-1	35	10	0	4	10	12	13	18	19	22	23	25
35	609	748	-6	3487	4748	199	34	-1
36	835	149	12	237	1424	114	-1	37	-1
37	946	318	-12	3959	4984	158	36	-1
38	518	287	18	1406	2812	155	-1	39	-1
39	770	231	-18	2681	3418	206	38	-1
40	823	377	8	985	2319	179	-1	41	-1
41	931	634	-8	2588	3580	194	40	-1
42	176	753	11	471	1675	232	-1	43	-1
43	227	824	-11	2859	3580	157	42	-1
44	99	376	19	2533	3754	141	-1	45	-1
45	148	107	-19	3795	4723	159	44	-1
46	276	278	18	916	1428	231	-1	47	13	1	4	7	10	12	15	17	18	21	24	25	26	28
47	8	238	-18	3670	4553	239	46	-1
48	362	713	12	720	1996	138	-1	49	-1
49	413	890	-12	3589	4676	101	48	-1
50	814	945	9	698	1853	133	-1	51	-1
51	805	728	-9	2753	3971	151	50	-1
52	354	132	12	1681	2834	140	-1	53	-1
53	408	375	-12	1476	2328	141	52	-1
54	858	892	8	411	1408	163	-1	55	-1
55	725	891	-8	1731	2243	200	54	-1
56	790	805	15	447	1219	105	-1	57	17	1	2	3	4	8	12	13	14	16	17	20	21	22	23	24	25	26
57	569	820	-15	4319	4846	197	56	-1
58	138	140	15	1837	3005	125	-1	59	-1
59	266	118	-15	2147	2660	143	58	-1
60	439	6	9	227	797	219	-1	61	-1
61	293	239	-9	3242	4209	193	60	-1
62	914	518	15	317	1498	129	-1	63	-1
63	906	701	-15	854	2322	159	62	-1
64	847	447	14	821	1734	100	-1	65	12	1	5	10	11	14	15	16	17	18	20	21	26
65	800	693	-14	3685	4640	179	64	-1
66	451	148	19	684	1753	150	-1	67	-1
67	483	198	-19	3028	3867	162	66	-1
68	145	696	16	2047	2884	162	-1	69	10	2	4	9	10	15	18	19	22	25	28
69	142	709	-16	2913	3790	230	68	-1
70	638	487	15	3785	4583	118	-1	71	-1
71	633	716	-15	3822	4963	147	70	-1
72	37	212	5	728	2156	175	-1	73	17	2	3	4	5	6	8	9	11	12	15	16	17	19	22	24	28	29
73	64	309	-5	2516	3883	138	72	-1
74	567	209	19	909	2157	195	-1	75	-1
75	333	192	-19	3531	4560	247	74	-1
76	88	278	11	982	1698	223	-1	77	16	3	4	6	7	8	10	11	16	17	18	21	22	23	25	27	29
77	195	379	-11	3103	3651	143	76	-1
78	408	153	13	281	986	154	-1	79	15	1	2	3	6	9	11	12	13	14	15	16	21	22	23	24
79	246	215	-13	1971	3123	103	78	-1
80	556	277	6	740	1414	199	-1	81	16	0	3	4	5	7	10	11	12	16	21	22	24	25	26	27	28
81	384	264	-6	2942	3934	159	80	-1
82	741	730	11	2019	2875	135	-1	83	-1
83	541	559	-11	3393	4473	121	82	-1
84	87	646	10	27	1195	235	-1	85	-1
85	99	703	-10	2795	3762	187	84	-1
86	543	87	7	2221	3582	173	-1	87	10	0	1	9	10	13	15	16	19	24	27
87	337	3	-7	2460	3815	117	86	-1
88	482	468	11	80	1372	116	-1	89	-1
89	675	494	-11	2541	3834	153	88	-1
90	993	67	8	2823	4191	115	-1	91	9	2	9	14	16	18	19	21	24	29
91	842	284	-8	3465	4319	204	90	-1
92	83	104	16	172	1573	194	-1	93	15	1	2	5	6	8	9	11	12	13	16	17	18	21	24	26
93	167	164	-16	2304	3720	151	92	-1
94	293	976	5	148	1266	173	-1	95	17	2	3	4	6	8	10	12	13	14	15	16	18	19	21	24	25	26
95	203	933	-5	1727	2697	122	94	-1
96	270	441	16	311	1185	218	-1	97	-1
97	469	529	-16	476	1822	237	96	-1
98	506	712	8	367	1185	135	-1	99	15	2	3	5	8	9	11	12	14	16	17	19	20	23	25	26
99	402	867	-8	148	1330	188	98	-1
100	29	459	12	1140	2487	138	-1	101	13	1	3	4	6	7	8	9	14	15	17	18	22	23
101	122	544	-12	1274	2709	161	100	-1
102	964	749	9	1817	3088	178	-1	103	-1
103	871	517	-9	3522	4244	206	102	-1
104	711	546	5	2339	3002	217	-1	105	15	3	4	8	10	11	12	14	17	21	23	24	25	26	28	29
105	889	737	-5	2306	2943	121	104	-1
106	785	700	17	502	1505	198	-1	107	17	0	2	3	4	5	6	7	10	12	13	14	19	21	22	23	24	29
107	923	591	-17	2221	3256	215	106	-1
108	568	855	7	2417	3419	106	-1	109	-1
109	394	734	-7	2179	3623	172	108	-1
110	877	420	6	690	1879	193	-1	111	-1
111	977	248	-6	1579	2197	134	110	-1
112	116	936	5	906	2296	195	-1	113	10	2	15	16	18	20	22	23	24	27	28
113	109	904	-5	2740	3547	147	112	-1
114	855	311	9	2310	3095	135	-1	115	13	1	3	6	7	10	14	15	16	17	18	20	23	28
115	923	161	-9	1905	3234	215	114	-1
116	373	271	19	310	1723	207	-1	117	14	2	4	8	9	11	14	17	18	22	24	25	26	27	28
117	441	530	-19	24	1289	118	116	-1
118	564	817	11	2823	3469	121	-1	119	11	3	4	7	13	17	19	20	23	24	27	28
119	314	806	-11	2683	3485	249	118	-1
120	237	809	14	421	1875	176	-1	121	-1
121	264	937	-14	870	2091	170	120	-1
122	250	676	12	1224	2492	132	-1	123	-1
123	346	547	-12	492	1946	181	122	-1
124	429	340	6	1892	3308	244	-1	125	9	4	6	7	10	14	18	21	27	29
125	646	461	-6	2219	3615	137	124	-1
126	844	826	15	2287	3650	153	-1	127	-1
127	649	740	-15	2382	3552	245	126	-1
128	790	437	8	1397	1940	149	-1	129	17	1	2	3	5	7	8	9	11	12	14	17	18	21	22	24	26	27
129	995	424	-8	1089	2171	202	128	-1
130	540	134	14	398	1852	163	-1	131	9	7	9	12	17	18	21	23	24	27
131	480	349	-14	1956	2493	110	130	-1
132	893	152	11	510	1195	206	-1	133	-1
133	836	88	-11	2875	4358	128	132	-1
134	529	146	6	104	855	157	-1	135	17	0	3	4	6	7	8	9	11	12	13	14	17	20	22	24	25	28
135	711	168	-6	2984	3803	140	134	-1
136	202	540	8	92	930	208	-1	137	14	2	5	9	11	12	13	14	15	16	20	21	22	23	26
137	173	338	-8	2051	3379	233	136	-1
138	772	99	16	539	1423	211	-1	139	-1
139	888	296	-16	199	1658	218	138	-1
140	231	223	9	2804	3990	235	-1	141	15	1	3	5	6	8	9	11	13	15	16	19	23	25	27	29
141	29	417	-9	3434	4245	187	140	-1
142	476	450	14	3567	4789	217	-1	143	9	2	6	8	9	10	16	19	25	28
143	306	649	-14	3665	4545	178	142	-1
144	764	498	6	1559	3001	214	-1	145	17	2	3	6	8	11	12	14	15	16	18	19	22	24	25	26	27	28
145	563	446	-6	2720	3360	106	144	-1
146	462	343	15	77	698	188	-1	147	-1
147	640	415	-15	1577	2577	154	146	-1
148	465	86	11	1936	2561	221	-1	149	11	5	7	9	11	12	13	16	18	19	20	26
149	553	231	-11	2995	3848	155	148	-1
150	949	167	5	132	1581	151	-1	151	11	2	3	4	8	9	10	14	18	21	25	26
151	895	360	-5	1022	1631	117	150	-1
152	673	565	9	2405	3202	113	-1	153	-1
153	662	487	-9	2400	3349	132	152	-1
154	291	103	11	896	1419	245	-1	155	-1
155	473	178	-11	3310	4113	100	154	-1
156	831	932	11	902	1811	172	-1	157	-1
157	736	773	-11	2661	3318	243	156	-1
158	278	869	13	383	1105	240	-1	159	-1
159	287	779	-13	3465	4201	171	158	-1
160	69	607	16	2074	2748	154	-1	161	-1
161	325	495	-16	2543	3752	122	160	-1
162	48	920	13	1522	2470	182	-1	163	9	0	6	9	11	19	22	23	25	28
163	270	850	-13	2981	3830	114	162	-1
164	485	843	18	3258	3886	125	-1	165	-1
165	369	885	-18	3602	4504	200	164	-1
166	571	300	12	1984	3318	142	-1	167	-1
167	471	451	-12	3310	4207	135	166	-1
168	955	326	6	796	1620	237	-1	169	14	1	2	3	11	12	17	18	20	21	22	25	26	28	29
169	769	494	-6	382	1712	231	168	-1
170	812	508	18	877	1631	115	-1	171	15	5	6	7	12	14	15	16	17	18	19	22	24	25	27	28
171	788	605	-18	3416	4262	228	170	-1
172	929	990	18	2263	2902	233	-1	173	-1
173	834	873	-18	2033	3462	249	172	-1
174	747	414	10	2460	3592	146	-1	175	10	1	5	8	13	15	17	18	23	25	28
175	875	303	-10	2640	3804	178	174	-1
176	526	612	14	1629	3060	249	-1	177	16	2	4	7	8	10	12	13	14	15	16	20	21	24	26	28	29
177	326	582	-14	2479	3746	226	176	-1
178	862	708	5	535	1977	167	-1	179	-1
179	736	631	-5	498	1625	129	178	-1
180	790	568	8	370	1777	168	-1	181	10	0	2	4	5	11	22	23	24	26	29
181	800	483	-8	3374	4229	234	180	-1
182	406	242	12	3628	4881	222	-1	183	9	1	2	4	7	10	11	18	28	29
183	359	461	-12	3676	4738	129	182	-1
184	108	442	9	2101	3313	211	-1	185	-1
185	246	428	-9	3175	4131	184	184	-1
186	518	81	10	3120	4288	146	-1	187	-1
187	307	61	-10	3626	4943	102	186	-1
188	900	304	11	2422	3355	218	-1	189	-1
189	643	308	-11	2500	3629	161	188	-1
190	786	312	19	304	1642	162	-1	191	-1
191	845	392	-19	380	1762	155	190	-1
192	570	925	6	548	1708	117	-1	193	15	2	4	8	9	10	12	13	14	15	17	18	19	21	26	28
193	400	769	-6	2694	3203	180	192	-1
194	369	783	18	9	1410	247	-1	195	-1
195	312	547	-18	3219	4211	110	194	-1
196	754	452	18	2377	3131	114	-1	197	-1
197	704	511	-18	2554	3944	121	196	-1
198	288	133	10	173	1123	174	-1	199	-1
199	465	337	-10	1448	2115	175	198	-1
0	319	450	319	450	50	0	5000
1	983	64	983	64	50	0	5000
2	26	164	26	164	50	0	5000
3	254	464	254	464	50	0	5000
4	604	725	604	725	50	0	5000
5	319	450	319	450	50	0	5000
6	983	64	983	64	50	0	5000
7	26	164	26	164	50	0	5000
8	254	464	254	464	50	0	5000
9	604	725	604	725	50	0	5000
10	319	450	319	450	50	0	5000
11	983	64	983	64	50	0	5000
12	26	164	26	164	50	0	5000
13	254	464	254	464	50	0	5000
14	604	725	604	725	50	0	5000
15	319	450	319	450	50	0	5000
16	983	64	983	64	50	0	5000
17	26	164	26	164	50	0	5000
18	254	464	254	464	50	0	5000
19	604	725	604	725	50	0	5000
20	319	450	319	450	50	0	5000
21	983	64	983	64	50	0	5000
22	26	164	26	164	50	0	5000
23	254	464	254	464	50	0	5000
24	604	725	604	725	50	0	5000
25	319	450	319	450	50	0	5000
26	983	64	983	64	50	0	5000
27	26	164	26	164	50	0	5000
28	254	464	254	464	50	0	5000
29	604	725	604	725	50	0	5000
