250	75	1	1	100000
0	37	361	5	318	915	213	-1	1	-1
1	26	119	-5	3449	4524	143	0	-1
2	79	406	15	2130	3126	183	-1	3	-1
3	72	631	-15	4191	4788	130	2	-1
4	159	75	19	1915	3339	117	-1	5	-1
5	101	141	-19	2944	3470	208	4	-1
6	16	312	8	2933	4062	107	-1	7	-1
7	165	128	-8	3046	4199	149	6	-1
8	17	193	13	1755	2643	213	-1	9	-1
9	89	163	-13	3123	3901	245	8	-1
10	928	594	6	1685	2383	245	-1	11	-1
11	919	574	-6	3654	4405	231	10	-1
12	918	600	9	858	2194	198	-1	13	-1
13	926	594	-9	2927	4405	204	12	-1
14	420	163	7	1143	2118	121	-1	15	-1
15	428	144	-7	429	1632	196	14	-1
16	45	655	18	2882	4221	150	-1	17	-1
17	65	635	-18	3937	4623	230	16	-1
18	416	165	15	3736	4977	173	-1	19	-1
19	166	54	-15	3430	4516	195	18	-1
20	948	566	12	1936	3002	101	-1	21	-1
21	877	554	-12	1864	2649	144	20	-1
22	146	90	14	383	1339	160	-1	23	-1
23	128	320	-14	1031	2526	249	22	-1
24	438	510	13	51	1225	148	-1	25	-1
25	384	528	-13	1625	2672	184	24	-1
26	869	542	16	1449	2746	239	-1	27	-1
27	939	600	-16	3401	4665	237	26	-1
28	422	164	11	657	1597	210	-1	29	-1
29	157	74	-11	3039	4281	109	28	-1
30	56	387	16	766	1342	178	-1	31	-1
31	22	345	-16	3400	4265	115	30	-1
32	10	156	15	1637	2146	245	-1	33	-1
33	155	55	-15	1879	2535	150	32	-1
34	12	155	15	1308	2016	130	-1	35	-1
35	157	74	-15	3198	4473	209	34	-1
36	367	836	11	2727	3584	136	-1	37	-1
37	478	841	-11	3338	4349	236	36	-1
38	55	339	13	1626	2197	128	-1	39	-1
39	37	350	-13	2475	3952	136	38	-1
40	320	931	7	1983	3144	216	-1	41	-1
41	354	816	-7	1661	2761	106	40	-1
42	22	367	14	2019	2759	181	-1	43	-1
43	42	316	-14	1833	2668	100	42	-1
44	923	599	13	344	1039	181	-1	45	-1
45	929	594	-13	3077	3962	202	44	-1
46	172	55	5	1039	2065	125	-1	47	-1
47	157	74	-5	3041	3706	142	46	-1
48	959	581	20	705	1958	151	-1	49	-1
49	882	564	-20	2046	3260	220	48	-1
50	38	359	17	1366	2750	104	-1	51	-1
51	91	104	-17	3012	4329	220	50	-1
52	367	836	14	146	1605	160	-1	53	-1
53	322	562	-14	2998	4412	169	52	-1
54	362	843	17	3258	3779	154	-1	55	-1
55	369	836	-17	3042	4085	184	54	-1
56	72	654	18	1054	2120	109	-1	57	-1
57	46	398	-18	3290	4427	221	56	-1
58	59	457	17	1916	2947	236	-1	59	-1
59	49	391	-17	3468	4160	143	58	-1
60	10	156	9	2557	4018	233	-1	61	-1
61	162	55	-9	3314	4529	119	60	-1
62	928	594	17	758	2200	162	-1	63	-1
63	904	593	-17	3903	4637	185	62	-1
64	156	75	14	1443	2404	222	-1	65	-1
65	418	177	-14	942	2280	145	64	-1
66	924	603	7	1303	2445	119	-1	67	-1
67	919	598	-7	2257	2821	218	66	-1
68	32	89	18	2092	2691	158	-1	69	-1
69	76	74	-18	2917	3822	163	68	-1
70	388	508	10	2309	3772	119	-1	71	-1
71	402	556	-10	2458	3447	209	70	-1
72	35	344	11	837	1617	157	-1	73	-1
73	28	118	-11	755	1377	143	72	-1
74	887	593	17	1535	2831	200	-1	75	-1
75	919	591	-17	3207	4664	114	74	-1
76	390	524	6	2628	3845	159	-1	77	-1
77	400	537	-6	2454	3769	243	76	-1
78	931	600	6	92	1590	190	-1	79	-1
79	941	664	-6	1244	2343	215	78	-1
80	62	226	14	2357	3034	180	-1	81	-1
81	10	156	-14	2753	3660	180	80	-1
82	456	123	9	2197	2936	177	-1	83	-1
83	420	162	-9	3698	4421	235	82	-1
84	959	514	16	692	1618	137	-1	85	-1
85	928	594	-16	360	1212	144	84	-1
86	154	26	10	901	1905	160	-1	87	-1
87	90	144	-10	1477	2809	132	86	-1
88	358	822	18	833	1933	113	-1	89	-1
89	345	583	-18	3361	4472	195	88	-1
90	928	594	10	1589	2872	117	-1	91	-1
91	943	612	-10	2561	3475	171	90	-1
92	62	642	9	1732	2991	112	-1	93	-1
93	31	385	-9	4163	4992	243	92	-1
94	383	516	10	1989	2932	241	-1	95	-1
95	378	729	-10	2755	3532	231	94	-1
96	68	121	9	2113	2783	229	-1	97	-1
97	63	339	-9	3183	4642	187	96	-1
98	418	190	13	3093	4377	142	-1	99	-1
99	420	162	-13	4009	4823	138	98	-1
100	138	80	8	1411	2166	172	-1	101	-1
101	26	158	-8	3824	4567	153	100	-1
102	40	331	20	616	1993	148	-1	103	-1
103	8	161	-20	571	1574	172	102	-1
104	331	845	14	727	1763	103	-1	105	-1
105	374	846	-14	2231	3616	190	104	-1
106	138	55	7	1582	2607	231	-1	107	-1
107	89	180	-7	3256	3787	172	106	-1
108	12	157	13	641	1883	183	-1	109	-1
109	157	74	-13	2839	3757	227	108	-1
110	363	787	12	1506	2154	204	-1	111	-1
111	368	835	-12	2336	3784	123	110	-1
112	124	387	16	297	874	123	-1	113	-1
113	66	648	-16	3038	3702	240	112	-1
114	151	48	10	704	1524	111	-1	115	-1
115	327	225	-10	767	2064	217	114	-1
116	16	373	15	70	1223	242	-1	117	-1
117	5	160	-15	2473	3341	185	116	-1
118	88	545	15	509	1219	129	-1	119	-1
119	5	467	-15	1003	1839	237	118	-1
120	365	835	6	137	1471	156	-1	121	-1
121	418	858	-6	1811	3301	166	120	-1
122	358	821	18	1853	2938	192	-1	123	-1
123	364	828	-18	2656	3187	172	122	-1
124	360	831	17	751	1323	152	-1	125	-1
125	367	846	-17	400	1776	239	124	-1
126	135	307	7	1535	2750	222	-1	127	-1
127	50	383	-7	2112	2981	150	126	-1
128	906	568	7	3850	4475	177	-1	129	-1
129	948	607	-7	3410	4674	129	128	-1
130	433	165	13	2895	4259	191	-1	131	-1
131	433	144	-13	3861	4504	148	130	-1
132	924	704	7	483	1540	104	-1	133	-1
133	919	585	-7	570	1601	192	132	-1
134	2	153	8	2043	2616	119	-1	135	-1
135	8	204	-8	3202	3969	169	134	-1
136	423	163	8	440	1348	235	-1	137	-1
137	157	74	-8	2165	3155	181	136	-1
138	367	836	16	2608	3927	172	-1	139	-1
139	368	829	-16	3807	4892	131	138	-1
140	141	165	8	3240	4631	227	-1	141	-1
141	412	170	-8	2759	4091	107	140	-1
142	132	30	16	506	1963	114	-1	143	-1
143	30	197	-16	2726	3666	239	142	-1
144	53	664	16	750	1470	171	-1	145	-1
145	90	681	-16	2007	2924	153	144	-1
146	35	361	14	442	1637	141	-1	147	-1
147	10	158	-14	915	2162	164	146	-1
148	152	98	20	1811	2565	147	-1	149	-1
149	109	132	-20	3445	4581	100	148	-1
150	39	363	5	268	797	150	-1	151	-1
151	66	644	-5	1428	2824	219	150	-1
152	82	203	15	1274	1939	175	-1	153	-1
153	39	359	-15	2360	3637	225	152	-1
154	928	594	8	1911	3312	231	-1	155	-1
155	921	614	-8	2159	3276	168	154	-1
156	41	253	12	1131	1969	151	-1	157	-1
157	46	221	-12	3913	4799	127	156	-1
158	397	850	9	1112	2098	206	-1	159	-1
159	369	831	-9	2374	3794	193	158	-1
160	390	531	7	1378	2226	210	-1	161	-1
161	381	544	-7	2962	4115	163	160	-1
162	21	341	20	2853	3648	119	-1	163	-1
163	36	360	-20	3848	4387	143	162	-1
164	431	206	18	1547	2214	126	-1	165	-1
165	458	55	-18	3601	4697	110	164	-1
166	34	358	17	3488	4461	248	-1	167	-1
167	38	354	-17	3691	4943	236	166	-1
168	27	142	13	1007	2176	229	-1	169	-1
169	111	143	-13	2247	3636	155	168	-1
170	27	370	12	794	2068	230	-1	171	-1
171	37	361	-12	809	2041	209	170	-1
172	157	74	10	965	2440	125	-1	173	-1
173	111	146	-10	3183	4420	197	172	-1
174	918	680	17	444	960	100	-1	175	-1
175	856	584	-17	560	1444	177	174	-1
176	424	484	8	1249	2051	225	-1	177	-1
177	391	546	-8	1343	2843	192	176	-1
178	918	600	11	123	1295	228	-1	179	-1
179	964	657	-11	3608	4626	105	178	-1
180	144	89	15	470	1357	123	-1	181	-1
181	89	149	-15	2103	3531	173	180	-1
182	420	162	6	1271	2493	189	-1	183	-1
183	449	169	-6	1832	2338	204	182	-1
184	392	887	17	329	1115	140	-1	185	-1
185	461	808	-17	111	1226	148	184	-1
186	934	596	12	2146	3406	191	-1	187	-1
187	928	594	-12	2965	3769	207	186	-1
188	113	145	18	2943	3478	209	-1	189	-1
189	10	155	-18	2363	3728	201	188	-1
190	159	74	8	49	791	176	-1	191	-1
191	2	164	-8	2774	4048	220	190	-1
192	387	518	7	126	1592	167	-1	193	-1
193	130	632	-7	3383	4620	214	192	-1
194	426	157	12	242	942	125	-1	195	-1
195	384	202	-12	2233	3426	158	194	-1
196	158	72	7	1403	2717	121	-1	197	-1
197	111	144	-7	2433	3762	131	196	-1
198	144	698	20	573	1660	159	-1	199	-1
199	77	664	-20	777	1851	215	198	-1
200	71	648	15	516	1463	167	-1	201	-1
201	70	655	-15	374	1570	247	200	-1
202	385	519	5	1211	2707	227	-1	203	-1
203	385	519	-5	2268	3487	232	202	-1
204	435	918	9	289	898	119	-1	205	-1
205	370	837	-9	1437	2058	209	204	-1
206	918	599	11	2224	3338	182	-1	207	-1
207	925	592	-11	2367	3261	167	206	-1
208	62	653	16	1366	2426	240	-1	209	-1
209	58	650	-16	3873	4787	110	208	-1
210	410	154	9	1539	2418	115	-1	211	-1
211	146	101	-9	3220	4600	228	210	-1
212	67	641	11	753	1802	111	-1	213	-1
213	18	375	-11	2549	3928	156	212	-1
214	152	709	8	357	1460	225	-1	215	-1
215	44	594	-8	1705	2731	127	214	-1
216	979	616	11	914	1523	234	-1	217	-1
217	837	568	-11	3603	4948	161	216	-1
218	116	137	18	1846	2461	129	-1	219	-1
219	131	64	-18	3235	4371	124	218	-1
220	32	357	11	946	1542	201	-1	221	-1
221	112	146	-11	3440	4535	130	220	-1
222	429	152	7	498	1008	157	-1	223	-1
223	463	255	-7	1009	2460	157	222	-1
224	385	519	9	409	1642	215	-1	225	-1
225	348	522	-9	3851	4612	127	224	-1
226	937	590	18	3733	4908	201	-1	227	-1
227	939	614	-18	3304	4432	191	226	-1
228	426	158	13	901	2369	232	-1	229	-1
229	405	166	-13	700	1681	203	228	-1
230	394	849	12	2551	3779	129	-1	231	-1
231	363	839	-12	2517	3726	145	230	-1
232	20	322	11	85	947	219	-1	233	-1
233	27	161	-11	1920	2615	177	232	-1
234	356	800	5	838	1957	212	-1	235	-1
235	372	834	-5	2458	3774	212	234	-1
236	38	363	13	2899	3971	157	-1	237	-1
237	108	130	-13	4057	4970	143	236	-1
238	373	844	12	3	524	157	-1	239	-1
239	310	741	-12	3552	4969	239	238	-1
240	919	600	6	975	1652	220	-1	241	-1
241	914	615	-6	1014	1952	237	240	-1
242	410	162	17	2976	3747	234	-1	243	-1
243	357	158	-17	3491	4864	237	242	-1
244	375	525	17	2169	3179	103	-1	245	-1
245	387	520	-17	3323	4344	144	244	-1
246	37	362	19	2999	3973	145	-1	247	-1
247	37	289	-19	2471	3444	146	246	-1
248	112	146	20	438	1801	162	-1	249	-1
249	10	156	-20	1267	2147	241	248	-1
250	957	592	10	913	1702	170	-1	251	-1
251	956	582	-10	1983	3388	158	250	-1
252	66	669	20	513	1144	139	-1	253	-1
253	86	728	-20	1312	2285	127	252	-1
254	189	660	17	1813	2336	136	-1	255	-1
255	323	781	-17	1483	2858	249	254	-1
256	390	169	11	37	618	232	-1	257	-1
257	429	152	-11	852	1843	161	256	-1
258	152	115	13	357	1818	157	-1	259	-1
259	422	145	-13	1790	2293	228	258	-1
260	428	154	6	702	1564	146	-1	261	-1
261	159	69	-6	822	1630	128	260	-1
262	918	600	17	719	1893	111	-1	263	-1
263	925	582	-17	1217	2269	135	262	-1
264	370	836	15	2141	3210	206	-1	265	-1
265	381	771	-15	3376	4418	102	264	-1
266	914	605	18	896	1445	198	-1	267	-1
267	918	600	-18	3369	4424	231	266	-1
268	371	509	9	1389	2543	110	-1	269	-1
269	385	518	-9	1724	2536	132	268	-1
270	74	630	8	3326	3839	160	-1	271	-1
271	35	368	-8	3307	3919	120	270	-1
272	139	38	15	1936	2495	147	-1	273	-1
273	92	161	-15	3580	4612	171	272	-1
274	11	156	12	1781	2732	228	-1	275	-1
275	42	379	-12	2944	4289	191	274	-1
276	425	166	15	1205	2009	229	-1	277	-1
277	420	163	-15	1605	2755	213	276	-1
278	928	593	5	569	1646	221	-1	279	-1
279	966	592	-5	78	1112	179	278	-1
280	148	54	12	819	2151	131	-1	281	-1
281	217	104	-12	3038	4306	193	280	-1
282	55	692	18	3581	4573	151	-1	283	-1
283	73	644	-18	3315	4248	125	282	-1
284	67	647	8	3870	4691	144	-1	285	-1
285	4	643	-8	3217	4380	157	284	-1
286	367	836	18	672	1890	106	-1	287	-1
287	397	810	-18	1719	3145	223	286	-1
288	11	154	15	3514	4834	240	-1	289	-1
289	47	206	-15	3160	4439	111	288	-1
290	50	174	12	2217	3692	104	-1	291	-1
291	14	151	-12	1567	2900	219	290	-1
292	19	683	18	1904	2978	160	-1	293	-1
293	72	654	-18	3703	4375	168	292	-1
294	918	597	9	1413	1969	162	-1	295	-1
295	903	565	-9	650	1960	154	294	-1
296	157	74	8	1758	2986	208	-1	297	-1
297	409	163	-8	4063	4782	228	296	-1
298	924	596	6	2589	3313	159	-1	299	-1
299	964	600	-6	2285	2903	101	298	-1
300	386	543	20	2257	3232	149	-1	301	-1
301	385	519	-20	1845	3224	191	300	-1
302	124	169	14	1609	3096	163	-1	303	-1
303	79	304	-14	2899	4325	160	302	-1
304	42	359	17	2585	4020	135	-1	305	-1
305	10	156	-17	2683	3880	237	304	-1
306	147	184	8	146	1613	101	-1	307	-1
307	90	124	-8	649	1833	162	306	-1
308	153	79	10	2053	3461	123	-1	309	-1
309	404	188	-10	4081	4703	130	308	-1
310	19	128	12	328	1454	123	-1	311	-1
311	6	163	-12	3520	4221	187	310	-1
312	368	836	12	2296	3598	216	-1	313	-1
313	341	818	-12	2359	3198	220	312	-1
314	967	539	14	3774	4903	104	-1	315	-1
315	918	600	-14	3647	4415	102	314	-1
316	45	348	10	1219	1744	154	-1	317	-1
317	60	98	-10	1591	2525	144	316	-1
318	939	534	7	2943	4217	205	-1	319	-1
319	882	570	-7	3650	4900	246	318	-1
320	99	642	6	1443	2169	146	-1	321	-1
321	56	626	-6	3720	4979	134	320	-1
322	928	594	9	297	1102	193	-1	323	-1
323	928	595	-9	3685	4211	197	322	-1
324	66	653	15	2219	3630	126	-1	325	-1
325	70	642	-15	2689	3873	103	324	-1
326	16	330	20	372	1866	174	-1	327	-1
327	111	130	-20	1864	2781	226	326	-1
328	65	636	19	3868	4566	122	-1	329	-1
329	42	363	-19	3733	4487	206	328	-1
330	40	384	17	1695	2498	162	-1	331	-1
331	67	648	-17	1608	2589	169	330	-1
332	419	162	18	33	1454	118	-1	333	-1
333	476	180	-18	300	1271	189	332	-1
334	10	156	9	487	1952	234	-1	335	-1
335	34	151	-9	2044	3152	174	334	-1
336	157	74	13	2134	3313	117	-1	337	-1
337	32	155	-13	4009	4543	134	336	-1
338	107	126	5	285	1438	111	-1	339	-1
339	116	162	-5	450	1462	148	338	-1
340	147	657	7	582	1297	102	-1	341	-1
341	383	518	-7	3603	4580	148	340	-1
342	67	648	12	1945	2737	125	-1	343	-1
343	66	648	-12	3279	4709	148	342	-1
344	368	836	15	1107	1724	165	-1	345	-1
345	366	836	-15	3206	3909	219	344	-1
346	12	734	20	1270	2206	145	-1	347	-1
347	69	639	-20	1815	2756	102	346	-1
348	17	143	15	3605	4980	210	-1	349	-1
349	149	75	-15	3403	4499	218	348	-1
350	426	929	14	1379	2876	152	-1	351	-1
351	376	849	-14	3950	4499	136	350	-1
352	368	838	16	1881	2841	239	-1	353	-1
353	439	865	-16	2299	3146	224	352	-1
354	939	626	17	1556	2115	218	-1	355	-1
355	909	622	-17	2856	3547	195	354	-1
356	112	146	14	1020	1977	139	-1	357	-1
357	156	76	-14	2697	4090	141	356	-1
358	927	594	8	2630	4027	172	-1	359	-1
359	911	602	-8	3892	4469	211	358	-1
360	924	592	8	2683	3904	150	-1	361	-1
361	908	593	-8	3078	4418	163	360	-1
362	412	483	12	2022	2753	224	-1	363	-1
363	332	244	-12	2224	2945	200	362	-1
364	367	836	7	2943	3780	163	-1	365	-1
365	372	823	-7	3368	4626	103	364	-1
366	19	156	7	1027	2149	123	-1	367	-1
367	83	136	-7	3527	4506	160	366	-1
368	38	338	18	2596	3751	186	-1	369	-1
369	112	158	-18	2064	3495	162	368	-1
370	121	151	17	142	1335	193	-1	371	-1
371	98	152	-17	242	1196	199	370	-1
372	22	374	18	2263	3460	215	-1	373	-1
373	10	156	-18	2020	3070	247	372	-1
374	465	906	19	368	1038	213	-1	375	-1
375	381	848	-19	2962	4300	195	374	-1
376	928	594	18	2990	4398	178	-1	377	-1
377	939	593	-18	2812	3517	106	376	-1
378	82	610	5	290	1736	139	-1	379	-1
379	12	345	-5	2444	3325	187	378	-1
380	26	360	13	562	1539	151	-1	381	-1
381	3	151	-13	1775	2776	133	380	-1
382	911	595	6	2755	3307	128	-1	383	-1
383	961	621	-6	1964	3293	123	382	-1
384	31	332	10	2414	3868	180	-1	385	-1
385	37	361	-10	3232	4446	247	384	-1
386	917	601	14	2747	4115	164	-1	387	-1
387	928	595	-14	4184	4941	105	386	-1
388	369	833	11	3387	4735	122	-1	389	-1
389	355	832	-11	3503	4856	172	388	-1
390	366	839	6	1771	2445	103	-1	391	-1
391	367	836	-6	1225	2634	194	390	-1
392	928	595	11	840	2063	237	-1	393	-1
393	891	629	-11	3841	4600	164	392	-1
394	400	832	7	2716	4037	115	-1	395	-1
395	341	860	-7	2678	3397	242	394	-1
396	431	130	15	779	2176	178	-1	397	-1
397	415	113	-15	1396	2763	129	396	-1
398	24	129	6	1319	2277	230	-1	399	-1
399	147	69	-6	2298	3595	222	398	-1
400	148	70	19	132	672	241	-1	401	-1
401	179	16	-19	3454	4004	139	400	-1
402	385	519	19	529	1867	195	-1	403	-1
403	400	502	-19	2329	3615	249	402	-1
404	10	156	10	1524	2927	238	-1	405	-1
405	31	360	-10	2619	3564	244	404	-1
406	3	156	14	2604	3969	133	-1	407	-1
407	23	140	-14	3274	4135	209	406	-1
408	912	588	19	3670	4693	153	-1	409	-1
409	946	582	-19	3483	4354	232	408	-1
410	368	836	16	1120	1945	142	-1	411	-1
411	367	835	-16	1325	2086	196	410	-1
412	961	505	9	3491	4154	173	-1	413	-1
413	928	594	-9	3389	4767	173	412	-1
414	67	648	13	3257	4076	248	-1	415	-1
415	71	659	-13	4232	4785	132	414	-1
416	118	318	6	2139	3570	148	-1	417	-1
417	13	159	-6	2661	4001	226	416	-1
418	369	837	6	2581	3294	191	-1	419	-1
419	479	849	-6	4179	4906	138	418	-1
420	916	602	14	919	2164	132	-1	421	-1
421	928	594	-14	1500	2717	237	420	-1
422	925	586	12	1393	2455	104	-1	423	-1
423	918	600	-12	1059	1760	191	422	-1
424	42	572	10	213	1215	222	-1	425	-1
425	70	653	-10	2909	4404	204	424	-1
426	1	169	7	1314	1905	139	-1	427	-1
427	35	369	-7	2037	2905	195	426	-1
428	298	480	11	2593	3330	110	-1	429	-1
429	385	519	-11	2536	3904	185	428	-1
430	385	519	6	1825	2707	179	-1	431	-1
431	385	519	-6	1789	3154	219	430	-1
432	159	78	15	1379	2803	223	-1	433	-1
433	160	77	-15	4134	4644	151	432	-1
434	950	595	8	286	1626	140	-1	435	-1
435	926	595	-8	956	1501	210	434	-1
436	921	608	17	187	1066	112	-1	437	-1
437	928	594	-17	383	1217	153	436	-1
438	117	141	15	711	1906	128	-1	439	-1
439	138	172	-15	2027	3516	204	438	-1
440	416	162	18	435	937	176	-1	441	-1
441	158	74	-18	2267	3226	217	440	-1
442	921	593	11	432	1132	152	-1	443	-1
443	886	637	-11	1512	2202	124	442	-1
444	367	836	10	100	1169	234	-1	445	-1
445	347	841	-10	1523	2027	216	444	-1
446	142	59	6	1186	2214	161	-1	447	-1
447	165	80	-6	3205	4339	216	446	-1
448	113	146	12	2520	3027	126	-1	449	-1
449	51	79	-12	2825	4088	239	448	-1
450	84	172	17	727	1997	144	-1	451	-1
451	15	375	-17	842	2257	162	450	-1
452	918	600	13	793	1463	155	-1	453	-1
453	918	600	-13	1533	2324	153	452	-1
454	928	594	12	495	1608	172	-1	455	-1
455	936	597	-12	2832	3866	228	454	-1
456	28	203	9	931	1879	216	-1	457	-1
457	154	72	-9	1610	2479	162	456	-1
458	68	646	13	1155	1738	103	-1	459	-1
459	60	634	-13	1942	2931	178	458	-1
460	367	836	7	3073	3886	172	-1	461	-1
461	332	830	-7	2042	3481	103	460	-1
462	9	158	13	2408	3123	241	-1	463	-1
463	3	300	-13	2122	3552	195	462	-1
464	936	581	10	1207	2610	199	-1	465	-1
465	887	685	-10	1820	2525	120	464	-1
466	360	822	11	3658	4964	166	-1	467	-1
467	363	863	-11	3763	4906	177	466	-1
468	374	829	11	2454	3129	155	-1	469	-1
469	365	844	-11	2577	3797	207	468	-1
470	918	599	8	409	1433	140	-1	471	-1
471	891	543	-8	770	1318	226	470	-1
472	918	600	10	3744	4697	121	-1	473	-1
473	919	581	-10	3227	4352	117	472	-1
474	914	598	14	728	1962	114	-1	475	-1
475	972	640	-14	3077	3668	230	474	-1
476	363	841	11	1834	2539	193	-1	477	-1
477	362	853	-11	1353	2600	149	476	-1
478	889	554	13	788	1491	186	-1	479	-1
479	928	593	-13	3505	4961	117	478	-1
480	960	599	10	2660	3390	116	-1	481	-1
481	931	591	-10	2826	3888	192	480	-1
482	363	820	6	673	1905	141	-1	483	-1
483	364	836	-6	3181	3896	153	482	-1
484	162	80	6	233	1600	136	-1	485	-1
485	417	187	-6	3057	4022	240	484	-1
486	986	655	8	84	1211	162	-1	487	-1
487	918	600	-8	455	1503	173	486	-1
488	928	605	11	2458	3347	112	-1	489	-1
489	901	611	-11	3746	4752	120	488	-1
490	67	649	10	1385	2006	172	-1	491	-1
491	62	633	-10	2745	4210	146	490	-1
492	917	603	11	231	1508	117	-1	493	-1
493	917	598	-11	3392	4781	212	492	-1
494	914	596	14	2183	3202	112	-1	495	-1
495	929	594	-14	3457	4517	195	494	-1
496	32	373	9	400	1818	225	-1	497	-1
497	9	160	-9	3444	4538	129	496	-1
498	423	855	10	2894	3847	147	-1	499	-1
499	367	836	-10	3565	4383	117	498	-1
0	909	956	739	735	50	0	5000
1	168	322	205	10	50	0	5000
2	947	158	695	144	50	0	5000
3	93	796	277	478	50	0	5000
4	246	777	121	910	50	0	5000
5	691	729	929	879	50	0	5000
6	385	951	435	659	50	0	5000
7	319	388	432	509	50	0	5000
8	340	33	269	38	50	0	5000
9	794	708	694	296	50	0	5000
10	827	719	977	824	50	0	5000
11	294	369	275	368	50	0	5000
12	438	534	320	867	50	0	5000
13	332	359	285	669	50	0	5000
14	658	190	737	211	50	0	5000
15	617	427	402	323	50	0	5000
16	481	894	256	579	50	0	5000
17	566	508	484	782	50	0	5000
18	523	324	519	295	50	0	5000
19	181	58	556	7	50	0	5000
20	153	760	162	1000	50	0	5000
21	654	235	710	168	50	0	5000
22	352	851	282	535	50	0	5000
23	192	898	60	910	50	0	5000
24	70	119	286	254	50	0	5000
25	859	925	813	707	50	0	5000
26	270	798	391	550	50	0	5000
27	635	377	318	534	50	0	5000
28	418	60	477	43	50	0	5000
29	652	252	502	318	50	0	5000
30	756	770	557	728	50	0	5000
31	437	169	688	511	50	0	5000
32	318	701	130	541	50	0	5000
33	9	632	71	847	50	0	5000
34	871	669	698	610	50	0	5000
35	502	257	206	301	50	0	5000
36	772	329	879	733	50	0	5000
37	533	913	395	896	50	0	5000
38	91	782	249	674	50	0	5000
39	552	499	699	856	50	0	5000
40	800	554	559	876	50	0	5000
41	149	188	368	249	50	0	5000
42	174	782	370	505	50	0	5000
43	452	230	707	553	50	0	5000
44	834	273	977	404	50	0	5000
45	437	634	409	730	50	0	5000
46	252	306	607	400	50	0	5000
47	104	775	423	502	50	0	5000
48	749	790	840	567	50	0	5000
49	91	973	85	807	50	0	5000
50	848	100	726	43	50	0	5000
51	743	511	750	627	50	0	5000
52	873	882	574	779	50	0	5000
53	717	693	743	939	50	0	5000
54	693	236	496	82	50	0	5000
55	986	397	820	599	50	0	5000
56	88	676	116	323	50	0	5000
57	917	553	925	166	50	0	5000
58	102	96	26	511	50	0	5000
59	480	286	793	111	50	0	5000
60	311	761	599	933	50	0	5000
61	623	49	839	129	50	0	5000
62	877	507	880	433	50	0	5000
63	905	131	617	148	50	0	5000
64	71	608	449	754	50	0	5000
65	561	498	587	167	50	0	5000
66	761	99	469	96	50	0	5000
67	582	892	391	856	50	0	5000
68	559	681	699	486	50	0	5000
69	185	751	432	826	50	0	5000
70	340	911	451	515	50	0	5000
71	272	227	165	208	50	0	5000
72	903	481	958	174	50	0	5000
73	510	257	372	238	50	0	5000
74	813	183	922	168	50	0	5000
