100	30	1	1	100000
0	479	460	16	3536	4585	117	-1	1	-1
1	600	548	-16	3507	4670	194	0	-1
2	17	282	11	2469	3560	106	-1	3	9	2	6	9	11	14	16	17	18	25
3	61	176	-11	3104	4100	135	2	-1
4	407	229	19	3393	4254	141	-1	5	-1
5	444	399	-19	3467	4211	119	4	-1
6	251	268	18	3034	4322	156	-1	7	-1
7	334	228	-18	2993	4124	207	6	-1
8	773	16	9	2192	2920	207	-1	9	12	4	5	6	7	10	12	13	14	15	21	22	29
9	919	147	-9	2720	3635	194	8	-1
10	756	82	9	976	1744	171	-1	11	17	0	1	4	6	11	12	14	15	17	19	20	22	23	24	25	26	28
11	775	20	-9	1209	2087	237	10	-1
12	965	209	11	3000	3873	174	-1	13	-1
13	771	17	-11	3546	4803	148	12	-1
14	110	65	15	246	1201	171	-1	15	10	0	1	6	7	8	12	13	14	20	25
15	271	199	-15	445	1815	170	14	-1
16	222	944	12	1689	3037	176	-1	17	14	1	3	6	9	11	13	18	19	20	21	23	25	26	28
17	241	871	-12	3322	4213	237	16	-1
18	1000	240	18	1418	2894	225	-1	19	11	1	8	10	12	13	14	18	20	21	24	26
19	941	45	-18	3726	4290	102	18	-1
20	998	315	6	2223	3342	225	-1	21	11	0	1	7	11	14	15	18	21	22	26	28
21	965	209	-6	2561	3609	221	20	-1
22	949	220	13	1965	2610	219	-1	23	15	2	5	7	9	10	11	12	13	15	18	19	20	22	24	25
23	757	38	-13	2301	3772	197	22	-1
24	790	936	6	97	1257	213	-1	25	-1
25	911	731	-6	2746	3549	200	24	-1
26	989	325	10	1079	2055	113	-1	27	14	4	5	7	9	12	13	15	17	18	21	22	25	27	29
27	936	512	-10	661	1751	201	26	-1
28	374	700	19	329	925	122	-1	29	17	1	3	6	7	8	10	11	14	18	19	20	21	23	25	26	28	29
29	194	787	-19	2254	3046	193	28	-1
30	779	906	8	1940	2841	205	-1	31	-1
31	808	954	-8	3459	4930	208	30	-1
32	773	17	14	1798	2871	172	-1	33	-1
33	773	17	-14	3485	4316	120	32	-1
34	760	904	15	2250	3719	118	-1	35	-1
35	910	938	-15	2718	3770	135	34	-1
36	942	486	13	251	792	102	-1	37	-1
37	912	711	-13	969	2337	233	36	-1
38	493	115	15	2097	3556	207	-1	39	17	1	4	5	8	9	11	13	17	19	20	22	23	24	25	26	27	29
39	277	178	-15	3215	4601	166	38	-1
40	45	228	14	2494	3709	226	-1	41	-1
41	116	10	-14	3726	4343	168	40	-1
42	927	240	20	2228	2879	245	-1	43	-1
43	982	198	-20	3155	4196	130	42	-1
44	715	436	16	2408	2980	219	-1	45	14	0	2	3	4	5	8	10	13	17	20	22	24	25	28
45	790	238	-16	2460	3611	216	44	-1
46	966	158	11	309	1530	237	-1	47	12	1	4	9	11	16	17	19	23	24	25	26	29
47	997	190	-11	1462	2700	248	46	-1
48	999	376	5	2601	3140	120	-1	49	-1
49	956	453	-5	3670	4613	247	48	-1
50	89	860	12	3069	4470	227	-1	51	-1
51	166	870	-12	3827	4490	234	50	-1
52	323	996	13	216	939	211	-1	53	-1
53	169	861	-13	3824	4483	204	52	-1
54	942	487	17	297	1552	139	-1	55	16	1	3	4	9	11	14	15	16	17	18	19	20	24	25	27	28
55	814	493	-17	3749	4315	244	54	-1
56	68	825	19	740	1266	180	-1	57	-1
57	91	824	-19	1999	3493	238	56	-1
58	761	60	9	275	1704	218	-1	59	-1
59	951	201	-9	1531	2556	142	58	-1
60	412	266	16	3252	4207	202	-1	61	11	1	3	4	6	9	11	18	21	22	24	28
61	309	407	-16	3641	4919	201	60	-1
62	953	176	15	2135	2639	249	-1	63	17	1	4	5	6	7	8	11	13	17	18	20	22	23	25	26	27	28
63	980	326	-15	2716	3307	142	62	-1
64	741	180	9	2487	3389	216	-1	65	10	8	10	18	19	22	23	24	25	26	28
65	969	220	-9	3728	4684	161	64	-1
66	433	314	20	2670	3320	180	-1	67	-1
67	299	233	-20	2295	3495	200	66	-1
68	987	327	20	24	1045	152	-1	69	-1
69	946	275	-20	2275	3130	157	68	-1
70	348	899	11	1073	2360	211	-1	71	-1
71	168	892	-11	3658	4230	235	70	-1
72	762	780	8	1444	2607	193	-1	73	-1
73	665	920	-8	2663	3233	110	72	-1
74	967	206	6	1880	2521	183	-1	75	-1
75	759	282	-6	3323	3844	173	74	-1
76	68	883	19	222	1516	236	-1	77	17	2	5	6	7	8	9	13	16	18	19	20	21	22	24	27	28	29
77	118	778	-19	2813	3342	247	76	-1
78	954	503	18	351	1209	107	-1	79	15	2	3	4	6	9	11	12	14	18	20	21	22	24	25	27
79	811	638	-18	4116	4632	105	78	-1
80	786	41	8	1675	2880	132	-1	81	14	0	1	2	4	5	6	7	12	15	16	19	22	24	27
81	913	126	-8	3586	4745	170	80	-1
82	169	851	11	2096	2983	230	-1	83	11	3	5	6	10	11	13	14	15	19	28	29
83	67	868	-11	2250	3486	102	82	-1
84	367	126	8	729	1575	122	-1	85	-1
85	291	266	-8	4253	4887	210	84	-1
86	938	281	7	1117	1867	151	-1	87	17	0	3	4	5	7	11	12	14	16	17	18	19	20	22	23	24	27
87	966	204	-7	521	1757	113	86	-1
88	167	883	10	1410	2414	145	-1	89	13	1	3	4	6	9	11	14	18	19	22	24	25	26
89	73	959	-10	1225	1908	225	88	-1
90	956	504	18	1234	2726	201	-1	91	-1
91	965	478	-18	1537	2907	242	90	-1
92	321	228	14	703	1659	106	-1	93	10	2	4	5	6	9	10	11	12	21	25
93	384	224	-14	254	1429	133	92	-1
94	794	578	10	2433	3385	207	-1	95	15	1	5	7	8	11	13	14	16	18	19	21	23	24	25	27
95	615	397	-10	3281	4622	236	94	-1
96	65	422	6	117	642	159	-1	97	15	0	1	3	4	5	6	8	10	11	12	15	19	20	26	27
97	48	608	-6	3037	4145	218	96	-1
98	827	553	8	3099	4418	132	-1	99	17	0	2	3	4	8	9	11	12	14	16	17	20	23	25	26	28	29
99	674	711	-8	4168	4848	186	98	-1
100	142	522	12	2520	3117	173	-1	101	-1
101	377	575	-12	2986	4415	115	100	-1
102	941	487	15	580	1235	112	-1	103	14	2	3	5	6	7	12	13	14	18	22	23	25	27	28
103	910	463	-15	3835	4476	188	102	-1
104	717	858	8	292	958	208	-1	105	-1
105	755	925	-8	2132	2984	138	104	-1
106	198	585	12	2341	2944	134	-1	107	11	1	3	4	6	7	9	14	17	24	25	27
107	131	753	-12	3887	4528	119	106	-1
108	161	856	8	134	1295	150	-1	109	12	1	5	7	8	10	12	14	19	22	25	26	29
109	198	935	-8	1838	2371	199	108	-1
110	739	18	12	1231	2516	201	-1	111	-1
111	929	126	-12	3815	4581	182	110	-1
112	789	518	8	2055	2725	178	-1	113	9	0	1	4	5	9	12	20	23	26
113	943	486	-8	3054	4414	151	112	-1
114	693	76	7	1137	1988	150	-1	115	14	0	5	6	7	10	11	12	14	16	17	23	25	27	28
115	909	12	-7	3680	4644	158	114	-1
116	69	340	6	1671	2715	221	-1	117	17	0	3	4	7	9	10	11	12	13	14	15	17	19	22	24	27	28
117	93	373	-6	2701	4029	204	116	-1
118	167	953	9	1471	2831	152	-1	119	12	4	7	11	12	17	19	20	21	24	26	27	28
119	129	805	-9	1611	2781	237	118	-1
120	514	417	16	2414	3147	213	-1	121	14	2	6	8	9	11	12	15	16	21	24	26	27	28	29
121	502	151	-16	3736	4462	194	120	-1
122	978	281	8	425	1210	213	-1	123	-1
123	870	22	-8	946	2110	123	122	-1
124	369	220	6	712	1842	136	-1	125	16	2	3	4	6	8	9	15	16	17	18	20	21	22	23	25	26
125	331	243	-6	599	1436	125	124	-1
126	681	898	10	1180	2488	221	-1	127	17	0	1	3	5	8	10	13	14	16	19	20	21	22	23	25	26	28
127	939	960	-10	1841	3260	131	126	-1
128	947	483	6	3212	4429	201	-1	129	9	2	7	9	10	12	21	23	25	26
129	872	501	-6	3388	4690	166	128	-1
130	957	185	8	1915	3160	148	-1	131	12	0	6	7	13	14	15	16	18	19	21	25	28
131	929	228	-8	3454	4703	213	130	-1
132	192	220	17	3065	4085	221	-1	133	11	2	3	9	10	17	19	21	23	26	28	29
133	290	115	-17	2778	3771	244	132	-1
134	69	871	9	1977	3042	112	-1	135	-1
135	176	845	-9	1907	2472	168	134	-1
136	379	752	6	134	814	108	-1	137	10	1	2	5	9	10	11	13	18	21	22
137	169	862	-6	4053	4889	188	136	-1
138	771	30	14	1241	1999	111	-1	139	-1
139	765	18	-14	3473	4560	190	138	-1
140	49	873	17	3612	4612	130	-1	141	-1
141	203	890	-17	3703	4697	229	140	-1
142	271	307	19	963	2111	230	-1	143	9	2	3	7	10	18	19	21	23	24
143	380	274	-19	1622	2126	157	142	-1
144	139	383	10	3031	4147	193	-1	145	10	5	8	9	10	18	20	21	24	25	28
145	300	239	-10	3454	4815	150	144	-1
146	982	336	11	432	1590	196	-1	147	9	1	11	12	17	20	22	25	27	28
147	944	485	-11	3220	4702	208	146	-1
148	315	591	20	1279	2095	244	-1	149	-1
149	455	786	-20	4155	4686	140	148	-1
150	290	236	14	1121	2515	174	-1	151	-1
151	300	241	-14	1956	2811	119	150	-1
152	293	234	13	1581	2260	220	-1	153	12	3	4	6	9	13	14	15	16	17	18	28	29
153	122	206	-13	2953	4385	177	152	-1
154	943	485	8	3367	4294	114	-1	155	-1
155	893	260	-8	3321	4730	118	154	-1
156	762	24	8	1581	2209	171	-1	157	-1
157	943	13	-8	3681	4811	164	156	-1
158	126	926	19	1399	2078	105	-1	159	13	5	9	10	11	12	15	16	19	20	21	24	25	28
159	171	865	-19	2577	4017	205	158	-1
160	294	251	19	3004	4452	241	-1	161	-1
161	25	311	-19	2585	3858	249	160	-1
162	727	1	9	218	1558	214	-1	163	-1
163	771	16	-9	3531	4899	116	162	-1
164	847	506	7	444	1862	246	-1	165	-1
165	990	407	-7	3645	4960	236	164	-1
166	726	812	5	372	1106	119	-1	167	10	3	5	9	13	15	16	18	22	27	28
167	854	647	-5	3998	4954	179	166	-1
168	986	83	12	265	1179	187	-1	169	-1
169	998	297	-12	1142	2601	172	168	-1
170	300	239	13	324	1794	231	-1	171	-1
171	297	232	-13	1717	2336	222	170	-1
172	628	880	16	186	1126	198	-1	173	-1
173	727	885	-16	359	1190	231	172	-1
174	58	959	18	2298	2865	125	-1	175	-1
175	211	905	-18	3213	4648	166	174	-1
176	969	477	9	833	1980	125	-1	177	-1
177	948	484	-9	913	2089	124	176	-1
178	313	171	6	2628	3247	169	-1	179	17	2	6	8	11	14	16	18	19	21	22	23	24	25	26	27	28	29
179	303	234	-6	2648	3358	155	178	-1
180	318	662	8	1396	2287	170	-1	181	11	8	10	13	16	17	19	20	22	23	25	27
181	123	754	-8	3638	4263	229	180	-1
182	116	63	16	3762	4769	139	-1	183	-1
183	309	254	-16	3461	4872	160	182	-1
184	384	416	6	2710	4200	141	-1	185	-1
185	300	240	-6	2766	3295	111	184	-1
186	301	227	16	1715	2282	111	-1	187	-1
187	161	85	-16	2934	4303	117	186	-1
188	300	251	12	115	728	241	-1	189	-1
189	558	348	-12	2763	4189	245	188	-1
190	771	16	17	2096	3008	209	-1	191	-1
191	867	205	-17	3167	4361	143	190	-1
192	357	950	20	1016	1883	134	-1	193	15	1	2	4	5	6	8	13	19	20	24	25	26	27	28	29
193	171	863	-20	2518	3656	199	192	-1
194	948	173	6	283	947	163	-1	195	-1
195	952	175	-6	3071	3798	123	194	-1
196	469	825	10	2545	3893	205	-1	197	15	1	2	3	9	11	12	15	16	19	20	21	23	24	25	27
197	681	960	-10	3611	4272	140	196	-1
198	68	872	6	2496	3209	217	-1	199	-1
199	146	888	-6	1883	3169	210	198	-1
0	658	605	331	566	50	0	5000
1	661	503	733	614	50	0	5000
2	746	587	719	908	50	0	5000
3	671	961	819	924	50	0	5000
4	846	141	747	261	50	0	5000
5	551	112	732	22	50	0	5000
6	710	649	670	811	50	0	5000
7	985	321	890	218	50	0	5000
8	44	141	148	553	50	0	5000
9	12	711	382	723	50	0	5000
10	563	662	262	438	50	0	5000
11	270	735	528	681	50	0	5000
12	288	548	95	393	50	0	5000
13	876	287	736	678	50	0	5000
14	584	252	925	318	50	0	5000
15	341	258	577	175	50	0	5000
16	579	567	321	681	50	0	5000
17	252	389	234	424	50	0	5000
18	824	480	850	253	50	0	5000
19	425	204	430	628	50	0	5000
20	813	3	481	133	50	0	5000
21	484	415	730	101	50	0	5000
22	363	279	404	317	50	0	5000
23	66	549	292	674	50	0	5000
24	840	185	895	260	50	0	5000
25	265	65	171	261	50	0	5000
26	474	241	699	116	50	0	5000
27	292	213	285	257	50	0	5000
28	740	205	664	575	50	0	5000
29	285	615	163	808	50	0	5000
