500	150	1	1	100000
0	356	708	6	2935	4005	249	-1	1	-1
1	359	907	-6	3951	4871	204	0	-1
2	395	683	8	95	864	192	-1	3	-1
3	606	821	-8	2338	3778	147	2	-1
4	627	317	12	879	1578	131	-1	5	-1
5	444	517	-12	3222	3811	243	4	-1
6	51	602	7	680	1551	207	-1	7	-1
7	106	349	-7	3736	4607	112	6	-1
8	216	17	11	1558	2069	180	-1	9	-1
9	153	264	-11	1671	2171	171	8	-1
10	356	28	6	703	1859	181	-1	11	-1
11	449	135	-6	1013	1820	197	10	-1
12	594	67	19	3740	4724	154	-1	13	-1
13	507	88	-19	4255	4761	129	12	-1
14	472	733	6	415	1672	162	-1	15	-1
15	700	755	-6	1109	2131	133	14	-1
16	933	404	16	601	1665	209	-1	17	-1
17	957	281	-16	297	1276	172	16	-1
18	858	828	6	3673	4786	134	-1	19	-1
19	737	836	-6	3582	4728	227	18	-1
20	765	760	15	1693	2417	200	-1	21	-1
21	841	525	-15	1293	2565	233	20	-1
22	773	142	9	1612	2914	206	-1	23	-1
23	684	362	-9	2050	3418	125	22	-1
24	375	460	16	645	2079	102	-1	25	-1
25	366	306	-16	2726	3437	198	24	-1
26	173	446	16	2822	4319	126	-1	27	-1
27	196	621	-16	4070	4912	197	26	-1
28	209	995	15	2194	3218	148	-1	29	-1
29	71	991	-15	2370	3014	217	28	-1
30	982	457	14	3084	4318	226	-1	31	-1
31	979	617	-14	3070	3929	126	30	-1
32	20	855	20	1122	2164	135	-1	33	-1
33	33	577	-20	3317	4263	114	32	-1
34	399	625	11	913	1926	180	-1	35	-1
35	212	675	-11	3466	4597	198	34	-1
36	711	86	6	1930	2766	237	-1	37	-1
37	982	31	-6	1651	3075	121	36	-1
38	414	543	16	905	2350	208	-1	39	-1
39	524	531	-16	2561	4054	202	38	-1
40	932	126	5	2696	3611	188	-1	41	-1
41	756	140	-5	3527	4637	221	40	-1
42	296	735	9	1307	1991	102	-1	43	-1
43	533	832	-9	3285	4639	239	42	-1
44	770	156	14	2147	2674	229	-1	45	-1
45	749	123	-14	3482	4694	224	44	-1
46	538	571	7	2157	3418	174	-1	47	-1
47	592	768	-7	2910	3897	107	46	-1
48	172	384	19	1356	2548	238	-1	49	-1
49	180	635	-19	3119	4322	134	48	-1
50	562	722	13	362	1573	200	-1	51	-1
51	713	937	-13	3355	4635	165	50	-1
52	562	515	12	2341	3751	228	-1	53	-1
53	678	648	-12	3320	3943	211	52	-1
54	197	343	8	2247	3660	158	-1	55	-1
55	131	214	-8	3227	3942	159	54	-1
56	101	718	10	117	879	156	-1	57	-1
57	167	493	-10	77	1077	149	56	-1
58	160	843	6	1013	2429	199	-1	59	-1
59	43	599	-6	446	1804	226	58	-1
60	172	840	6	909	1754	203	-1	61	-1
61	355	942	-6	1519	2452	115	60	-1
62	678	109	14	1657	2980	206	-1	63	-1
63	662	60	-14	3573	4126	181	62	-1
64	28	456	11	1395	2093	140	-1	65	-1
65	40	332	-11	1762	3182	107	64	-1
66	526	193	10	45	662	132	-1	67	-1
67	503	240	-10	545	2021	144	66	-1
68	503	988	19	548	1689	140	-1	69	-1
69	669	959	-19	2273	2826	126	68	-1
70	397	891	15	2601	3836	244	-1	71	-1
71	330	696	-15	4000	4819	142	70	-1
72	480	110	6	120	1520	207	-1	73	-1
73	658	3	-6	1448	1996	206	72	-1
74	329	264	20	8	936	146	-1	75	-1
75	530	218	-20	473	1283	207	74	-1
76	636	914	8	1904	2622	181	-1	77	-1
77	455	734	-8	2031	2877	247	76	-1
78	668	495	18	1260	1976	174	-1	79	-1
79	467	345	-18	1411	2821	105	78	-1
80	236	61	11	270	1134	123	-1	81	-1
81	201	230	-11	887	1910	192	80	-1
82	455	74	16	196	814	136	-1	83	-1
83	450	112	-16	1913	2615	144	82	-1
84	634	272	5	778	1303	204	-1	85	-1
85	754	167	-5	38	1286	140	84	-1
86	530	375	12	790	2138	216	-1	87	-1
87	586	535	-12	3076	4279	138	86	-1
88	346	764	13	2253	3489	248	-1	89	-1
89	422	648	-13	4324	4868	182	88	-1
90	109	76	12	884	1667	120	-1	91	-1
91	127	339	-12	1467	2280	218	90	-1
92	216	148	9	249	958	169	-1	93	-1
93	417	131	-9	2301	3697	104	92	-1
94	870	512	7	623	1834	166	-1	95	-1
95	769	577	-7	825	2253	227	94	-1
96	667	435	6	2965	4016	165	-1	97	-1
97	659	691	-6	3826	4832	105	96	-1
98	252	760	12	1925	2751	202	-1	99	-1
99	137	869	-12	3309	3978	230	98	-1
100	931	382	12	1917	2599	205	-1	101	-1
101	843	451	-12	2082	2663	242	100	-1
102	505	148	7	1022	2428	124	-1	103	-1
103	336	206	-7	3524	4908	119	102	-1
104	337	998	14	1964	3458	185	-1	105	-1
105	413	904	-14	1514	2559	110	104	-1
106	623	408	5	227	1156	181	-1	107	-1
107	720	545	-5	2289	3739	216	106	-1
108	681	476	13	3558	4668	218	-1	109	-1
109	859	696	-13	3529	4348	176	108	-1
110	118	603	17	262	780	207	-1	111	-1
111	156	785	-17	2505	3427	149	110	-1
112	252	803	6	1727	2537	152	-1	113	-1
113	323	740	-6	1097	2461	111	112	-1
114	604	632	13	65	764	247	-1	115	-1
115	574	678	-13	1976	3168	137	114	-1
116	474	777	6	849	1801	183	-1	117	-1
117	619	633	-6	2965	4422	190	116	-1
118	668	507	8	377	925	246	-1	119	-1
119	812	383	-8	4219	4985	212	118	-1
120	168	409	7	1377	2199	100	-1	121	-1
121	140	492	-7	1678	3109	101	120	-1
122	778	91	13	1532	2835	105	-1	123	-1
123	938	186	-13	2152	2805	101	122	-1
124	338	138	17	802	1630	189	-1	125	-1
125	186	231	-17	3131	4603	172	124	-1
126	543	700	15	1032	2052	161	-1	127	-1
127	629	914	-15	1008	2267	101	126	-1
128	955	596	19	685	1575	134	-1	129	-1
129	834	738	-19	1614	3099	197	128	-1
130	400	162	16	1954	2678	236	-1	131	-1
131	403	59	-16	4198	4709	226	130	-1
132	171	568	9	867	1508	139	-1	133	-1
133	410	671	-9	1891	2714	121	132	-1
134	15	359	9	1703	3032	207	-1	135	-1
135	192	447	-9	2421	3653	249	134	-1
136	989	970	13	1131	2469	129	-1	137	-1
137	791	932	-13	1898	2905	234	136	-1
138	810	307	9	1281	2620	204	-1	139	-1
139	992	101	-9	2976	4258	224	138	-1
140	745	43	15	3498	4124	126	-1	141	-1
141	583	116	-15	4222	4925	129	140	-1
142	551	900	6	261	964	169	-1	143	-1
143	470	888	-6	938	2406	154	142	-1
144	914	610	13	2013	3061	200	-1	145	-1
145	847	639	-13	1276	2541	189	144	-1
146	8	471	6	1830	2486	198	-1	147	-1
147	48	670	-6	1447	2556	100	146	-1
148	770	389	6	2803	3978	155	-1	149	-1
149	519	449	-6	4047	4957	164	148	-1
150	419	592	16	794	2179	241	-1	151	-1
151	611	714	-16	493	1656	205	150	-1
152	758	288	10	859	2152	115	-1	153	-1
153	654	488	-10	635	1943	127	152	-1
154	931	53	6	3009	3837	139	-1	155	-1
155	799	94	-6	2553	4001	120	154	-1
156	124	845	15	2337	3034	150	-1	157	-1
157	261	667	-15	2171	3023	148	156	-1
158	583	873	14	1363	2354	165	-1	159	-1
159	640	893	-14	2915	3455	247	158	-1
160	682	195	11	1143	1893	203	-1	161	-1
161	553	68	-11	3563	4702	146	160	-1
162	706	960	5	114	1206	215	-1	163	-1
163	599	898	-5	2146	3207	128	162	-1
164	78	964	9	849	2212	242	-1	165	-1
165	60	810	-9	2417	3302	152	164	-1
166	326	869	12	1020	2505	231	-1	167	-1
167	128	726	-12	2702	3469	168	166	-1
168	123	283	11	1260	2139	194	-1	169	-1
169	85	343	-11	1890	2642	239	168	-1
170	285	735	19	181	768	104	-1	171	-1
171	241	498	-19	2413	3724	120	170	-1
172	366	588	15	468	1711	213	-1	173	-1
173	124	518	-15	2989	4203	172	172	-1
174	844	76	17	2661	3329	197	-1	175	-1
175	647	109	-17	2864	4333	135	174	-1
176	322	69	9	3148	4329	227	-1	177	-1
177	374	269	-9	3755	4311	108	176	-1
178	478	612	5	253	1061	127	-1	179	-1
179	269	598	-5	1958	3317	197	178	-1
180	747	754	14	942	2253	108	-1	181	-1
181	498	660	-14	1856	3311	226	180	-1
182	842	458	17	729	1512	127	-1	183	-1
183	907	261	-17	3337	4802	148	182	-1
184	819	919	7	551	1485	136	-1	185	-1
185	670	696	-7	237	1612	146	184	-1
186	574	977	8	1836	2956	130	-1	187	-1
187	378	946	-8	3253	4351	249	186	-1
188	170	442	13	243	1310	168	-1	189	-1
189	187	313	-13	2226	3659	106	188	-1
190	185	427	11	349	1529	103	-1	191	-1
191	11	214	-11	3147	4031	154	190	-1
192	237	662	11	460	1516	243	-1	193	-1
193	55	508	-11	1312	2256	152	192	-1
194	132	306	10	2224	3719	131	-1	195	-1
195	47	51	-10	3108	4492	224	194	-1
196	77	17	10	2018	2522	169	-1	197	-1
197	4	209	-10	2377	2892	239	196	-1
198	601	740	8	518	1132	147	-1	199	-1
199	798	725	-8	2506	3093	152	198	-1
200	179	682	18	1568	2930	232	-1	201	-1
201	113	502	-18	3556	4252	124	200	-1
202	517	499	13	2202	2938	143	-1	203	-1
203	344	561	-13	2211	2802	141	202	-1
204	460	464	9	650	2134	196	-1	205	-1
205	645	597	-9	3384	4819	214	204	-1
206	686	644	11	3101	3631	213	-1	207	-1
207	744	907	-11	4161	4693	172	206	-1
208	874	350	14	2444	3135	142	-1	209	-1
209	619	401	-14	3028	3986	177	208	-1
210	763	478	6	2264	3049	100	-1	211	-1
211	501	443	-6	4243	4960	146	210	-1
212	496	778	16	1692	2702	144	-1	213	-1
213	611	690	-16	2708	3879	199	212	-1
214	945	629	8	2284	3133	191	-1	215	-1
215	874	468	-8	3675	4664	192	214	-1
216	226	900	13	1110	2365	180	-1	217	-1
217	164	893	-13	3319	4294	142	216	-1
218	262	776	19	828	1822	209	-1	219	-1
219	158	745	-19	3410	4133	192	218	-1
220	452	763	5	358	1183	194	-1	221	-1
221	380	605	-5	2899	4045	245	220	-1
222	247	815	7	30	1448	224	-1	223	-1
223	366	894	-7	2306	3440	125	222	-1
224	53	724	18	588	1818	109	-1	225	-1
225	130	879	-18	1359	2587	228	224	-1
226	998	769	13	1112	1618	219	-1	227	-1
227	770	854	-13	2207	3245	186	226	-1
228	663	727	8	1969	3334	248	-1	229	-1
229	634	735	-8	2507	3725	131	228	-1
230	58	414	15	1905	2475	173	-1	231	-1
231	1	406	-15	2704	4081	216	230	-1
232	583	94	10	3502	4457	137	-1	233	-1
233	770	151	-10	3373	4831	155	232	-1
234	467	541	12	1946	2447	124	-1	235	-1
235	457	401	-12	2646	3146	139	234	-1
236	923	609	16	264	1137	154	-1	237	-1
237	765	825	-16	2233	2982	158	236	-1
238	1	781	13	1658	2230	169	-1	239	-1
239	244	817	-13	3816	4652	138	238	-1
240	619	419	20	2619	3999	210	-1	241	-1
241	746	431	-20	2917	4091	160	240	-1
242	899	246	18	2063	3160	231	-1	243	-1
243	885	65	-18	2594	3964	167	242	-1
244	101	579	12	1397	2490	110	-1	245	-1
245	97	602	-12	1268	2585	157	244	-1
246	745	247	11	461	1583	121	-1	247	-1
247	505	324	-11	1123	2101	232	246	-1
248	356	283	15	3213	4121	144	-1	249	-1
249	164	97	-15	4098	4625	122	248	-1
250	491	750	16	1594	2789	105	-1	251	-1
251	391	654	-16	1077	2460	106	250	-1
252	95	951	15	222	1472	204	-1	253	-1
253	7	793	-15	2845	3980	186	252	-1
254	749	891	10	569	1963	150	-1	255	-1
255	928	809	-10	3581	4489	219	254	-1
256	802	862	9	385	1732	111	-1	257	-1
257	886	760	-9	1064	2263	172	256	-1
258	83	728	17	1288	2207	217	-1	259	-1
259	79	463	-17	3682	4657	133	258	-1
260	353	648	6	1375	2280	119	-1	261	-1
261	256	537	-6	4026	4646	183	260	-1
262	292	562	17	306	1326	132	-1	263	-1
263	513	728	-17	3033	4428	237	262	-1
264	220	388	17	1406	2388	217	-1	265	-1
265	233	185	-17	2618	3826	106	264	-1
266	671	227	6	211	1661	100	-1	267	-1
267	758	496	-6	897	2195	136	266	-1
268	755	353	15	686	1567	203	-1	269	-1
269	618	415	-15	3435	3944	227	268	-1
270	472	842	6	761	2160	134	-1	271	-1
271	414	700	-6	3290	3862	195	270	-1
272	29	460	16	2024	2744	219	-1	273	-1
273	115	512	-16	3023	4414	194	272	-1
274	420	644	8	2623	3126	141	-1	275	-1
275	258	718	-8	3133	4596	229	274	-1
276	247	72	9	102	1411	173	-1	277	-1
277	316	187	-9	3502	4892	180	276	-1
278	88	278	15	22	1430	244	-1	279	-1
279	92	372	-15	2393	3430	173	278	-1
280	991	88	8	223	1137	156	-1	281	-1
281	788	120	-8	1633	2150	133	280	-1
282	389	866	13	2539	3919	144	-1	283	-1
283	490	977	-13	2744	3510	243	282	-1
284	969	36	19	1175	2238	162	-1	285	-1
285	714	45	-19	906	2361	223	284	-1
286	472	855	9	3501	4694	117	-1	287	-1
287	674	810	-9	2652	4055	195	286	-1
288	445	671	11	2484	3708	129	-1	289	-1
289	347	853	-11	2814	4045	153	288	-1
290	207	454	9	936	2139	166	-1	291	-1
291	434	544	-9	2299	3546	110	290	-1
292	194	509	6	810	1556	103	-1	293	-1
293	370	325	-6	975	1846	117	292	-1
294	935	821	7	3358	4777	228	-1	295	-1
295	998	800	-7	3469	4366	225	294	-1
296	809	187	11	151	1103	183	-1	297	-1
297	984	379	-11	749	1481	167	296	-1
298	650	462	11	761	1960	131	-1	299	-1
299	845	291	-11	2916	4374	137	298	-1
300	881	342	6	1627	2680	187	-1	301	-1
301	836	436	-6	3947	4469	234	300	-1
302	381	362	11	2271	3497	149	-1	303	-1
303	393	590	-11	3126	4606	151	302	-1
304	702	635	16	949	1842	175	-1	305	-1
305	715	565	-16	3263	3766	247	304	-1
306	443	957	17	2220	3160	110	-1	307	-1
307	353	837	-17	3123	3640	175	306	-1
308	426	167	10	2	503	203	-1	309	-1
309	225	113	-10	3017	3979	243	308	-1
310	834	746	18	657	1862	101	-1	311	-1
311	930	849	-18	922	1731	207	310	-1
312	852	508	15	178	1253	166	-1	313	-1
313	929	482	-15	1760	2518	222	312	-1
314	191	767	14	114	1096	128	-1	315	-1
315	62	734	-14	2914	4376	106	314	-1
316	445	991	17	186	1648	125	-1	317	-1
317	170	986	-17	3984	4955	155	316	-1
318	574	64	17	363	1255	237	-1	319	-1
319	676	199	-17	2915	3552	195	318	-1
320	821	938	6	837	1942	244	-1	321	-1
321	821	969	-6	1857	2927	231	320	-1
322	208	60	18	670	1617	189	-1	323	-1
323	405	26	-18	736	1567	148	322	-1
324	311	282	20	1396	2706	217	-1	325	-1
325	508	122	-20	3120	4155	116	324	-1
326	200	493	18	410	1809	148	-1	327	-1
327	243	511	-18	2802	3549	151	326	-1
328	242	560	18	1827	2448	138	-1	329	-1
329	426	708	-18	1615	2664	168	328	-1
330	895	442	18	81	1291	194	-1	331	-1
331	936	366	-18	1708	3035	103	330	-1
332	813	346	6	1301	2308	168	-1	333	-1
333	627	246	-6	1623	2945	137	332	-1
334	607	970	6	899	1456	205	-1	335	-1
335	400	958	-6	1929	3333	142	334	-1
336	887	316	14	1520	2463	233	-1	337	-1
337	730	484	-14	2180	2822	239	336	-1
338	120	650	12	1975	2828	211	-1	339	-1
339	297	480	-12	4171	4836	190	338	-1
340	54	674	12	60	984	105	-1	341	-1
341	4	668	-12	360	1596	237	340	-1
342	696	318	18	962	2039	246	-1	343	-1
343	513	284	-18	499	1945	158	342	-1
344	808	381	14	1119	2271	194	-1	345	-1
345	761	203	-14	1739	2698	160	344	-1
346	617	410	15	2446	3246	150	-1	347	-1
347	791	427	-15	2287	3433	157	346	-1
348	124	74	12	1754	3129	220	-1	349	-1
349	270	234	-12	1426	2496	169	348	-1
350	82	575	17	140	1249	222	-1	351	-1
351	319	606	-17	2390	3221	204	350	-1
352	387	522	8	1879	2940	209	-1	353	-1
353	633	629	-8	1924	2866	147	352	-1
354	770	99	10	1567	2641	146	-1	355	-1
355	742	111	-10	1246	2145	153	354	-1
356	564	870	18	409	1115	171	-1	357	-1
357	575	838	-18	3638	4972	167	356	-1
358	981	391	9	1068	2371	117	-1	359	-1
359	988	340	-9	418	1840	125	358	-1
360	381	483	14	2152	3415	210	-1	361	-1
361	139	475	-14	2395	3327	232	360	-1
362	18	8	15	1322	2429	249	-1	363	-1
363	128	105	-15	1269	2586	208	362	-1
364	507	574	5	3050	4187	161	-1	365	-1
365	450	471	-5	3385	4763	231	364	-1
366	322	754	10	1449	2619	197	-1	367	-1
367	576	769	-10	2705	3365	124	366	-1
368	143	742	8	765	2052	234	-1	369	-1
369	248	533	-8	309	1736	110	368	-1
370	19	263	8	3831	4523	225	-1	371	-1
371	199	436	-8	3159	4486	130	370	-1
372	84	111	15	95	1047	216	-1	373	-1
373	124	75	-15	2144	2997	222	372	-1
374	495	436	14	610	1311	203	-1	375	-1
375	671	575	-14	4172	4936	136	374	-1
376	796	415	14	1824	3122	244	-1	377	-1
377	744	674	-14	1923	3142	127	376	-1
378	570	304	7	2191	2990	194	-1	379	-1
379	757	407	-7	4180	4702	244	378	-1
380	526	644	11	831	1865	201	-1	381	-1
381	361	498	-11	2045	3460	153	380	-1
382	519	568	9	1530	2608	158	-1	383	-1
383	729	583	-9	3332	4130	213	382	-1
384	783	715	16	456	1653	204	-1	385	-1
385	558	816	-16	3558	4226	144	384	-1
386	728	972	9	2378	3463	216	-1	387	-1
387	693	811	-9	3624	4598	217	386	-1
388	330	561	11	623	1269	213	-1	389	-1
389	229	642	-11	1013	1750	128	388	-1
390	256	121	10	3554	4681	230	-1	391	-1
391	134	17	-10	3974	4688	185	390	-1
392	60	508	20	2482	3238	148	-1	393	-1
393	168	751	-20	1940	3327	164	392	-1
394	690	376	6	2982	4372	203	-1	395	-1
395	870	416	-6	2818	4281	110	394	-1
396	615	481	19	1245	2611	246	-1	397	-1
397	786	510	-19	2456	3301	164	396	-1
398	955	766	7	215	1071	136	-1	399	-1
399	879	906	-7	4206	4974	245	398	-1
400	499	65	6	291	1728	162	-1	401	-1
401	471	301	-6	2054	3323	115	400	-1
402	77	525	19	175	864	243	-1	403	-1
403	59	651	-19	3231	4086	190	402	-1
404	354	68	16	2116	3128	171	-1	405	-1
405	185	122	-16	3511	4100	218	404	-1
406	594	477	7	815	1945	126	-1	407	-1
407	548	732	-7	2452	3921	113	406	-1
408	686	77	12	3284	4753	184	-1	409	-1
409	489	37	-12	3938	4643	176	408	-1
410	433	229	14	741	1935	166	-1	411	-1
411	363	431	-14	2006	2764	139	410	-1
412	304	528	20	1894	2528	175	-1	413	-1
413	301	363	-20	2712	3434	158	412	-1
414	611	116	16	531	1933	111	-1	415	-1
415	536	4	-16	3207	4168	117	414	-1
416	836	237	16	744	1726	137	-1	417	-1
417	641	436	-16	2366	3598	221	416	-1
418	737	716	10	1100	2154	220	-1	419	-1
419	567	653	-10	3990	4895	231	418	-1
420	91	939	8	3268	4617	172	-1	421	-1
421	66	907	-8	2814	4116	149	420	-1
422	923	409	6	1032	1906	182	-1	423	-1
423	660	376	-6	2401	3117	210	422	-1
424	661	840	10	887	1946	153	-1	425	-1
425	695	976	-10	2293	3618	217	424	-1
426	470	554	9	2060	3169	248	-1	427	-1
427	417	422	-9	2847	3936	220	426	-1
428	357	313	18	1320	2620	160	-1	429	-1
429	352	91	-18	1527	2644	169	428	-1
430	746	606	9	526	1547	169	-1	431	-1
431	773	466	-9	963	1650	219	430	-1
432	220	849	11	960	2221	182	-1	433	-1
433	358	850	-11	2992	4185	148	432	-1
434	216	886	13	43	1261	190	-1	435	-1
435	102	960	-13	1657	2834	196	434	-1
436	509	5	17	1975	2804	234	-1	437	-1
437	295	52	-17	1967	3362	233	436	-1
438	529	263	18	1292	1804	133	-1	439	-1
439	692	420	-18	1526	2702	224	438	-1
440	111	883	16	3162	4295	114	-1	441	-1
441	82	737	-16	2859	3859	158	440	-1
442	250	524	12	1601	2482	135	-1	443	-1
443	416	602	-12	1158	2146	202	442	-1
444	227	689	11	822	1926	129	-1	445	-1
445	36	763	-11	3416	4087	179	444	-1
446	712	410	12	2364	3780	207	-1	447	-1
447	881	621	-12	2813	3965	105	446	-1
448	868	412	16	1021	2328	241	-1	449	-1
449	644	429	-16	1304	2602	113	448	-1
450	116	100	12	337	1579	202	-1	451	-1
451	84	114	-12	659	1964	120	450	-1
452	251	587	12	707	1870	113	-1	453	-1
453	230	746	-12	2511	3692	197	452	-1
454	362	376	18	1586	2389	128	-1	455	-1
455	442	343	-18	2976	4039	231	454	-1
456	42	352	9	204	883	144	-1	457	-1
457	30	432	-9	745	1563	191	456	-1
458	549	213	14	495	1943	144	-1	459	-1
459	644	191	-14	1108	2207	190	458	-1
460	16	732	19	855	1901	106	-1	461	-1
461	118	935	-19	2282	3274	159	460	-1
462	142	972	13	36	1108	134	-1	463	-1
463	105	894	-13	1289	1909	246	462	-1
464	636	95	6	578	1599	145	-1	465	-1
465	527	75	-6	2329	3091	167	464	-1
466	770	669	13	2798	3401	235	-1	467	-1
467	623	857	-13	3155	4333	228	466	-1
468	73	474	19	1778	3122	231	-1	469	-1
469	197	453	-19	2201	3491	229	468	-1
470	399	771	17	712	1604	108	-1	471	-1
471	397	542	-17	3820	4791	229	470	-1
472	334	177	16	2822	3849	134	-1	473	-1
473	305	86	-16	2784	4141	157	472	-1
474	209	61	16	1273	2043	207	-1	475	-1
475	4	3	-16	3273	4300	228	474	-1
476	9	295	17	354	1106	236	-1	477	-1
477	84	464	-17	1036	1588	170	476	-1
478	343	763	8	1482	1992	192	-1	479	-1
479	96	891	-8	2606	3700	133	478	-1
480	309	806	20	4103	4716	194	-1	481	-1
481	509	740	-20	3434	4760	108	480	-1
482	893	888	15	146	701	143	-1	483	-1
483	646	754	-15	1671	2663	180	482	-1
484	54	464	10	1616	3013	115	-1	485	-1
485	177	215	-10	1291	2376	204	484	-1
486	920	107	6	2735	3546	212	-1	487	-1
487	881	4	-6	3327	3828	216	486	-1
488	715	839	12	2169	2815	160	-1	489	-1
489	671	988	-12	3702	4962	186	488	-1
490	995	173	14	879	1677	216	-1	491	-1
491	952	77	-14	625	1872	101	490	-1
492	318	478	5	373	1201	115	-1	493	-1
493	329	660	-5	3810	4445	240	492	-1
494	811	42	14	535	1069	167	-1	495	-1
495	629	203	-14	670	1911	128	494	-1
496	684	500	16	322	1714	168	-1	497	-1
497	714	501	-16	797	1403	106	496	-1
498	494	788	10	1560	2335	202	-1	499	-1
499	544	788	-10	2535	3553	213	498	-1
500	170	353	14	202	752	173	-1	501	-1
501	227	511	-14	993	2019	172	500	-1
502	255	228	7	1537	2550	123	-1	503	-1
503	459	151	-7	983	2174	224	502	-1
504	53	429	18	498	1749	130	-1	505	-1
505	131	344	-18	1121	2016	202	504	-1
506	249	924	7	4004	4900	239	-1	507	-1
507	324	779	-7	3607	4819	183	506	-1
508	883	569	8	871	1934	126	-1	509	-1
509	840	654	-8	1950	3161	210	508	-1
510	772	444	17	895	1656	201	-1	511	-1
511	829	389	-17	3471	4054	159	510	-1
512	963	170	5	860	1807	154	-1	513	-1
513	701	198	-5	747	1410	117	512	-1
514	130	618	8	3102	4378	202	-1	515	-1
515	381	651	-8	2927	4347	123	514	-1
516	310	275	13	1252	2147	123	-1	517	-1
517	247	303	-13	3543	4430	245	516	-1
518	521	858	12	1209	2458	126	-1	519	-1
519	429	712	-12	2311	3353	176	518	-1
520	933	938	18	299	988	167	-1	521	-1
521	771	723	-18	1529	2366	197	520	-1
522	162	427	19	3773	4989	192	-1	523	-1
523	165	519	-19	3613	4784	111	522	-1
524	46	297	9	389	1203	108	-1	525	-1
525	282	226	-9	973	2267	115	524	-1
526	887	979	19	3106	4463	177	-1	527	-1
527	686	917	-19	3785	4993	182	526	-1
528	401	169	7	1157	2496	155	-1	529	-1
529	203	119	-7	2423	3785	110	528	-1
530	184	475	13	1700	3182	151	-1	531	-1
531	168	592	-13	3694	4339	234	530	-1
532	689	407	9	969	1952	136	-1	533	-1
533	858	184	-9	2204	3424	243	532	-1
534	331	248	20	981	1852	228	-1	535	-1
535	188	374	-20	2238	3563	104	534	-1
536	123	310	10	1321	2139	202	-1	537	-1
537	171	353	-10	2618	3981	103	536	-1
538	984	796	16	2346	2967	236	-1	539	-1
539	775	810	-16	3138	3864	225	538	-1
540	839	109	5	496	1983	119	-1	541	-1
541	816	358	-5	3345	4205	208	540	-1
542	356	270	8	367	1625	127	-1	543	-1
543	235	235	-8	3941	4853	204	542	-1
544	684	931	15	635	2074	204	-1	545	-1
545	826	976	-15	2199	2789	107	544	-1
546	710	631	18	1606	2345	189	-1	547	-1
547	857	416	-18	2577	3995	174	546	-1
548	168	43	19	1828	2648	162	-1	549	-1
549	169	308	-19	3581	4256	138	548	-1
550	996	730	18	2713	3843	155	-1	551	-1
551	966	546	-18	3052	3803	201	550	-1
552	351	328	20	2453	3267	204	-1	553	-1
553	392	430	-20	2839	3819	195	552	-1
554	364	161	20	417	1012	149	-1	555	-1
555	446	115	-20	1827	3309	154	554	-1
556	420	664	11	2407	3800	182	-1	557	-1
557	646	763	-11	2973	4027	148	556	-1
558	176	140	13	443	1045	126	-1	559	-1
559	193	313	-13	2906	3969	177	558	-1
560	362	848	17	2360	3039	236	-1	561	-1
561	354	575	-17	2008	3503	122	560	-1
562	932	992	8	1806	2360	135	-1	563	-1
563	825	964	-8	1680	2730	249	562	-1
564	252	564	17	2414	3263	211	-1	565	-1
565	401	451	-17	2837	3506	121	564	-1
566	723	496	6	2823	4166	209	-1	567	-1
567	579	402	-6	3317	4703	194	566	-1
568	684	307	11	3114	4008	225	-1	569	-1
569	656	490	-11	3250	3977	119	568	-1
570	537	560	16	2144	3128	156	-1	571	-1
571	533	596	-16	3681	4735	248	570	-1
572	548	671	10	1263	2435	208	-1	573	-1
573	496	521	-10	1248	2217	176	572	-1
574	324	390	11	2255	2939	220	-1	575	-1
575	361	184	-11	3089	3982	217	574	-1
576	683	257	15	758	1727	158	-1	577	-1
577	902	153	-15	2139	3499	189	576	-1
578	955	781	12	3650	4757	130	-1	579	-1
579	876	511	-12	3571	4690	119	578	-1
580	970	584	19	1800	3251	249	-1	581	-1
581	801	766	-19	3758	4317	175	580	-1
582	29	48	7	271	1731	184	-1	583	-1
583	74	108	-7	2145	3547	201	582	-1
584	839	755	17	296	1532	242	-1	585	-1
585	670	726	-17	322	1817	231	584	-1
586	130	770	19	680	1436	212	-1	587	-1
587	112	663	-19	3271	4001	229	586	-1
588	470	892	7	745	1928	127	-1	589	-1
589	303	684	-7	1382	1895	173	588	-1
590	730	819	20	399	1777	227	-1	591	-1
591	985	883	-20	3480	4809	240	590	-1
592	471	416	19	1850	2756	105	-1	593	-1
593	237	328	-19	2050	3041	226	592	-1
594	905	598	15	3584	4609	229	-1	595	-1
595	711	480	-15	3427	4387	131	594	-1
596	721	902	10	720	2159	204	-1	597	-1
597	670	988	-10	2113	2818	143	596	-1
598	670	24	20	806	2301	246	-1	599	-1
599	868	19	-20	3328	4593	165	598	-1
600	463	905	6	2412	3267	248	-1	601	-1
601	298	786	-6	2132	3341	243	600	-1
602	554	774	20	1934	2581	166	-1	603	-1
603	448	671	-20	4291	4965	246	602	-1
604	587	61	17	1420	2806	201	-1	605	-1
605	469	241	-17	2402	3031	148	604	-1
606	185	445	18	3133	3756	189	-1	607	-1
607	19	256	-18	3534	4098	180	606	-1
608	391	56	17	2763	3624	220	-1	609	-1
609	293	241	-17	2580	3824	195	608	-1
610	326	158	13	334	1825	225	-1	611	-1
611	129	75	-13	1853	2495	249	610	-1
612	795	650	6	52	740	121	-1	613	-1
613	604	656	-6	2589	3964	132	612	-1
614	270	65	18	2108	3584	195	-1	615	-1
615	233	248	-18	3555	4244	111	614	-1
616	991	753	12	1722	2810	231	-1	617	-1
617	944	697	-12	3832	4622	171	616	-1
618	896	460	15	1	581	194	-1	619	-1
619	826	525	-15	3283	4087	178	618	-1
620	362	370	8	429	1189	187	-1	621	-1
621	563	359	-8	1622	2810	112	620	-1
622	336	630	19	1338	2450	150	-1	623	-1
623	416	504	-19	3693	4494	160	622	-1
624	549	200	19	1608	2178	175	-1	625	-1
625	334	70	-19	2688	3194	240	624	-1
626	703	115	10	799	2105	113	-1	627	-1
627	788	80	-10	2522	3092	171	626	-1
628	671	408	14	150	1385	168	-1	629	-1
629	721	510	-14	2794	3893	116	628	-1
630	433	840	7	3822	4642	221	-1	631	-1
631	570	742	-7	4205	4721	115	630	-1
632	887	317	8	1752	2751	222	-1	633	-1
633	945	522	-8	3850	4515	238	632	-1
634	56	556	17	2	1185	249	-1	635	-1
635	158	626	-17	1843	2863	173	634	-1
636	747	974	12	1014	2427	134	-1	637	-1
637	720	854	-12	2696	3914	181	636	-1
638	909	879	12	3949	4811	106	-1	639	-1
639	834	842	-12	3558	4668	188	638	-1
640	111	428	10	522	1630	119	-1	641	-1
641	303	419	-10	3586	4751	154	640	-1
642	122	346	8	316	1650	215	-1	643	-1
643	117	369	-8	3101	4431	123	642	-1
644	551	122	8	2183	3393	216	-1	645	-1
645	639	153	-8	2265	3408	173	644	-1
646	133	645	12	3152	4478	103	-1	647	-1
647	190	429	-12	3211	4635	218	646	-1
648	819	189	12	152	1472	223	-1	649	-1
649	916	224	-12	1447	2035	215	648	-1
650	84	560	12	445	1907	160	-1	651	-1
651	41	582	-12	1312	2448	220	650	-1
652	997	995	11	1617	2403	131	-1	653	-1
653	935	826	-11	4232	4752	247	652	-1
654	727	692	14	158	1652	118	-1	655	-1
655	659	518	-14	2293	3404	241	654	-1
656	679	653	13	586	1698	115	-1	657	-1
657	434	588	-13	340	1618	226	656	-1
658	598	162	8	88	1406	238	-1	659	-1
659	585	417	-8	4029	4589	221	658	-1
660	335	914	7	982	2124	223	-1	661	-1
661	382	951	-7	2787	4137	167	660	-1
662	630	312	17	594	1810	238	-1	663	-1
663	539	155	-17	1473	2550	112	662	-1
664	182	597	17	638	1234	209	-1	665	-1
665	225	428	-17	3425	3926	134	664	-1
666	556	526	7	3903	4807	102	-1	667	-1
667	563	465	-7	3175	4235	141	666	-1
668	538	851	14	2243	3497	227	-1	669	-1
669	579	738	-14	3634	4148	108	668	-1
670	710	378	6	2551	3984	225	-1	671	-1
671	574	405	-6	3286	4724	103	670	-1
672	702	999	11	334	1347	124	-1	673	-1
673	842	849	-11	3821	4457	211	672	-1
674	389	813	8	627	2057	108	-1	675	-1
675	353	613	-8	902	1663	152	674	-1
676	497	543	19	3071	3938	247	-1	677	-1
677	679	448	-19	2700	3834	168	676	-1
678	495	129	5	1091	2586	120	-1	679	-1
679	547	261	-5	1666	2278	166	678	-1
680	866	320	17	161	1369	123	-1	681	-1
681	961	349	-17	2048	2649	228	680	-1
682	535	359	7	574	2018	107	-1	683	-1
683	320	318	-7	1997	2653	114	682	-1
684	85	105	8	54	1548	114	-1	685	-1
685	354	76	-8	23	1255	236	684	-1
686	229	900	11	143	1384	226	-1	687	-1
687	125	781	-11	3707	4429	241	686	-1
688	381	181	14	3351	4384	172	-1	689	-1
689	176	7	-14	3064	4180	110	688	-1
690	28	344	11	1673	2269	103	-1	691	-1
691	111	343	-11	1423	2612	174	690	-1
692	248	127	6	1167	1854	195	-1	693	-1
693	114	75	-6	3571	4266	181	692	-1
694	301	705	8	2796	3423	178	-1	695	-1
695	407	854	-8	2739	3600	199	694	-1
696	304	840	16	2921	4276	194	-1	697	-1
697	54	888	-16	2736	4179	172	696	-1
698	659	993	19	231	1064	183	-1	699	-1
699	642	780	-19	2796	3793	165	698	-1
700	124	729	8	240	975	219	-1	701	-1
701	331	766	-8	412	1859	172	700	-1
702	963	285	6	1687	2304	173	-1	703	-1
703	939	106	-6	3812	4709	182	702	-1
704	885	283	9	1290	2623	214	-1	705	-1
705	955	337	-9	2808	4218	186	704	-1
706	871	226	20	2326	2966	243	-1	707	-1
707	685	119	-20	3815	4660	132	706	-1
708	880	103	6	3529	4424	220	-1	709	-1
709	799	19	-6	3029	4437	115	708	-1
710	783	454	13	1156	2241	121	-1	711	-1
711	593	550	-13	2976	3816	235	710	-1
712	342	540	8	1731	3129	248	-1	713	-1
713	412	765	-8	1689	2713	185	712	-1
714	897	932	16	1426	2601	216	-1	715	-1
715	742	817	-16	4034	4647	238	714	-1
716	418	649	18	162	1258	215	-1	717	-1
717	183	513	-18	804	2164	182	716	-1
718	467	682	19	2488	3748	170	-1	719	-1
719	263	820	-19	3582	4677	245	718	-1
720	729	182	5	3253	3878	207	-1	721	-1
721	517	76	-5	3472	4960	184	720	-1
722	414	72	17	1358	2422	119	-1	723	-1
723	634	206	-17	512	1976	198	722	-1
724	80	740	18	4174	4841	134	-1	725	-1
725	143	575	-18	3605	4739	121	724	-1
726	297	825	8	1869	2549	221	-1	727	-1
727	126	847	-8	1705	3163	154	726	-1
728	797	10	7	584	1592	105	-1	729	-1
729	957	14	-7	2251	3070	131	728	-1
730	965	514	9	2131	3181	115	-1	731	-1
731	801	483	-9	4176	4948	138	730	-1
732	353	769	13	3825	4975	146	-1	733	-1
733	256	673	-13	4019	4823	107	732	-1
734	155	425	19	2597	3798	138	-1	735	-1
735	230	422	-19	2355	3819	133	734	-1
736	769	891	15	22	955	245	-1	737	-1
737	854	893	-15	393	1060	138	736	-1
738	267	48	14	1555	2657	159	-1	739	-1
739	54	7	-14	3043	3722	161	738	-1
740	250	118	16	2490	3120	204	-1	741	-1
741	124	250	-16	2212	3558	226	740	-1
742	609	779	12	1662	2844	145	-1	743	-1
743	676	993	-12	3989	4968	134	742	-1
744	436	214	7	2663	3809	231	-1	745	-1
745	371	221	-7	2179	3091	121	744	-1
746	495	849	11	688	1648	127	-1	747	-1
747	558	578	-11	3562	4878	191	746	-1
748	103	54	10	628	1511	190	-1	749	-1
749	32	141	-10	1782	2798	123	748	-1
750	495	414	15	1587	2628	171	-1	751	-1
751	270	481	-15	1259	2456	220	750	-1
752	333	990	12	1138	2132	237	-1	753	-1
753	220	915	-12	3094	3952	230	752	-1
754	60	781	7	1974	2641	162	-1	755	-1
755	255	943	-7	2252	2943	138	754	-1
756	761	761	19	127	914	190	-1	757	-1
757	663	612	-19	2967	4124	200	756	-1
758	47	576	7	279	1649	192	-1	759	-1
759	31	589	-7	3022	4220	226	758	-1
760	61	724	17	340	1340	192	-1	761	-1
761	125	814	-17	2810	3485	192	760	-1
762	656	113	19	1541	2081	104	-1	763	-1
763	514	30	-19	2974	3535	185	762	-1
764	149	138	9	1593	2974	159	-1	765	-1
765	299	98	-9	3887	4436	207	764	-1
766	867	411	11	2337	3281	230	-1	767	-1
767	855	208	-11	2846	3974	225	766	-1
768	894	749	17	655	1595	151	-1	769	-1
769	787	612	-17	2084	3388	249	768	-1
770	350	218	14	3042	4201	212	-1	771	-1
771	250	368	-14	3168	4487	238	770	-1
772	458	81	18	13	1072	185	-1	773	-1
773	237	221	-18	1440	2447	199	772	-1
774	176	485	8	116	1396	133	-1	775	-1
775	155	278	-8	2447	3172	202	774	-1
776	303	833	12	533	1804	190	-1	777	-1
777	550	766	-12	3005	3564	161	776	-1
778	848	150	20	1018	1602	167	-1	779	-1
779	732	56	-20	1266	2176	205	778	-1
780	822	290	6	141	1547	140	-1	781	-1
781	619	108	-6	279	1306	129	780	-1
782	635	451	15	562	1747	230	-1	783	-1
783	840	436	-15	2866	3902	111	782	-1
784	136	415	16	1698	2604	126	-1	785	-1
785	147	306	-16	1907	3093	165	784	-1
786	565	621	8	2221	3307	167	-1	787	-1
787	691	850	-8	2853	3485	107	786	-1
788	702	626	5	271	1581	145	-1	789	-1
789	792	825	-5	1802	2421	140	788	-1
790	483	450	18	1100	2469	240	-1	791	-1
791	383	552	-18	1804	2721	110	790	-1
792	296	795	5	623	1136	214	-1	793	-1
793	202	781	-5	2540	4036	161	792	-1
794	449	989	10	3735	4415	172	-1	795	-1
795	328	971	-10	3403	4466	163	794	-1
796	2	63	15	979	1885	187	-1	797	-1
797	110	301	-15	1223	2029	111	796	-1
798	102	570	7	295	1092	125	-1	799	-1
799	79	379	-7	731	1687	182	798	-1
800	27	770	10	1791	2480	153	-1	801	-1
801	65	654	-10	1886	2458	108	800	-1
802	506	407	15	911	2184	243	-1	803	-1
803	441	465	-15	3203	4677	215	802	-1
804	498	108	18	2679	3413	166	-1	805	-1
805	229	127	-18	3063	3820	203	804	-1
806	142	359	19	2002	3403	196	-1	807	-1
807	201	225	-19	1345	2801	183	806	-1
808	610	747	13	2453	3317	134	-1	809	-1
809	592	905	-13	2048	3480	219	808	-1
810	144	241	10	24	1159	139	-1	811	-1
811	211	141	-10	745	1859	152	810	-1
812	986	225	16	1454	2832	187	-1	813	-1
813	981	505	-16	2304	3718	120	812	-1
814	5	4	10	1206	2364	100	-1	815	-1
815	129	15	-10	1201	2093	208	814	-1
816	780	44	17	1146	2528	171	-1	817	-1
817	943	168	-17	2738	3949	123	816	-1
818	626	824	11	674	1323	213	-1	819	-1
819	441	743	-11	1472	2590	135	818	-1
820	565	734	5	556	1392	155	-1	821	-1
821	607	968	-5	1460	2333	183	820	-1
822	533	681	17	3365	4505	225	-1	823	-1
823	750	588	-17	3757	4406	129	822	-1
824	409	290	10	1803	2678	124	-1	825	-1
825	505	554	-10	2289	3256	128	824	-1
826	852	386	12	2500	3923	131	-1	827	-1
827	706	362	-12	2358	3721	113	826	-1
828	504	882	14	755	2179	158	-1	829	-1
829	618	950	-14	1681	2552	230	828	-1
830	162	959	15	972	1692	154	-1	831	-1
831	230	725	-15	2926	3474	105	830	-1
832	214	205	19	2673	3552	178	-1	833	-1
833	65	89	-19	3018	4096	190	832	-1
834	294	580	19	1297	2438	106	-1	835	-1
835	129	597	-19	3945	4801	209	834	-1
836	611	549	17	1584	2511	149	-1	837	-1
837	814	458	-17	2370	3388	152	836	-1
838	893	217	12	82	1422	174	-1	839	-1
839	944	467	-12	2849	3867	188	838	-1
840	611	71	8	480	1210	214	-1	841	-1
841	341	22	-8	225	1239	141	840	-1
842	43	846	18	1852	3004	177	-1	843	-1
843	252	954	-18	1608	3004	183	842	-1
844	188	101	19	2069	2765	171	-1	845	-1
845	83	70	-19	2179	3381	188	844	-1
846	429	808	13	4026	4594	152	-1	847	-1
847	355	875	-13	4287	4978	222	846	-1
848	830	793	6	534	1895	204	-1	849	-1
849	880	734	-6	1195	1858	168	848	-1
850	272	300	14	3239	4594	117	-1	851	-1
851	326	359	-14	3668	4662	139	850	-1
852	545	661	18	1558	2586	235	-1	853	-1
853	481	900	-18	3162	4411	158	852	-1
854	430	874	19	1492	2575	183	-1	855	-1
855	550	868	-19	2986	3776	121	854	-1
856	467	632	7	479	1751	155	-1	857	-1
857	584	825	-7	2469	3939	201	856	-1
858	213	694	16	1983	2792	130	-1	859	-1
859	334	801	-16	1872	2494	100	858	-1
860	443	324	9	2624	3299	115	-1	861	-1
861	220	491	-9	4298	4947	107	860	-1
862	995	561	18	3097	4081	112	-1	863	-1
863	972	758	-18	2389	3847	192	862	-1
864	987	727	10	2215	2967	108	-1	865	-1
865	726	642	-10	2161	3268	224	864	-1
866	256	26	20	487	1062	242	-1	867	-1
867	98	185	-20	843	1938	239	866	-1
868	24	176	16	1344	1916	208	-1	869	-1
869	109	258	-16	3736	4441	202	868	-1
870	464	191	7	498	1584	249	-1	871	-1
871	721	184	-7	2609	3268	176	870	-1
872	267	77	7	1479	2264	163	-1	873	-1
873	312	310	-7	1384	2634	111	872	-1
874	506	528	16	1252	1759	218	-1	875	-1
875	666	576	-16	1014	2183	176	874	-1
876	845	632	9	3213	4121	223	-1	877	-1
877	740	638	-9	3395	4513	112	876	-1
878	500	396	8	1000	1594	233	-1	879	-1
879	235	490	-8	1376	2711	188	878	-1
880	381	523	18	3147	3892	133	-1	881	-1
881	472	617	-18	3624	4184	132	880	-1
882	621	730	6	319	958	214	-1	883	-1
883	382	816	-6	2832	3552	189	882	-1
884	768	291	14	1141	2262	200	-1	885	-1
885	871	507	-14	853	1976	201	884	-1
886	506	560	18	1619	2869	229	-1	887	-1
887	714	402	-18	3946	4491	242	886	-1
888	999	576	19	2977	4151	232	-1	889	-1
889	891	347	-19	3807	4687	176	888	-1
890	960	449	5	665	1274	206	-1	891	-1
891	890	510	-5	2321	3715	222	890	-1
892	667	214	16	488	1565	136	-1	893	-1
893	815	176	-16	2537	3322	248	892	-1
894	77	545	8	1561	2859	155	-1	895	-1
895	349	557	-8	2282	3599	142	894	-1
896	107	204	8	700	1388	209	-1	897	-1
897	186	1	-8	3040	3912	179	896	-1
898	273	85	18	499	1304	132	-1	899	-1
899	280	268	-18	972	1620	128	898	-1
900	761	682	12	645	1885	122	-1	901	-1
901	990	820	-12	1499	2315	120	900	-1
902	668	3	8	2913	4402	228	-1	903	-1
903	711	250	-8	3711	4406	204	902	-1
904	68	810	11	3546	4229	226	-1	905	-1
905	12	833	-11	3601	4209	210	904	-1
906	997	910	16	2429	3833	128	-1	907	-1
907	734	908	-16	3652	4165	165	906	-1
908	396	780	16	1088	1943	154	-1	909	-1
909	484	764	-16	815	2213	237	908	-1
910	237	999	10	1256	2224	247	-1	911	-1
911	466	865	-10	1840	3241	213	910	-1
912	616	851	10	1972	3360	147	-1	913	-1
913	497	702	-10	2629	3435	159	912	-1
914	855	969	7	1711	2924	106	-1	915	-1
915	762	911	-7	2856	4091	223	914	-1
916	941	948	14	2474	3345	234	-1	917	-1
917	921	874	-14	3773	4761	127	916	-1
918	489	126	9	3435	4557	132	-1	919	-1
919	384	325	-9	3271	4678	181	918	-1
920	968	747	11	1554	2820	113	-1	921	-1
921	890	815	-11	1751	3193	190	920	-1
922	700	953	9	685	1358	223	-1	923	-1
923	599	769	-9	3736	4313	130	922	-1
924	25	25	12	3700	4767	169	-1	925	-1
925	77	181	-12	3516	4326	228	924	-1
926	506	502	7	662	1798	156	-1	927	-1
927	540	440	-7	1392	2057	205	926	-1
928	896	197	6	943	1803	205	-1	929	-1
929	934	303	-6	707	1778	138	928	-1
930	475	560	9	960	1508	184	-1	931	-1
931	443	824	-9	1763	3091	152	930	-1
932	828	905	18	1365	2853	147	-1	933	-1
933	870	864	-18	3787	4632	134	932	-1
934	298	838	14	1887	3123	238	-1	935	-1
935	351	851	-14	2681	3990	101	934	-1
936	263	943	19	2948	3498	242	-1	937	-1
937	140	936	-19	3277	4447	130	936	-1
938	55	539	18	2059	3203	186	-1	939	-1
939	325	539	-18	3792	4810	159	938	-1
940	110	584	16	3092	3725	133	-1	941	-1
941	305	504	-16	2463	3592	102	940	-1
942	514	858	13	2428	3926	249	-1	943	-1
943	709	952	-13	2710	3376	174	942	-1
944	517	127	9	1458	2264	113	-1	945	-1
945	304	29	-9	3390	4662	206	944	-1
946	768	591	17	3113	4516	108	-1	947	-1
947	803	779	-17	2668	4155	183	946	-1
948	190	492	16	1989	2774	239	-1	949	-1
949	415	454	-16	2261	3361	108	948	-1
950	330	247	9	1821	2593	142	-1	951	-1
951	123	320	-9	3161	4213	195	950	-1
952	629	541	11	144	1534	198	-1	953	-1
953	540	712	-11	2234	3330	211	952	-1
954	147	657	13	2285	2863	142	-1	955	-1
955	40	700	-13	2841	3708	184	954	-1
956	288	769	7	773	1441	200	-1	957	-1
957	349	590	-7	1710	2842	173	956	-1
958	124	530	13	2202	3606	206	-1	959	-1
959	90	756	-13	3512	4391	132	958	-1
960	312	437	12	571	1579	210	-1	961	-1
961	274	361	-12	1756	2346	139	960	-1
962	989	47	13	3855	4412	145	-1	963	-1
963	800	103	-13	4063	4896	106	962	-1
964	920	165	6	3878	4796	135	-1	965	-1
965	720	34	-6	3839	4546	111	964	-1
966	823	831	10	826	1751	100	-1	967	-1
967	885	581	-10	1143	2443	136	966	-1
968	167	810	12	559	1369	101	-1	969	-1
969	364	695	-12	1922	2992	159	968	-1
970	387	533	17	666	1981	185	-1	971	-1
971	346	399	-17	3484	4743	115	970	-1
972	553	970	14	52	655	143	-1	973	-1
973	646	869	-14	6	1478	223	972	-1
974	386	525	8	2567	3435	172	-1	975	-1
975	609	619	-8	3648	4263	184	974	-1
976	892	483	19	663	1817	100	-1	977	-1
977	992	491	-19	1078	2504	120	976	-1
978	473	854	16	2223	3563	180	-1	979	-1
979	266	828	-16	1991	3374	157	978	-1
980	288	331	13	3566	4541	142	-1	981	-1
981	262	90	-13	3689	4616	160	980	-1
982	991	137	16	3065	3704	190	-1	983	-1
983	772	227	-16	2809	4011	177	982	-1
984	510	563	17	2502	3268	136	-1	985	-1
985	383	489	-17	2662	3364	200	984	-1
986	67	960	15	1839	2732	162	-1	987	-1
987	90	922	-15	1505	2480	178	986	-1
988	317	395	15	678	1855	235	-1	989	-1
989	589	464	-15	3778	4387	217	988	-1
990	4	915	14	1101	1725	221	-1	991	-1
991	201	775	-14	3692	4257	226	990	-1
992	102	885	10	18	788	177	-1	993	-1
993	36	696	-10	34	714	237	992	-1
994	162	947	7	2136	3102	182	-1	995	-1
995	163	758	-7	1954	3433	217	994	-1
996	757	866	17	1850	2619	174	-1	997	-1
997	766	965	-17	3627	4584	242	996	-1
998	594	141	17	1292	2265	131	-1	999	-1
999	823	292	-17	934	2345	117	998	-1
0	758	743	859	764	50	0	5000
1	889	262	928	147	50	0	5000
2	674	922	620	763	50	0	5000
3	980	606	683	679	50	0	5000
4	995	846	647	960	50	0	5000
5	411	51	644	154	50	0	5000
6	554	435	470	290	50	0	5000
7	884	980	691	802	50	0	5000
8	785	323	832	583	50	0	5000
9	966	256	976	13	50	0	5000
10	21	942	190	813	50	0	5000
11	710	257	913	183	50	0	5000
12	133	755	323	894	50	0	5000
13	648	795	866	459	50	0	5000
14	493	628	177	785	50	0	5000
15	42	534	234	889	50	0	5000
16	756	250	511	156	50	0	5000
17	509	820	593	869	50	0	5000
18	971	59	926	337	50	0	5000
19	151	653	295	461	50	0	5000
20	936	26	773	270	50	0	5000
21	327	174	198	0	50	0	5000
22	31	83	335	87	50	0	5000
23	624	798	569	978	50	0	5000
24	687	778	875	649	50	0	5000
25	357	563	682	520	50	0	5000
26	616	318	625	281	50	0	5000
27	81	541	266	340	50	0	5000
28	390	286	739	61	50	0	5000
29	565	539	547	453	50	0	5000
30	651	581	723	973	50	0	5000
31	79	266	393	545	50	0	5000
32	107	702	346	932	50	0	5000
33	902	951	900	714	50	0	5000
34	308	650	462	932	50	0	5000
35	908	939	953	823	50	0	5000
36	951	698	784	573	50	0	5000
37	191	36	203	105	50	0	5000
38	263	733	40	678	50	0	5000
39	604	616	836	623	50	0	5000
40	293	393	119	58	50	0	5000
41	140	394	177	127	50	0	5000
42	808	81	782	255	50	0	5000
43	391	171	520	272	50	0	5000
44	873	442	992	767	50	0	5000
45	852	785	612	899	50	0	5000
46	128	4	451	87	50	0	5000
47	98	55	41	46	50	0	5000
48	243	562	467	770	50	0	5000
49	156	166	393	200	50	0	5000
50	674	893	792	920	50	0	5000
51	743	82	738	114	50	0	5000
52	57	509	65	506	50	0	5000
53	679	867	871	752	50	0	5000
54	720	198	422	140	50	0	5000
55	334	139	559	85	50	0	5000
56	432	826	761	771	50	0	5000
57	178	917	11	858	50	0	5000
58	662	554	409	884	50	0	5000
59	330	818	157	440	50	0	5000
60	386	128	504	353	50	0	5000
61	773	709	829	787	50	0	5000
62	758	114	908	206	50	0	5000
63	319	345	380	299	50	0	5000
64	702	32	656	1	50	0	5000
65	923	254	661	419	50	0	5000
66	688	848	825	828	50	0	5000
67	949	617	968	596	50	0	5000
68	415	780	240	539	50	0	5000
69	588	26	180	95	50	0	5000
70	141	241	314	574	50	0	5000
71	424	123	609	428	50	0	5000
72	289	547	480	245	50	0	5000
73	520	158	309	235	50	0	5000
74	10	144	96	432	50	0	5000
75	807	79	927	134	50	0	5000
76	669	872	470	505	50	0	5000
77	876	309	824	104	50	0	5000
78	193	335	40	489	50	0	5000
79	273	433	478	607	50	0	5000
80	623	145	451	167	50	0	5000
81	339	250	540	242	50	0	5000
82	805	169	585	336	50	0	5000
83	661	375	513	130	50	0	5000
84	368	297	751	180	50	0	5000
85	388	243	611	150	50	0	5000
86	85	478	221	791	50	0	5000
87	816	560	735	649	50	0	5000
88	426	662	708	384	50	0	5000
89	572	957	811	923	50	0	5000
90	514	179	521	411	50	0	5000
91	875	698	855	673	50	0	5000
92	380	758	641	448	50	0	5000
93	528	212	503	18	50	0	5000
94	871	233	829	653	50	0	5000
95	64	298	398	394	50	0	5000
96	68	754	267	397	50	0	5000
97	281	200	200	89	50	0	5000
98	789	334	976	404	50	0	5000
99	763	651	944	349	50	0	5000
100	467	842	829	891	50	0	5000
101	875	516	464	622	50	0	5000
102	566	121	237	59	50	0	5000
103	742	320	562	622	50	0	5000
104	657	400	277	270	50	0	5000
105	327	639	469	870	50	0	5000
106	433	928	707	980	50	0	5000
107	733	463	368	676	50	0	5000
108	256	79	266	189	50	0	5000
109	869	41	866	79	50	0	5000
110	562	867	609	906	50	0	5000
111	942	602	992	390	50	0	5000
112	121	836	168	956	50	0	5000
113	360	644	526	297	50	0	5000
114	433	95	120	221	50	0	5000
115	15	45	241	261	50	0	5000
116	829	314	699	171	50	0	5000
117	950	533	582	695	50	0	5000
118	293	947	521	865	50	0	5000
119	494	217	808	470	50	0	5000
120	42	906	324	871	50	0	5000
121	180	468	492	221	50	0	5000
122	454	817	205	787	50	0	5000
123	334	555	556	834	50	0	5000
124	930	445	937	308	50	0	5000
125	732	228	806	255	50	0	5000
126	9	187	187	267	50	0	5000
127	53	48	159	255	50	0	5000
128	438	687	850	724	50	0	5000
129	627	828	631	842	50	0	5000
130	770	55	696	77	50	0	5000
131	83	62	140	93	50	0	5000
132	500	150	222	439	50	0	5000
133	283	614	277	316	50	0	5000
134	143	749	64	742	50	0	5000
135	631	798	353	876	50	0	5000
136	252	953	229	725	50	0	5000
137	197	266	197	47	50	0	5000
138	928	443	860	819	50	0	5000
139	151	768	306	843	50	0	5000
140	205	950	506	965	50	0	5000
141	183	717	408	998	50	0	5000
142	962	859	753	890	50	0	5000
143	135	667	66	503	50	0	5000
144	164	329	386	240	50	0	5000
145	821	745	924	997	50	0	5000
146	458	43	34	64	50	0	5000
147	957	740	871	473	50	0	5000
148	24	731	224	373	50	0	5000
149	677	908	889	894	50	0	5000
