100	30	1	1	100000
0	419	222	12	577	1867	217	-1	1	-1
1	420	96	-12	3141	4579	113	0	-1
2	105	175	8	1457	2304	144	-1	3	-1
3	80	145	-8	1277	2472	246	2	-1
4	607	485	13	3891	4749	227	-1	5	-1
5	691	750	-13	4030	4573	124	4	-1
6	772	215	10	1702	2809	167	-1	7	11	2	4	6	8	11	14	16	17	19	23	26
7	787	225	-10	3184	4489	177	6	-1
8	619	494	9	643	1373	237	-1	9	14	0	2	5	6	9	14	16	18	19	21	22	25	28	29
9	784	639	-9	1906	3401	233	8	-1
10	416	97	10	2667	3466	221	-1	11	17	1	3	5	6	7	8	9	12	13	17	18	20	21	23	24	26	28
11	419	98	-10	2883	3577	205	10	-1
12	481	778	7	712	1506	184	-1	13	14	2	4	6	11	12	13	14	15	17	18	21	22	24	27
13	384	913	-7	586	1821	202	12	-1
14	79	175	7	342	1736	204	-1	15	10	1	2	9	11	14	18	20	22	23	28
15	87	172	-7	146	1336	211	14	-1
16	401	173	5	442	1485	165	-1	17	13	0	1	2	10	12	13	14	17	19	22	24	25	28
17	354	62	-5	340	1051	213	16	-1
18	745	735	15	947	1881	233	-1	19	9	1	4	6	7	9	10	16	19	26
19	688	797	-15	2113	3364	180	18	-1
20	934	685	11	2843	4145	154	-1	21	-1
21	874	536	-11	3294	4006	185	20	-1
22	783	283	5	2473	3201	204	-1	23	14	0	1	2	3	9	10	12	13	15	17	21	22	27	28
23	621	486	-5	3850	4980	163	22	-1
24	412	220	5	3647	4703	133	-1	25	-1
25	431	302	-5	4416	4975	245	24	-1
26	404	827	11	2664	4079	220	-1	27	-1
27	485	820	-11	3051	3942	137	26	-1
28	65	95	11	2873	4360	155	-1	29	-1
29	72	166	-11	2894	3617	100	28	-1
30	359	950	17	218	1033	109	-1	31	13	0	1	5	7	8	10	11	15	16	17	18	19	22
31	443	779	-17	436	1644	136	30	-1
32	484	831	9	982	2092	161	-1	33	-1
33	744	735	-9	1940	2763	142	32	-1
34	477	826	16	119	1513	218	-1	35	13	1	2	3	5	6	8	10	11	12	13	14	17	29
35	697	742	-16	1275	2439	204	34	-1
36	484	833	7	2904	3954	120	-1	37	-1
37	738	720	-7	3667	4971	235	36	-1
38	748	742	10	576	1109	211	-1	39	-1
39	748	742	-10	2393	3880	101	38	-1
40	743	729	19	1706	2731	192	-1	41	-1
41	932	622	-19	3260	4419	126	40	-1
42	404	75	18	3897	4671	122	-1	43	-1
43	415	227	-18	4053	4906	225	42	-1
44	71	191	13	117	1121	100	-1	45	-1
45	136	251	-13	1168	2072	212	44	-1
46	931	622	10	1700	2959	122	-1	47	17	2	4	5	7	9	11	12	14	16	18	19	21	22	23	25	28	29
47	932	623	-10	586	2063	203	46	-1
48	752	759	14	772	1856	137	-1	49	-1
49	744	733	-14	418	1121	151	48	-1
50	386	908	7	1302	2623	180	-1	51	-1
51	386	908	-7	1626	2652	105	50	-1
52	727	730	8	1540	2857	153	-1	53	11	1	3	7	8	9	11	14	15	20	22	25
53	922	614	-8	1813	3233	162	52	-1
54	631	491	12	2816	3344	137	-1	55	-1
55	744	738	-12	3450	4858	157	54	-1
56	770	218	17	2110	3456	106	-1	57	-1
57	813	196	-17	1331	2751	246	56	-1
58	380	900	14	370	1186	127	-1	59	12	1	2	4	12	13	14	16	17	23	24	25	29
59	389	907	-14	1613	2596	151	58	-1
60	744	734	12	258	1325	209	-1	61	9	2	5	7	8	10	12	13	21	26
61	640	552	-12	1149	2205	238	60	-1
62	779	710	18	3038	4446	114	-1	63	9	6	11	13	14	15	16	17	22	28
63	950	727	-18	3977	4806	154	62	-1
64	368	209	6	2148	2979	245	-1	65	-1
65	415	218	-6	2719	3763	100	64	-1
66	928	729	18	2004	3082	233	-1	67	-1
67	936	626	-18	3681	4624	108	66	-1
68	416	98	18	2813	3600	173	-1	69	13	2	4	5	6	9	12	15	16	17	19	25	26	28
69	489	112	-18	3682	4231	107	68	-1
70	924	731	17	849	2156	167	-1	71	-1
71	746	735	-17	2809	3394	108	70	-1
72	757	204	14	2839	3568	169	-1	73	-1
73	609	432	-14	3824	4348	166	72	-1
74	465	827	12	373	1438	176	-1	75	17	1	2	3	5	6	7	8	9	10	13	17	19	20	21	24	25	26
75	392	919	-12	2519	3513	181	74	-1
76	385	912	11	1746	2352	143	-1	77	-1
77	386	908	-11	1377	2791	156	76	-1
78	778	204	12	1981	2983	232	-1	79	-1
79	658	451	-12	2894	3821	128	78	-1
80	448	905	16	1712	2751	113	-1	81	17	0	2	4	6	8	9	10	15	16	17	18	19	22	23	25	26	27
81	412	908	-16	3998	4505	201	80	-1
82	409	219	20	2681	4146	145	-1	83	-1
83	409	220	-20	2016	3047	100	82	-1
84	483	833	18	393	911	187	-1	85	14	0	2	3	5	6	14	15	16	17	19	20	23	24	29
85	485	848	-18	358	1721	142	84	-1
86	777	211	17	222	1606	224	-1	87	13	1	2	4	8	9	11	12	15	17	20	23	25	29
87	774	208	-17	2094	3102	147	86	-1
88	409	219	18	2214	3635	151	-1	89	-1
89	411	231	-18	3121	3624	135	88	-1
90	386	912	11	308	1364	193	-1	91	-1
91	513	851	-11	3005	4374	124	90	-1
92	452	852	12	789	1417	210	-1	93	-1
93	496	838	-12	3856	4456	236	92	-1
94	407	219	14	3574	4298	104	-1	95	-1
95	409	219	-14	3194	4276	195	94	-1
96	379	92	5	2292	3150	141	-1	97	-1
97	405	219	-5	3563	4729	154	96	-1
98	609	487	17	3196	4309	156	-1	99	12	6	11	13	16	17	19	21	22	23	24	26	27
99	608	492	-17	2824	3959	249	98	-1
100	481	831	7	857	1948	140	-1	101	14	0	4	6	7	8	10	11	12	15	16	17	19	20	25
101	390	906	-7	3733	4629	187	100	-1
102	88	172	18	4018	4891	189	-1	103	-1
103	118	169	-18	3817	4588	101	102	-1
104	476	836	18	2066	2953	240	-1	105	13	1	5	6	8	12	14	18	19	21	24	25	27	29
105	382	911	-18	3258	3868	191	104	-1
106	485	128	12	1008	2215	232	-1	107	-1
107	383	201	-12	573	1967	120	106	-1
108	801	625	13	714	1516	143	-1	109	13	2	5	7	8	9	10	12	14	19	21	22	23	24
109	744	734	-13	3952	4802	177	108	-1
110	745	731	6	920	1791	122	-1	111	17	3	5	6	7	9	10	11	12	13	14	16	17	18	20	24	25	27
111	932	621	-6	2866	3662	123	110	-1
112	932	623	20	733	1374	218	-1	113	-1
113	744	730	-20	1654	2740	164	112	-1
114	418	98	18	956	1511	193	-1	115	16	1	2	3	5	8	9	11	12	19	20	21	22	23	25	27	29
115	432	210	-18	2910	3675	117	114	-1
116	479	828	8	1060	2140	139	-1	117	15	1	2	4	5	11	12	13	16	19	20	21	22	24	25	28
117	744	734	-8	2573	3364	100	116	-1
118	790	722	14	1975	2986	220	-1	119	17	0	5	7	8	9	11	13	14	16	17	19	20	22	24	25	27	28
119	909	636	-14	2906	3961	229	118	-1
120	743	724	19	2577	3382	211	-1	121	-1
121	722	771	-19	3169	4080	165	120	-1
122	135	231	18	1586	2669	114	-1	123	13	5	6	9	11	12	13	17	18	19	21	24	25	27
123	406	253	-18	3488	4235	204	122	-1
124	353	265	9	491	1121	171	-1	125	9	7	9	13	15	17	19	22	27	28
125	101	196	-9	535	1593	157	124	-1
126	417	206	15	684	1576	198	-1	127	-1
127	166	151	-15	3192	4632	119	126	-1
128	88	171	14	2031	2682	101	-1	129	-1
129	60	186	-14	1590	2529	144	128	-1
130	804	132	15	9	1468	107	-1	131	-1
131	780	199	-15	2111	2838	173	130	-1
132	514	855	18	3084	3677	198	-1	133	10	2	4	5	6	10	16	17	21	26	27
133	386	909	-18	2801	3663	237	132	-1
134	593	526	13	1032	2278	202	-1	135	13	1	2	4	5	8	11	17	18	19	22	27	28	29
135	617	471	-13	3553	4569	241	134	-1
136	774	208	5	422	1338	151	-1	137	14	1	2	3	6	8	12	15	19	22	23	24	26	27	28
137	774	208	-5	466	1935	141	136	-1
138	494	822	19	2749	4200	109	-1	139	-1
139	383	908	-19	3892	4422	180	138	-1
140	460	837	10	293	1294	127	-1	141	12	0	6	7	8	9	14	15	18	21	26	27	28
141	674	692	-10	1770	3095	134	140	-1
142	938	640	15	77	1313	223	-1	143	12	6	9	11	13	15	17	18	19	21	23	26	27
143	760	727	-15	1711	2873	178	142	-1
144	409	221	19	1466	2565	228	-1	145	9	14	15	17	19	20	21	22	25	28
145	445	107	-19	3589	4159	113	144	-1
146	928	627	16	1804	3133	106	-1	147	11	0	1	2	6	11	13	14	15	22	27	28
147	737	747	-16	1364	2768	153	146	-1
148	952	639	14	1328	1888	115	-1	149	-1
149	706	745	-14	1867	2416	215	148	-1
150	604	494	14	1067	1831	224	-1	151	-1
151	510	251	-14	1007	2475	175	150	-1
152	86	170	18	1216	2114	149	-1	153	11	2	3	6	7	8	16	17	18	20	26	29
153	88	171	-18	3040	3786	247	152	-1
154	410	219	19	3365	4561	228	-1	155	11	0	7	8	9	10	14	17	21	22	26	28
155	435	241	-19	2531	3823	165	154	-1
156	399	216	6	2928	4176	236	-1	157	-1
157	332	190	-6	3233	3795	247	156	-1
158	420	222	11	885	1486	185	-1	159	-1
159	432	202	-11	4061	4881	156	158	-1
160	743	734	11	3866	4566	224	-1	161	-1
161	614	504	-11	3271	4664	101	160	-1
162	386	908	12	243	1477	114	-1	163	10	3	4	5	6	8	11	18	19	21	23
163	476	801	-12	1891	3385	165	162	-1
164	87	163	14	86	895	232	-1	165	9	3	11	12	14	18	20	21	26	28
165	88	171	-14	1072	2451	111	164	-1
166	484	831	15	2726	3863	130	-1	167	-1
167	361	906	-15	2954	3786	175	166	-1
168	398	942	9	118	1617	155	-1	169	-1
169	444	790	-9	2847	3965	134	168	-1
170	483	831	12	1818	2704	234	-1	171	-1
171	414	930	-12	3348	4429	211	170	-1
172	409	218	10	116	657	175	-1	173	10	2	4	5	7	12	17	19	24	25	26
173	420	310	-10	3816	4364	130	172	-1
174	488	827	15	705	1993	125	-1	175	-1
175	386	908	-15	1955	3244	151	174	-1
176	923	728	18	501	1328	223	-1	177	-1
177	681	783	-18	1213	2125	153	176	-1
178	891	775	17	315	1025	215	-1	179	13	1	2	4	5	8	9	11	13	14	17	20	22	29
179	932	623	-17	2323	3055	107	178	-1
180	746	750	6	2707	4074	189	-1	181	17	0	1	2	3	6	7	10	11	12	15	16	18	22	23	24	25	28
181	738	753	-6	4222	4770	224	180	-1
182	459	854	10	1386	2511	152	-1	183	14	1	2	3	5	6	13	14	16	17	19	21	24	26	28
183	466	786	-10	2847	3594	169	182	-1
184	405	832	13	1563	2715	156	-1	185	14	2	3	4	5	9	10	11	13	16	17	20	24	25	28
185	386	909	-13	2077	3282	146	184	-1
186	371	890	9	1313	2070	201	-1	187	-1
187	386	908	-9	3631	4822	244	186	-1
188	357	135	17	854	1664	114	-1	189	-1
189	88	171	-17	503	1901	212	188	-1
190	749	178	8	2116	3601	199	-1	191	11	5	11	14	16	17	18	19	20	21	24	29
191	775	209	-8	3898	4662	231	190	-1
192	932	623	14	2729	3796	109	-1	193	13	1	3	8	10	11	15	16	21	22	23	25	27	28
193	745	734	-14	3162	4567	234	192	-1
194	374	281	18	465	1955	111	-1	195	-1
195	432	47	-18	2382	3851	120	194	-1
196	931	621	19	2377	3211	132	-1	197	-1
197	924	626	-19	1708	2893	159	196	-1
198	608	482	15	2679	3463	236	-1	199	11	1	3	10	12	14	15	18	19	20	24	25
199	741	723	-15	3034	4501	120	198	-1
0	653	635	857	882	50	0	5000
1	830	292	857	51	50	0	5000
2	952	287	935	14	50	0	5000
3	667	782	801	750	50	0	5000
4	836	343	462	377	50	0	5000
5	767	409	741	514	50	0	5000
6	764	679	677	685	50	0	5000
7	368	956	541	654	50	0	5000
8	227	566	580	716	50	0	5000
9	513	83	459	393	50	0	5000
10	174	525	69	730	50	0	5000
11	365	320	637	526	50	0	5000
12	770	519	592	204	50	0	5000
13	914	540	742	619	50	0	5000
14	845	491	782	874	50	0	5000
15	864	650	664	620	50	0	5000
16	289	603	455	464	50	0	5000
17	549	459	281	702	50	0	5000
18	486	503	203	731	50	0	5000
19	563	229	583	614	50	0	5000
20	776	241	900	590	50	0	5000
21	615	870	756	509	50	0	5000
22	443	514	404	833	50	0	5000
23	543	73	602	96	50	0	5000
24	367	392	168	534	50	0	5000
25	958	731	991	577	50	0	5000
26	414	249	337	155	50	0	5000
27	603	733	855	628	50	0	5000
28	373	600	2	655	50	0	5000
29	983	349	916	487	50	0	5000
