50	15	1	1	100000
0	478	217	9	327	1032	227	-1	1	-1
1	337	182	-9	1912	3105	203	0	-1
2	505	121	18	347	1021	173	-1	3	7	1	6	7	8	9	11	12
3	506	119	-18	1038	2202	115	2	-1
4	993	209	15	262	1013	142	-1	5	-1
5	994	207	-15	2003	2580	215	4	-1
6	543	581	12	1227	1826	218	-1	7	8	3	4	6	7	8	11	12	13
7	540	584	-12	411	1795	154	6	-1
8	469	156	15	1792	2789	185	-1	9	-1
9	300	117	-15	1596	2576	137	8	-1
10	321	178	14	1124	1630	165	-1	11	4	4	6	7	8
11	306	130	-14	2996	4097	125	10	-1
12	923	112	19	3335	4323	199	-1	13	6	1	2	5	6	11	13
13	971	144	-19	3635	4303	228	12	-1
14	511	120	6	2205	3392	243	-1	15	6	4	5	6	7	8	9
15	504	117	-6	2987	4050	105	14	-1
16	319	179	13	2556	3925	166	-1	17	-1
17	334	173	-13	3088	4368	174	16	-1
18	16	53	10	22	991	158	-1	19	5	1	6	9	11	13
19	3	54	-10	1912	3404	168	18	-1
20	506	118	13	327	1428	249	-1	21	-1
21	504	120	-13	3119	4256	141	20	-1
22	520	599	10	1468	2678	108	-1	23	6	3	5	6	8	10	13
23	535	588	-10	2631	3342	143	22	-1
24	941	241	7	905	2304	138	-1	25	-1
25	921	268	-7	875	2227	213	24	-1
26	81	162	19	1500	2752	196	-1	27	-1
27	339	141	-19	829	2131	104	26	-1
28	294	403	18	1513	2941	192	-1	29	-1
29	331	186	-18	3574	4843	110	28	-1
30	498	250	18	804	1634	166	-1	31	5	3	5	7	9	13
31	520	115	-18	1913	2695	229	30	-1
32	78	162	12	54	701	239	-1	33	6	0	1	2	4	5	13
33	307	185	-12	1617	2799	187	32	-1
34	551	925	9	576	2073	116	-1	35	5	4	6	7	10	11
35	552	924	-9	2638	4105	112	34	-1
36	254	415	9	1246	2241	135	-1	37	-1
37	314	386	-9	3152	4173	214	36	-1
38	41	100	12	574	1821	237	-1	39	5	4	7	10	11	13
39	81	161	-12	585	1808	184	38	-1
40	986	207	6	912	1792	114	-1	41	6	5	6	7	10	13	14
41	993	170	-6	2984	3572	247	40	-1
42	301	116	7	1197	2692	183	-1	43	-1
43	315	185	-7	1213	2555	154	42	-1
44	302	93	7	3666	4792	212	-1	45	-1
45	518	118	-7	3370	4242	113	44	-1
46	334	394	11	71	1445	145	-1	47	-1
47	533	579	-11	1503	2730	142	46	-1
48	541	574	7	1973	3363	132	-1	49	7	1	3	7	9	10	12	14
49	531	589	-7	2143	2735	248	48	-1
50	307	157	20	3032	3620	116	-1	51	8	1	3	4	6	7	10	12	13
51	318	224	-20	2557	4026	229	50	-1
52	69	212	16	2623	3298	218	-1	53	7	1	2	3	6	10	12	13
53	69	55	-16	2784	3613	182	52	-1
54	38	27	19	1484	2215	142	-1	55	8	0	2	4	7	8	9	10	11
55	301	117	-19	2390	3370	247	54	-1
56	556	919	8	3612	4222	172	-1	57	-1
57	561	910	-8	3196	4040	231	56	-1
58	493	137	14	321	1799	248	-1	59	-1
59	300	116	-14	1857	3276	105	58	-1
60	534	583	14	711	1387	199	-1	61	4	3	8	9	13
61	340	395	-14	632	1417	172	60	-1
62	277	399	13	507	1392	176	-1	63	-1
63	327	174	-13	1603	2748	142	62	-1
64	928	141	17	444	1444	207	-1	65	4	3	5	6	7
65	927	212	-17	2016	2859	204	64	-1
66	307	393	13	2138	3427	148	-1	67	7	1	2	4	6	7	8	10
67	300	120	-13	3540	4370	238	66	-1
68	498	115	12	916	2199	144	-1	69	7	1	3	10	11	12	13	14
69	321	172	-12	2629	3992	102	68	-1
70	539	581	12	2002	2751	216	-1	71	-1
71	537	583	-12	2933	4288	111	70	-1
72	7	77	5	1554	2305	175	-1	73	4	6	8	12	14
73	76	162	-5	1823	3309	119	72	-1
74	552	924	7	337	1377	204	-1	75	-1
75	541	859	-7	2346	2966	134	74	-1
76	77	157	16	2627	3873	142	-1	77	-1
77	76	169	-16	3211	4317	170	76	-1
78	298	400	19	834	2026	215	-1	79	-1
79	496	207	-19	1301	2196	237	78	-1
80	67	210	13	5	947	241	-1	81	6	0	2	3	5	8	9
81	235	403	-13	1759	2635	182	80	-1
82	505	203	6	2250	3407	148	-1	83	-1
83	558	172	-6	2233	3110	150	82	-1
84	374	175	14	1735	3159	189	-1	85	7	0	1	3	4	6	8	13
85	318	347	-14	1746	2618	156	84	-1
86	983	212	13	2102	2860	240	-1	87	-1
87	984	208	-13	3010	3669	156	86	-1
88	98	185	14	3160	4250	234	-1	89	-1
89	74	165	-14	3115	3662	216	88	-1
90	76	162	13	421	1657	142	-1	91	-1
91	300	116	-13	3656	4903	130	90	-1
92	22	253	15	4053	4622	235	-1	93	-1
93	79	160	-15	3538	4822	218	92	-1
94	535	144	14	1280	2676	185	-1	95	-1
95	430	235	-14	2780	3889	159	94	-1
96	299	120	11	243	1255	141	-1	97	7	1	2	5	7	10	11	12
97	322	162	-11	3313	3916	193	96	-1
98	546	138	5	557	1644	118	-1	99	5	2	6	7	11	14
99	319	171	-5	3476	4489	207	98	-1
0	540	223	540	223	50	0	5000
1	904	891	904	891	50	0	5000
2	234	408	234	408	50	0	5000
3	947	277	947	277	50	0	5000
4	641	529	641	529	50	0	5000
5	540	223	540	223	50	0	5000
6	904	891	904	891	50	0	5000
7	234	408	234	408	50	0	5000
8	947	277	947	277	50	0	5000
9	641	529	641	529	50	0	5000
10	540	223	540	223	50	0	5000
11	904	891	904	891	50	0	5000
12	234	408	234	408	50	0	5000
13	947	277	947	277	50	0	5000
14	641	529	641	529	50	0	5000
